 -0.01861		  0.00904
 -0.02976		  0.02900
 -0.01937		  0.03694
 -0.00719		  0.04121
  0.00556		  0.04149
  0.01760		  0.03789
  0.02782		  0.03087
  0.03528		  0.02124
  0.03939		  0.01001
  0.03990		 -0.00171
  0.03692		 -0.01278
  0.03090		 -0.02220
  0.02257		 -0.02918
  0.01281		 -0.03321
  0.00263		 -0.03410
 -0.00702		 -0.03196
 -0.01526		 -0.02720
 -0.02144		 -0.02045
 -0.02514		 -0.01247
 -0.02619		 -0.00412
 -0.02474		  0.00380
 -0.02112		  0.01058
 -0.01585		  0.01570
 -0.00958		  0.01881
 -0.00300		  0.01982
  0.00327		  0.01883
  0.00866		  0.01612
  0.01277		  0.01213
  0.01536		  0.00735
  0.01637		  0.00228
  0.01587		 -0.00258
  0.01409		 -0.00685
  0.01135		 -0.01024
  0.00799		 -0.01258
  0.00436		 -0.01385
  0.00078		 -0.01411
 -0.00250		 -0.01350
 -0.00533		 -0.01222
 -0.00761		 -0.01047
 -0.00932		 -0.00845
 -0.01051		 -0.00629
 -0.01126		 -0.00411
 -0.01162		 -0.00197
 -0.01165		  0.00012
 -0.01139		  0.00217
 -0.01084		  0.00416
 -0.00998		  0.00610
 -0.00876		  0.00795
 -0.00712		  0.00963
 -0.00508		  0.01103
 -0.00264		  0.01200
  0.00011		  0.01241
  0.00303		  0.01210
  0.00590		  0.01102
  0.00850		  0.00912
  0.01055		  0.00647
  0.01181		  0.00322
  0.01209		 -0.00038
  0.01125		 -0.00402
  0.00928		 -0.00734
  0.00628		 -0.00997
  0.00247		 -0.01158
 -0.00180		 -0.01193
 -0.00612		 -0.01086
 -0.01002		 -0.00837
 -0.01305		 -0.00462
 -0.01480		  0.00010
 -0.01498		  0.00536
 -0.01344		  0.01063
 -0.01019		  0.01537
 -0.00543		  0.01904
  0.00045		  0.02116
  0.00696		  0.02142
  0.01349		  0.01964
  0.01940		  0.01586
  0.02408		  0.01034
  0.02700		  0.00349
  0.02780		 -0.00411
  0.02632		 -0.01178
  0.02260		 -0.01881
  0.01692		 -0.02453
  0.00974		 -0.02840
  0.00170		 -0.03002
 -0.00650		 -0.02921
 -0.01410		 -0.02603
 -0.02041		 -0.02077
 -0.02485		 -0.01392
 -0.02702		 -0.00613
 -0.02674		  0.00186
 -0.02409		  0.00928
 -0.01935		  0.01545
 -0.01304		  0.01977
 -0.00581		  0.02186
  0.00159		  0.02157
  0.00841		  0.01896
  0.01395		  0.01436
  0.01767		  0.00826
  0.01918		  0.00134
  0.01836		 -0.00567
  0.01530		 -0.01202
  0.01033		 -0.01705
  0.00395		 -0.02022
 -0.00316		 -0.02118
 -0.01029		 -0.01983
 -0.01670		 -0.01626
 -0.02174		 -0.01080
 -0.02490		 -0.00399
 -0.02585		  0.00355
 -0.02448		  0.01110
 -0.02090		  0.01796
 -0.01543		  0.02349
 -0.00857		  0.02719
 -0.00092		  0.02876
  0.00683		  0.02805
  0.01401		  0.02519
  0.02003		  0.02043
  0.02441		  0.01425
  0.02682		  0.00719
  0.02713		 -0.00012
  0.02540		 -0.00707
  0.02188		 -0.01309
  0.01695		 -0.01775
  0.01107		 -0.02071
  0.00481		 -0.02184
 -0.00129		 -0.02117
 -0.00672		 -0.01885
 -0.01108		 -0.01521
 -0.01406		 -0.01065
 -0.01551		 -0.00561
 -0.01541		 -0.00059
 -0.01386		  0.00400
 -0.01112		  0.00775
 -0.00750		  0.01041
 -0.00336		  0.01180
  0.00088		  0.01185
  0.00485		  0.01063
  0.00820		  0.00830
  0.01067		  0.00509
  0.01205		  0.00132
  0.01224		 -0.00271
  0.01123		 -0.00663
  0.00910		 -0.01012
  0.00604		 -0.01289
  0.00225		 -0.01472
 -0.00199		 -0.01543
 -0.00635		 -0.01495
 -0.01051		 -0.01326
 -0.01416		 -0.01045
 -0.01700		 -0.00667
 -0.01880		 -0.00216
 -0.01935		  0.00280
 -0.01857		  0.00787
 -0.01642		  0.01269
 -0.01300		  0.01689
 -0.00849		  0.02013
 -0.00314		  0.02212
  0.00269		  0.02265
  0.00860		  0.02157
  0.01412		  0.01891
  0.01883		  0.01478
  0.02232		  0.00941
  0.02426		  0.00318
  0.02440		 -0.00345
  0.02268		 -0.00997
  0.01916		 -0.01583
  0.01405		 -0.02052
  0.00774		 -0.02360
  0.00075		 -0.02475
 -0.00634		 -0.02380
 -0.01291		 -0.02079
 -0.01832		 -0.01592
 -0.02206		 -0.00960
 -0.02372		 -0.00239
 -0.02307		  0.00505
 -0.02014		  0.01198
 -0.01514		  0.01771
 -0.00851		  0.02162
 -0.00089		  0.02326
  0.00699		  0.02236
  0.01429		  0.01894
  0.02023		  0.01325
  0.02413		  0.00579
  0.02545		 -0.00274
  0.02395		 -0.01148
  0.01963		 -0.01951
  0.01278		 -0.02595
  0.00399		 -0.03003
 -0.00594		 -0.03119
 -0.01606		 -0.02914
 -0.02532		 -0.02391
 -0.03276		 -0.01584
 -0.03751		 -0.00560
 -0.03897		  0.00591
 -0.03683		  0.01762
 -0.03112		  0.02841
 -0.02226		  0.03717
 -0.01096		  0.04300
  0.00178		  0.04521
  0.01478		  0.04351
  0.02682		  0.03792
  0.03675		  0.02891
  0.04356		  0.01725
  0.04655		  0.00402
  0.04542		 -0.00953
  0.04022		 -0.02209
  0.03144		 -0.03245
  0.01993		 -0.03958
  0.00685		 -0.04278
 -0.00652		 -0.04172
 -0.01879		 -0.03654
 -0.02873		 -0.02775
 -0.03528		 -0.01630
 -0.03778		 -0.00339
 -0.03592		  0.00962
 -0.02991		  0.02131
 -0.02034		  0.03041
 -0.00824		  0.03589
  0.00513		  0.03708
  0.01832		  0.03377
  0.02987		  0.02622
  0.03850		  0.01511
  0.04317		  0.00157
  0.04325		 -0.01307
  0.03859		 -0.02726
  0.02951		 -0.03953
  0.01681		 -0.04853
  0.00165		 -0.05325
 -0.01450		 -0.05310
 -0.03009		 -0.04794
 -0.04355		 -0.03818
 -0.05355		 -0.02466
 -0.05907		 -0.00863
 -0.05952		  0.00841
 -0.05483		  0.02483
 -0.04544		  0.03908
 -0.03224		  0.04981
 -0.01653		  0.05602
  0.00017		  0.05716
  0.01623		  0.05321
  0.03010		  0.04463
  0.04047		  0.03238
  0.04637		  0.01775
  0.04733		  0.00229
  0.04337		 -0.01239
  0.03502		 -0.02477
  0.02329		 -0.03361
  0.00949		 -0.03801
 -0.00482		 -0.03758
 -0.01807		 -0.03242
 -0.02878		 -0.02315
 -0.03576		 -0.01081
 -0.03822		  0.00323
 -0.03584		  0.01742
 -0.02882		  0.03019
 -0.01785		  0.04010
 -0.00404		  0.04604
  0.01121		  0.04726
  0.02633		  0.04355
  0.03975		  0.03516
  0.05008		  0.02287
  0.05624		  0.00780
  0.05757		 -0.00858
  0.05388		 -0.02473
  0.04550		 -0.03910
  0.03321		 -0.05034
  0.01818		 -0.05740
  0.00185		 -0.05967
 -0.01426		 -0.05703
 -0.02864		 -0.04981
 -0.04001		 -0.03884
 -0.04739		 -0.02525
 -0.05023		 -0.01044
 -0.04846		  0.00412
 -0.04245		  0.01701
 -0.03301		  0.02702
 -0.02127		  0.03329
 -0.00858		  0.03535
  0.00367		  0.03318
  0.01417		  0.02722
  0.02182		  0.01829
  0.02585		  0.00751
  0.02590		 -0.00382
  0.02204		 -0.01440
  0.01478		 -0.02297
  0.00494		 -0.02857
 -0.00633		 -0.03051
 -0.01779		 -0.02855
 -0.02816		 -0.02282
 -0.03629		 -0.01387
 -0.04127		 -0.00259
 -0.04252		  0.00992
 -0.03984		  0.02242
 -0.03342		  0.03370
 -0.02385		  0.04265
 -0.01199		  0.04843
  0.00107		  0.05050
  0.01413		  0.04872
  0.02605		  0.04329
  0.03578		  0.03479
  0.04255		  0.02405
  0.04587		  0.01209
  0.04562		  0.00004
  0.04203		 -0.01104
  0.03560		 -0.02022
  0.02715		 -0.02678
  0.01759		 -0.03032
  0.00796		 -0.03074
 -0.00080		 -0.02828
 -0.00787		 -0.02344
 -0.01263		 -0.01695
 -0.01476		 -0.00966
 -0.01423		 -0.00250
 -0.01129		  0.00370
 -0.00644		  0.00823
 -0.00038		  0.01057
  0.00611		  0.01051
  0.01219		  0.00805
  0.01710		  0.00347
  0.02023		 -0.00270
  0.02115		 -0.00982
  0.01967		 -0.01712
  0.01586		 -0.02383
  0.01002		 -0.02926
  0.00263		 -0.03284
 -0.00567		 -0.03418
 -0.01416		 -0.03314
 -0.02215		 -0.02977
 -0.02896		 -0.02433
 -0.03407		 -0.01727
 -0.03713		 -0.00918
 -0.03796		 -0.00068
 -0.03660		  0.00757
 -0.03325		  0.01499
 -0.02829		  0.02110
 -0.02219		  0.02555
 -0.01550		  0.02816
 -0.00876		  0.02892
 -0.00248		  0.02799
  0.00291		  0.02565
  0.00713		  0.02227
  0.00999		  0.01828
  0.01147		  0.01413
  0.01167		  0.01023
  0.01080		  0.00693
  0.00915		  0.00446
  0.00706		  0.00299
  0.00489		  0.00254
  0.00297		  0.00304
  0.00158		  0.00432
  0.00094		  0.00615
  0.00117		  0.00824
  0.00231		  0.01030
  0.00432		  0.01204
  0.00706		  0.01320
  0.01034		  0.01356
  0.01392		  0.01299
  0.01751		  0.01140
  0.02086		  0.00881
  0.02367		  0.00529
  0.02571		  0.00098
  0.02678		 -0.00392
  0.02674		 -0.00915
  0.02550		 -0.01444
  0.02306		 -0.01950
  0.01949		 -0.02403
  0.01491		 -0.02776
  0.00954		 -0.03045
  0.00364		 -0.03193
 -0.00250		 -0.03209
 -0.00854		 -0.03089
 -0.01416		 -0.02837
 -0.01903		 -0.02468
 -0.02288		 -0.02004
 -0.02551		 -0.01473
 -0.02678		 -0.00910
 -0.02667		 -0.00351
 -0.02524		  0.00167
 -0.02268		  0.00611
 -0.01924		  0.00952
 -0.01527		  0.01172
 -0.01115		  0.01263
 -0.00729		  0.01227
 -0.00404		  0.01081
 -0.00172		  0.00852
 -0.00055		  0.00573
 -0.00064		  0.00286
 -0.00194		  0.00034
 -0.00429		 -0.00141
 -0.00739		 -0.00207
 -0.01083		 -0.00141
 -0.01414		  0.00069
 -0.01686		  0.00415
 -0.01851		  0.00878
 -0.01871		  0.01420
 -0.01720		  0.01996
 -0.01389		  0.02550
 -0.00882		  0.03025
 -0.00226		  0.03368
  0.00538		  0.03534
  0.01358		  0.03491
  0.02168		  0.03226
  0.02905		  0.02744
  0.03506		  0.02071
  0.03919		  0.01251
  0.04105		  0.00342
  0.04047		 -0.00587
  0.03748		 -0.01466
  0.03230		 -0.02227
  0.02539		 -0.02811
  0.01733		 -0.03176
  0.00884		 -0.03300
  0.00063		 -0.03184
 -0.00659		 -0.02850
 -0.01223		 -0.02342
 -0.01584		 -0.01718
 -0.01722		 -0.01048
 -0.01636		 -0.00406
 -0.01350		  0.00140
 -0.00909		  0.00530
 -0.00372		  0.00724
  0.00190		  0.00702
  0.00703		  0.00468
  0.01100		  0.00049
  0.01323		 -0.00507
  0.01334		 -0.01137
  0.01117		 -0.01766
  0.00679		 -0.02320
  0.00053		 -0.02729
 -0.00711		 -0.02937
 -0.01542		 -0.02905
 -0.02365		 -0.02618
 -0.03100		 -0.02088
 -0.03675		 -0.01347
 -0.04032		 -0.00451
 -0.04130		  0.00528
 -0.03954		  0.01512
 -0.03515		  0.02419
 -0.02844		  0.03175
 -0.01998		  0.03719
 -0.01045		  0.04011
 -0.00066		  0.04032
  0.00861		  0.03790
  0.01663		  0.03316
  0.02278		  0.02661
  0.02666		  0.01891
  0.02810		  0.01081
  0.02715		  0.00306
  0.02409		 -0.00365
  0.01940		 -0.00876
  0.01370		 -0.01189
  0.00769		 -0.01290
  0.00203		 -0.01184
 -0.00261		 -0.00900
 -0.00576		 -0.00482
 -0.00710		  0.00009
 -0.00650		  0.00510
 -0.00406		  0.00957
 -0.00006		  0.01292
  0.00502		  0.01472
  0.01064		  0.01468
  0.01617		  0.01272
  0.02100		  0.00896
  0.02460		  0.00371
  0.02655		 -0.00259
  0.02661		 -0.00939
  0.02471		 -0.01609
  0.02096		 -0.02211
  0.01565		 -0.02695
  0.00921		 -0.03020
  0.00215		 -0.03163
 -0.00498		 -0.03116
 -0.01165		 -0.02887
 -0.01736		 -0.02503
 -0.02176		 -0.01998
 -0.02460		 -0.01419
 -0.02580		 -0.00813
 -0.02542		 -0.00227
 -0.02364		  0.00296
 -0.02076		  0.00724
 -0.01716		  0.01036
 -0.01321		  0.01224
 -0.00931		  0.01290
 -0.00579		  0.01250
 -0.00290		  0.01127
 -0.00082		  0.00948
  0.00038		  0.00745
  0.00075		  0.00546
  0.00040		  0.00376
 -0.00049		  0.00256
 -0.00170		  0.00195
 -0.00300		  0.00199
 -0.00417		  0.00262
 -0.00502		  0.00376
 -0.00542		  0.00526
 -0.00529		  0.00693
 -0.00462		  0.00862
 -0.00343		  0.01014
 -0.00181		  0.01137
  0.00014		  0.01221
  0.00230		  0.01260
  0.00453		  0.01250
  0.00674		  0.01194
  0.00881		  0.01094
  0.01068		  0.00956
  0.01227		  0.00786
  0.01355		  0.00590
  0.01450		  0.00374
  0.01508		  0.00143
  0.01529		 -0.00098
  0.01510		 -0.00343
  0.01450		 -0.00588
  0.01346		 -0.00825
  0.01199		 -0.01046
  0.01010		 -0.01242
  0.00781		 -0.01403
  0.00518		 -0.01519
  0.00232		 -0.01581
 -0.00067		 -0.01582
 -0.00362		 -0.01518
 -0.00637		 -0.01388
 -0.00875		 -0.01198
 -0.01060		 -0.00958
 -0.01179		 -0.00683
 -0.01224		 -0.00393
 -0.01192		 -0.00107
 -0.01087		  0.00150
 -0.00920		  0.00360
 -0.00707		  0.00504
 -0.00470		  0.00573
 -0.00235		  0.00561
 -0.00026		  0.00474
  0.00133		  0.00323
  0.00223		  0.00128
  0.00233		 -0.00088
  0.00158		 -0.00296
  0.00005		 -0.00468
 -0.00212		 -0.00578
 -0.00471		 -0.00606
 -0.00743		 -0.00541
 -0.00997		 -0.00379
 -0.01201		 -0.00128
 -0.01327		  0.00194
 -0.01353		  0.00560
 -0.01266		  0.00940
 -0.01065		  0.01295
 -0.00758		  0.01592
 -0.00366		  0.01799
  0.00082		  0.01892
  0.00549		  0.01857
  0.00998		  0.01691
  0.01389		  0.01404
  0.01688		  0.01018
  0.01869		  0.00562
  0.01916		  0.00075
  0.01825		 -0.00401
  0.01606		 -0.00827
  0.01281		 -0.01168
  0.00879		 -0.01395
  0.00440		 -0.01492
  0.00005		 -0.01456
 -0.00387		 -0.01294
 -0.00700		 -0.01029
 -0.00907		 -0.00690
 -0.00991		 -0.00316
 -0.00951		  0.00054
 -0.00794		  0.00381
 -0.00542		  0.00630
 -0.00226		  0.00776
  0.00118		  0.00805
  0.00449		  0.00715
  0.00732		  0.00516
  0.00933		  0.00231
  0.01029		 -0.00110
  0.01008		 -0.00469
  0.00868		 -0.00810
  0.00624		 -0.01094
  0.00296		 -0.01292
 -0.00084		 -0.01381
 -0.00478		 -0.01350
 -0.00850		 -0.01200
 -0.01164		 -0.00945
 -0.01390		 -0.00606
 -0.01508		 -0.00216
 -0.01507		  0.00191
 -0.01388		  0.00578
 -0.01165		  0.00911
 -0.00860		  0.01161
 -0.00502		  0.01309
 -0.00125		  0.01346
  0.00237		  0.01272
  0.00551		  0.01100
  0.00792		  0.00852
  0.00942		  0.00553
  0.00993		  0.00236
  0.00945		 -0.00069
  0.00811		 -0.00332
  0.00611		 -0.00531
  0.00368		 -0.00650
  0.00111		 -0.00683
 -0.00132		 -0.00631
 -0.00337		 -0.00507
 -0.00482		 -0.00328
 -0.00556		 -0.00117
 -0.00555		  0.00101
 -0.00481		  0.00301
 -0.00346		  0.00461
 -0.00168		  0.00565
  0.00032		  0.00603
  0.00233		  0.00574
  0.00411		  0.00480
  0.00548		  0.00336
  0.00632		  0.00155
  0.00654		 -0.00041
  0.00613		 -0.00232
  0.00516		 -0.00400
  0.00374		 -0.00527
  0.00201		 -0.00604
  0.00017		 -0.00624
 -0.00161		 -0.00587
 -0.00316		 -0.00500
 -0.00435		 -0.00373
 -0.00507		 -0.00221
 -0.00528		 -0.00059
 -0.00501		  0.00097
 -0.00430		  0.00232
 -0.00326		  0.00335
 -0.00201		  0.00399
 -0.00068		  0.00420
  0.00058		  0.00401
  0.00167		  0.00346
  0.00249		  0.00265
  0.00299		  0.00169
  0.00315		  0.00068
  0.00299		 -0.00026
  0.00257		 -0.00104
  0.00197		 -0.00160
  0.00127		 -0.00190
  0.00057		 -0.00194
 -0.00005		 -0.00175
 -0.00051		 -0.00138
 -0.00077		 -0.00090
 -0.00082		 -0.00039
 -0.00066		  0.00007
 -0.00033		  0.00042
  0.00011		  0.00060
  0.00059		  0.00058
  0.00106		  0.00036
  0.00143		 -0.00003
  0.00166		 -0.00056
  0.00169		 -0.00117
  0.00152		 -0.00180
  0.00115		 -0.00238
  0.00060		 -0.00285
 -0.00009		 -0.00316
 -0.00087		 -0.00327
 -0.00167		 -0.00317
 -0.00243		 -0.00286
 -0.00311		 -0.00236
 -0.00364		 -0.00169
 -0.00400		 -0.00092
 -0.00415		 -0.00008
 -0.00411		  0.00076
 -0.00388		  0.00156
 -0.00347		  0.00226
 -0.00293		  0.00284
 -0.00230		  0.00327
 -0.00161		  0.00353
 -0.00092		  0.00363
 -0.00027		  0.00357
  0.00032		  0.00338
  0.00081		  0.00309
  0.00118		  0.00273
  0.00143		  0.00233
  0.00156		  0.00194
  0.00158		  0.00159
  0.00151		  0.00131
  0.00139		  0.00111
  0.00124		  0.00102
  0.00110		  0.00102
  0.00102		  0.00112
  0.00101		  0.00130
  0.00112		  0.00151
  0.00134		  0.00173
  0.00171		  0.00192
  0.00219		  0.00201
  0.00278		  0.00197
  0.00343		  0.00176
  0.00409		  0.00136
  0.00471		  0.00074
  0.00521		 -0.00008
  0.00554		 -0.00109
  0.00564		 -0.00224
  0.00546		 -0.00346
  0.00497		 -0.00469
  0.00416		 -0.00582
  0.00306		 -0.00679
  0.00172		 -0.00749
  0.00019		 -0.00787
 -0.00142		 -0.00788
 -0.00302		 -0.00750
 -0.00449		 -0.00674
 -0.00574		 -0.00563
 -0.00668		 -0.00426
 -0.00723		 -0.00271
 -0.00738		 -0.00110
 -0.00711		  0.00045
 -0.00646		  0.00182
 -0.00550		  0.00292
 -0.00434		  0.00366
 -0.00309		  0.00402
 -0.00187		  0.00397
 -0.00082		  0.00357
 -0.00003		  0.00288
  0.00042		  0.00201
  0.00049		  0.00108
  0.00018		  0.00022
 -0.00047		 -0.00042
 -0.00138		 -0.00076
 -0.00242		 -0.00070
 -0.00345		 -0.00022
 -0.00433		  0.00068
 -0.00492		  0.00194
 -0.00511		  0.00346
 -0.00481		  0.00510
 -0.00399		  0.00671
 -0.00266		  0.00812
 -0.00088		  0.00917
  0.00122		  0.00974
  0.00350		  0.00973
  0.00578		  0.00909
  0.00788		  0.00785
  0.00963		  0.00607
  0.01088		  0.00386
  0.01152		  0.00138
  0.01150		 -0.00118
  0.01082		 -0.00363
  0.00954		 -0.00580
  0.00778		 -0.00752
  0.00569		 -0.00868
  0.00344		 -0.00922
  0.00123		 -0.00914
 -0.00077		 -0.00848
 -0.00239		 -0.00735
 -0.00354		 -0.00590
 -0.00415		 -0.00429
 -0.00421		 -0.00270
 -0.00377		 -0.00131
 -0.00295		 -0.00025
 -0.00186		  0.00037
 -0.00069		  0.00051
  0.00041		  0.00016
  0.00127		 -0.00061
  0.00176		 -0.00170
  0.00180		 -0.00297
  0.00135		 -0.00425
  0.00041		 -0.00539
 -0.00094		 -0.00623
 -0.00260		 -0.00664
 -0.00441		 -0.00654
 -0.00622		 -0.00590
 -0.00786		 -0.00472
 -0.00918		 -0.00309
 -0.01005		 -0.00111
 -0.01039		  0.00108
 -0.01015		  0.00332
 -0.00935		  0.00544
 -0.00805		  0.00730
 -0.00635		  0.00876
 -0.00438		  0.00975
 -0.00227		  0.01022
 -0.00018		  0.01017
  0.00175		  0.00964
  0.00341		  0.00871
  0.00472		  0.00748
  0.00563		  0.00609
  0.00614		  0.00464
  0.00628		  0.00325
  0.00610		  0.00202
  0.00569		  0.00100
  0.00513		  0.00025
  0.00453		 -0.00025
  0.00396		 -0.00051
  0.00349		 -0.00058
  0.00316		 -0.00052
  0.00300		 -0.00040
  0.00301		 -0.00029
  0.00315		 -0.00025
  0.00339		 -0.00032
  0.00367		 -0.00053
  0.00394		 -0.00089
  0.00415		 -0.00138
  0.00426		 -0.00198
  0.00424		 -0.00266
  0.00406		 -0.00336
  0.00373		 -0.00406
  0.00326		 -0.00471
  0.00266		 -0.00529
  0.00195		 -0.00576
  0.00117		 -0.00612
  0.00033		 -0.00636
 -0.00055		 -0.00648
 -0.00145		 -0.00648
 -0.00237		 -0.00636
 -0.00328		 -0.00611
 -0.00418		 -0.00573
 -0.00506		 -0.00522
 -0.00590		 -0.00455
 -0.00666		 -0.00373
 -0.00732		 -0.00275
 -0.00783		 -0.00162
 -0.00814		 -0.00036
 -0.00823		  0.00099
 -0.00805		  0.00239
 -0.00759		  0.00376
 -0.00684		  0.00505
 -0.00581		  0.00617
 -0.00455		  0.00706
 -0.00312		  0.00764
 -0.00161		  0.00788
 -0.00009		  0.00777
  0.00131		  0.00731
  0.00252		  0.00654
  0.00346		  0.00554
  0.00406		  0.00438
  0.00431		  0.00319
  0.00420		  0.00207
  0.00379		  0.00112
  0.00315		  0.00043
  0.00237		  0.00007
  0.00159		  0.00005
  0.00091		  0.00037
  0.00046		  0.00097
  0.00032		  0.00175
  0.00054		  0.00260
  0.00116		  0.00339
  0.00213		  0.00398
  0.00339		  0.00425
  0.00483		  0.00409
  0.00630		  0.00346
  0.00764		  0.00234
  0.00871		  0.00076
  0.00936		 -0.00118
  0.00947		 -0.00335
  0.00898		 -0.00558
  0.00788		 -0.00771
  0.00621		 -0.00953
  0.00406		 -0.01090
  0.00158		 -0.01168
 -0.00105		 -0.01180
 -0.00363		 -0.01122
 -0.00597		 -0.00999
 -0.00789		 -0.00821
 -0.00925		 -0.00601
 -0.00995		 -0.00359
 -0.00996		 -0.00113
 -0.00931		  0.00114
 -0.00810		  0.00306
 -0.00647		  0.00447
 -0.00459		  0.00529
 -0.00267		  0.00547
 -0.00090		  0.00505
  0.00053		  0.00412
  0.00149		  0.00282
  0.00189		  0.00133
  0.00170		 -0.00016
  0.00097		 -0.00144
 -0.00022		 -0.00235
 -0.00170		 -0.00277
 -0.00331		 -0.00260
 -0.00484		 -0.00183
 -0.00609		 -0.00051
 -0.00690		  0.00124
 -0.00714		  0.00327
 -0.00673		  0.00540
 -0.00566		  0.00740
 -0.00400		  0.00909
 -0.00185		  0.01029
  0.00062		  0.01087
  0.00322		  0.01075
  0.00573		  0.00992
  0.00794		  0.00843
  0.00968		  0.00639
  0.01082		  0.00398
  0.01127		  0.00137
  0.01101		 -0.00122
  0.01009		 -0.00359
  0.00861		 -0.00557
  0.00671		 -0.00701
  0.00459		 -0.00784
  0.00243		 -0.00804
  0.00043		 -0.00763
 -0.00126		 -0.00672
 -0.00251		 -0.00543
 -0.00323		 -0.00394
 -0.00342		 -0.00241
 -0.00310		 -0.00103
 -0.00236		  0.00007
 -0.00133		  0.00077
 -0.00017		  0.00101
  0.00097		  0.00077
  0.00193		  0.00010
  0.00258		 -0.00091
  0.00282		 -0.00214
  0.00260		 -0.00345
  0.00192		 -0.00467
  0.00082		 -0.00567
 -0.00060		 -0.00631
 -0.00223		 -0.00652
 -0.00392		 -0.00624
 -0.00551		 -0.00547
 -0.00688		 -0.00427
 -0.00788		 -0.00271
 -0.00845		 -0.00092
 -0.00854		  0.00097
 -0.00813		  0.00281
 -0.00727		  0.00447
 -0.00603		  0.00584
 -0.00452		  0.00682
 -0.00287		  0.00737
 -0.00119		  0.00747
  0.00038		  0.00716
  0.00174		  0.00650
  0.00281		  0.00556
  0.00354		  0.00447
  0.00392		  0.00332
  0.00397		  0.00222
  0.00373		  0.00126
  0.00328		  0.00051
  0.00271		  0.00001
  0.00209		 -0.00022
  0.00153		 -0.00022
  0.00108		 -0.00001
  0.00082		  0.00033
  0.00075		  0.00074
  0.00090		  0.00115
  0.00124		  0.00147
  0.00173		  0.00166
  0.00232		  0.00165
  0.00294		  0.00144
  0.00352		  0.00102
  0.00400		  0.00040
  0.00431		 -0.00037
  0.00442		 -0.00124
  0.00431		 -0.00215
  0.00397		 -0.00303
  0.00342		 -0.00383
  0.00268		 -0.00449
  0.00180		 -0.00497
  0.00084		 -0.00523
 -0.00015		 -0.00527
 -0.00112		 -0.00509
 -0.00200		 -0.00471
 -0.00276		 -0.00417
 -0.00336		 -0.00349
 -0.00378		 -0.00273
 -0.00401		 -0.00194
 -0.00407		 -0.00116
 -0.00397		 -0.00044
 -0.00373		  0.00020
 -0.00340		  0.00073
 -0.00300		  0.00113
 -0.00257		  0.00140
 -0.00215		  0.00155
 -0.00177		  0.00160
 -0.00145		  0.00156
 -0.00121		  0.00148
 -0.00105		  0.00136
 -0.00097		  0.00126
 -0.00096		  0.00118
 -0.00101		  0.00116
 -0.00108		  0.00121
 -0.00115		  0.00134
 -0.00119		  0.00154
 -0.00118		  0.00181
 -0.00108		  0.00211
 -0.00088		  0.00244
 -0.00058		  0.00275
 -0.00017		  0.00302
  0.00033		  0.00320
  0.00091		  0.00327
  0.00152		  0.00321
  0.00214		  0.00300
  0.00273		  0.00264
  0.00324		  0.00214
  0.00364		  0.00152
  0.00388		  0.00081
  0.00396		  0.00005
  0.00386		 -0.00071
  0.00359		 -0.00142
  0.00316		 -0.00204
  0.00260		 -0.00253
  0.00196		 -0.00286
  0.00129		 -0.00301
  0.00063		 -0.00299
  0.00003		 -0.00281
 -0.00046		 -0.00249
 -0.00081		 -0.00209
 -0.00101		 -0.00164
 -0.00105		 -0.00120
 -0.00096		 -0.00082
 -0.00075		 -0.00053
 -0.00047		 -0.00038
 -0.00017		 -0.00036
  0.00010		 -0.00050
  0.00028		 -0.00075
  0.00034		 -0.00109
  0.00026		 -0.00147
  0.00001		 -0.00184
 -0.00040		 -0.00213
 -0.00093		 -0.00231
 -0.00154		 -0.00232
 -0.00218		 -0.00213
 -0.00279		 -0.00175
 -0.00330		 -0.00118
 -0.00365		 -0.00045
 -0.00381		  0.00038
 -0.00373		  0.00125
 -0.00341		  0.00209
 -0.00287		  0.00283
 -0.00215		  0.00341
 -0.00129		  0.00377
 -0.00037		  0.00389
  0.00054		  0.00375
  0.00136		  0.00337
  0.00203		  0.00279
  0.00249		  0.00206
  0.00271		  0.00126
  0.00268		  0.00046
  0.00242		 -0.00026
  0.00196		 -0.00083
  0.00137		 -0.00120
  0.00072		 -0.00135
  0.00008		 -0.00125
 -0.00047		 -0.00095
 -0.00086		 -0.00046
 -0.00104		  0.00013
 -0.00099		  0.00075
 -0.00070		  0.00134
 -0.00021		  0.00180
  0.00044		  0.00207
  0.00119		  0.00211
  0.00195		  0.00190
  0.00263		  0.00143
  0.00316		  0.00074
  0.00347		 -0.00011
  0.00352		 -0.00105
  0.00328		 -0.00199
  0.00277		 -0.00285
  0.00202		 -0.00354
  0.00108		 -0.00400
  0.00004		 -0.00417
 -0.00101		 -0.00405
 -0.00199		 -0.00363
 -0.00280		 -0.00295
 -0.00338		 -0.00207
 -0.00368		 -0.00108
 -0.00367		 -0.00007
 -0.00338		  0.00088
 -0.00283		  0.00168
 -0.00209		  0.00226
 -0.00123		  0.00257
 -0.00035		  0.00260
  0.00047		  0.00236
  0.00114		  0.00187
  0.00161		  0.00121
  0.00182		  0.00045
  0.00176		 -0.00032
  0.00144		 -0.00102
  0.00091		 -0.00156
  0.00022		 -0.00189
 -0.00055		 -0.00196
 -0.00131		 -0.00177
 -0.00198		 -0.00133
 -0.00248		 -0.00068
 -0.00275		  0.00011
 -0.00277		  0.00097
 -0.00251		  0.00180
 -0.00199		  0.00254
 -0.00127		  0.00310
 -0.00040		  0.00342
  0.00053		  0.00347
  0.00145		  0.00325
  0.00227		  0.00277
  0.00291		  0.00208
  0.00332		  0.00123
  0.00348		  0.00031
  0.00336		 -0.00060
  0.00299		 -0.00143
  0.00241		 -0.00210
  0.00167		 -0.00257
  0.00086		 -0.00278
  0.00004		 -0.00275
 -0.00071		 -0.00249
 -0.00132		 -0.00202
 -0.00174		 -0.00142
 -0.00194		 -0.00073
 -0.00192		 -0.00005
 -0.00169		  0.00057
 -0.00128		  0.00107
 -0.00075		  0.00140
 -0.00015		  0.00152
  0.00044		  0.00145
  0.00097		  0.00118
  0.00138		  0.00076
  0.00162		  0.00023
  0.00168		 -0.00035
  0.00155		 -0.00091
  0.00125		 -0.00142
  0.00080		 -0.00180
  0.00025		 -0.00203
 -0.00035		 -0.00208
 -0.00093		 -0.00195
 -0.00145		 -0.00166
 -0.00187		 -0.00122
 -0.00214		 -0.00069
 -0.00224		 -0.00011
 -0.00217		  0.00048
 -0.00195		  0.00101
 -0.00159		  0.00145
 -0.00113		  0.00176
 -0.00062		  0.00193
 -0.00009		  0.00195
  0.00040		  0.00182
  0.00082		  0.00157
  0.00114		  0.00122
  0.00134		  0.00082
  0.00141		  0.00039
  0.00136		 -0.00002
  0.00120		 -0.00037
  0.00095		 -0.00065
  0.00065		 -0.00084
  0.00032		 -0.00091
 -0.00000		 -0.00089
 -0.00028		 -0.00078
 -0.00051		 -0.00059
 -0.00066		 -0.00035
 -0.00072		 -0.00008
 -0.00070		  0.00018
 -0.00060		  0.00042
 -0.00043		  0.00061
 -0.00022		  0.00074
  0.00002		  0.00080
  0.00027		  0.00079
  0.00050		  0.00070
  0.00069		  0.00056
  0.00084		  0.00036
  0.00092		  0.00014
  0.00094		 -0.00010
  0.00090		 -0.00034
  0.00080		 -0.00056
  0.00064		 -0.00074
  0.00045		 -0.00087
  0.00023		 -0.00095
 -0.00001		 -0.00097
 -0.00024		 -0.00094
 -0.00045		 -0.00084
 -0.00063		 -0.00070
 -0.00077		 -0.00051
 -0.00085		 -0.00030
 -0.00088		 -0.00008
 -0.00085		  0.00014
 -0.00076		  0.00034
 -0.00062		  0.00052
 -0.00045		  0.00064
 -0.00025		  0.00072
 -0.00004		  0.00074
  0.00017		  0.00069
  0.00036		  0.00060
  0.00051		  0.00045
  0.00061		  0.00027
  0.00065		  0.00006
  0.00064		 -0.00014
  0.00056		 -0.00034
  0.00043		 -0.00050
  0.00025		 -0.00062
  0.00004		 -0.00068
 -0.00017		 -0.00068
 -0.00038		 -0.00061
 -0.00057		 -0.00048
 -0.00070		 -0.00030
 -0.00078		 -0.00008
 -0.00079		  0.00015
 -0.00073		  0.00038
 -0.00060		  0.00059
 -0.00042		  0.00075
 -0.00019		  0.00085
  0.00006		  0.00088
  0.00031		  0.00083
  0.00053		  0.00071
  0.00072		  0.00053
  0.00084		  0.00030
  0.00088		  0.00005
  0.00085		 -0.00021
  0.00074		 -0.00045
  0.00057		 -0.00064
  0.00035		 -0.00077
  0.00009		 -0.00083
 -0.00016		 -0.00081
 -0.00040		 -0.00071
 -0.00060		 -0.00054
 -0.00073		 -0.00033
 -0.00080		 -0.00008
 -0.00078		  0.00018
 -0.00068		  0.00042
 -0.00051		  0.00061
 -0.00030		  0.00075
 -0.00005		  0.00081
  0.00021		  0.00079
  0.00045		  0.00070
  0.00064		  0.00053
  0.00078		  0.00031
  0.00084		  0.00006
  0.00083		 -0.00019
  0.00074		 -0.00043
  0.00058		 -0.00063
  0.00037		 -0.00077
  0.00012		 -0.00084
 -0.00013		 -0.00083
 -0.00036		 -0.00075
 -0.00056		 -0.00060
 -0.00070		 -0.00040
 -0.00077		 -0.00017
 -0.00077		  0.00006
 -0.00070		  0.00029
 -0.00056		  0.00047
 -0.00038		  0.00060
 -0.00017		  0.00067
  0.00005		  0.00067
  0.00026		  0.00060
  0.00042		  0.00047
  0.00054		  0.00030
  0.00060		  0.00011
  0.00059		 -0.00010
  0.00052		 -0.00028
  0.00040		 -0.00043
  0.00023		 -0.00054
  0.00005		 -0.00059
 -0.00014		 -0.00057
 -0.00032		 -0.00050
 -0.00046		 -0.00038
 -0.00056		 -0.00022
 -0.00060		 -0.00004
 -0.00059		  0.00015
 -0.00052		  0.00031
 -0.00041		  0.00045
 -0.00026		  0.00055
 -0.00009		  0.00060
  0.00009		  0.00059
  0.00025		  0.00053
  0.00038		  0.00043
  0.00048		  0.00030
  0.00053		  0.00015
  0.00053		 -0.00001
  0.00049		 -0.00016
  0.00041		 -0.00028
  0.00030		 -0.00037
  0.00017		 -0.00042
  0.00003		 -0.00043
 -0.00009		 -0.00040
 -0.00020		 -0.00034
 -0.00028		 -0.00025
 -0.00033		 -0.00014
 -0.00034		 -0.00002
 -0.00031		  0.00008
 -0.00026		  0.00017
 -0.00018		  0.00024
 -0.00008		  0.00028
  0.00001		  0.00029
  0.00011		  0.00026
  0.00019		  0.00021
  0.00025		  0.00014
  0.00028		  0.00006
  0.00029		 -0.00003
  0.00027		 -0.00012
  0.00023		 -0.00020
  0.00016		 -0.00026
  0.00008		 -0.00030
 -0.00001		 -0.00031
 -0.00009		 -0.00030
 -0.00017		 -0.00027
 -0.00024		 -0.00021
 -0.00029		 -0.00014
 -0.00031		 -0.00006
 -0.00032		  0.00002
 -0.00030		  0.00010
 -0.00026		  0.00018
 -0.00020		  0.00023
 -0.00013		  0.00027
 -0.00006		  0.00029
  0.00002		  0.00029
  0.00010		  0.00027
  0.00016		  0.00023
  0.00021		  0.00017
  0.00024		  0.00010
  0.00025		  0.00003
  0.00025		 -0.00004
  0.00022		 -0.00011
  0.00017		 -0.00016
  0.00011		 -0.00020
  0.00004		 -0.00022
 -0.00003		 -0.00021
 -0.00009		 -0.00019
 -0.00015		 -0.00015
 -0.00019		 -0.00009
 -0.00021		 -0.00002
 -0.00021		  0.00005
 -0.00018		  0.00012
 -0.00014		  0.00017
 -0.00008		  0.00022
 -0.00000		  0.00024
  0.00007		  0.00024
  0.00015		  0.00021
  0.00022		  0.00016
  0.00027		  0.00009
  0.00029		  0.00001
  0.00029		 -0.00008
  0.00026		 -0.00017
  0.00021		 -0.00025
  0.00013		 -0.00030
  0.00004		 -0.00034
 -0.00006		 -0.00034
 -0.00016		 -0.00032
 -0.00025		 -0.00027
 -0.00032		 -0.00019
 -0.00036		 -0.00009
 -0.00037		  0.00002
 -0.00035		  0.00013
 -0.00030		  0.00022
 -0.00022		  0.00030
 -0.00012		  0.00034
 -0.00001		  0.00036
  0.00010		  0.00034
  0.00019		  0.00029
  0.00027		  0.00021
  0.00032		  0.00012
  0.00033		  0.00001
  0.00031		 -0.00010
  0.00026		 -0.00019
  0.00017		 -0.00026
  0.00007		 -0.00030
 -0.00003		 -0.00031
 -0.00014		 -0.00028
 -0.00023		 -0.00021
 -0.00029		 -0.00013
 -0.00032		 -0.00002
 -0.00032		  0.00009
 -0.00027		  0.00020
 -0.00020		  0.00029
 -0.00010		  0.00035
  0.00002		  0.00037
  0.00014		  0.00036
  0.00025		  0.00030
  0.00035		  0.00022
  0.00041		  0.00010
  0.00043		 -0.00002
  0.00041		 -0.00015
  0.00035		 -0.00027
  0.00026		 -0.00037
  0.00014		 -0.00043
  0.00001		 -0.00045
 -0.00013		 -0.00044
 -0.00025		 -0.00038
 -0.00034		 -0.00028
 -0.00040		 -0.00017
 -0.00043		 -0.00004
 -0.00041		  0.00009
 -0.00035		  0.00020
 -0.00026		  0.00029
 -0.00015		  0.00035
 -0.00003		  0.00036
  0.00009		  0.00034
  0.00019		  0.00027
  0.00027		  0.00018
  0.00031		  0.00007
  0.00030		 -0.00004
  0.00026		 -0.00015
  0.00019		 -0.00024
  0.00009		 -0.00030
 -0.00003		 -0.00032
 -0.00014		 -0.00030
 -0.00025		 -0.00024
 -0.00033		 -0.00015
 -0.00038		 -0.00003
 -0.00038		  0.00009
 -0.00035		  0.00022
 -0.00028		  0.00033
 -0.00017		  0.00041
 -0.00004		  0.00045
  0.00009		  0.00045
  0.00022		  0.00042
  0.00033		  0.00034
  0.00042		  0.00023
  0.00046		  0.00010
  0.00047		 -0.00003
  0.00043		 -0.00016
  0.00036		 -0.00027
  0.00026		 -0.00035
  0.00014		 -0.00040
  0.00001		 -0.00040
 -0.00010		 -0.00037
 -0.00020		 -0.00030
 -0.00026		 -0.00020
 -0.00029		 -0.00010
 -0.00029		  0.00001
 -0.00024		  0.00011
 -0.00017		  0.00018
 -0.00008		  0.00023
  0.00003		  0.00023
  0.00012		  0.00020
  0.00021		  0.00014
  0.00026		  0.00005
  0.00028		 -0.00005
  0.00027		 -0.00016
  0.00021		 -0.00026
  0.00013		 -0.00034
  0.00002		 -0.00038
 -0.00010		 -0.00040
 -0.00022		 -0.00037
 -0.00033		 -0.00030
 -0.00041		 -0.00021
 -0.00046		 -0.00009
 -0.00048		  0.00004
 -0.00045		  0.00017
 -0.00039		  0.00028
 -0.00030		  0.00037
 -0.00018		  0.00043
 -0.00006		  0.00045
  0.00006		  0.00043
  0.00017		  0.00038
  0.00025		  0.00030
  0.00030		  0.00021
  0.00032		  0.00010
  0.00030		  0.00000
  0.00026		 -0.00008
  0.00019		 -0.00015
  0.00010		 -0.00018
  0.00002		 -0.00018
 -0.00006		 -0.00015
 -0.00012		 -0.00009
 -0.00015		 -0.00002
 -0.00016		  0.00007
 -0.00013		  0.00015
 -0.00008		  0.00021
  0.00000		  0.00026
  0.00009		  0.00028
  0.00019		  0.00026
  0.00028		  0.00021
  0.00035		  0.00014
  0.00040		  0.00004
  0.00042		 -0.00006
  0.00040		 -0.00018
  0.00035		 -0.00028
  0.00028		 -0.00036
  0.00018		 -0.00042
  0.00007		 -0.00045
 -0.00005		 -0.00045
 -0.00015		 -0.00042
 -0.00024		 -0.00036
 -0.00031		 -0.00027
 -0.00034		 -0.00018
 -0.00035		 -0.00008
 -0.00033		  0.00000
 -0.00029		  0.00008
 -0.00023		  0.00013
 -0.00016		  0.00016
 -0.00009		  0.00016
 -0.00003		  0.00014
  0.00001		  0.00010
  0.00004		  0.00005
  0.00004		  0.00000
  0.00002		 -0.00005
 -0.00002		 -0.00008
 -0.00007		 -0.00010
 -0.00013		 -0.00010
 -0.00018		 -0.00008
 -0.00023		 -0.00003
 -0.00026		  0.00003
 -0.00027		  0.00010
 -0.00026		  0.00018
 -0.00023		  0.00025
 -0.00017		  0.00031
 -0.00010		  0.00036
 -0.00002		  0.00038
  0.00007		  0.00038
  0.00015		  0.00036
  0.00022		  0.00031
  0.00028		  0.00025
  0.00032		  0.00018
  0.00034		  0.00010
  0.00034		  0.00003
  0.00031		 -0.00004
  0.00028		 -0.00009
  0.00023		 -0.00013
  0.00018		 -0.00016
  0.00013		 -0.00016
  0.00009		 -0.00015
  0.00006		 -0.00014
  0.00004		 -0.00011
  0.00003		 -0.00009
  0.00004		 -0.00007
  0.00005		 -0.00006
  0.00007		 -0.00006
  0.00009		 -0.00007
  0.00010		 -0.00009
  0.00011		 -0.00012
  0.00011		 -0.00015
  0.00009		 -0.00019
  0.00007		 -0.00022
  0.00003		 -0.00025
 -0.00002		 -0.00027
 -0.00007		 -0.00027
 -0.00013		 -0.00026
 -0.00018		 -0.00024
 -0.00023		 -0.00020
 -0.00026		 -0.00016
 -0.00029		 -0.00010
 -0.00030		 -0.00005
 -0.00029		  0.00001
 -0.00028		  0.00006
 -0.00025		  0.00010
 -0.00022		  0.00014
 -0.00019		  0.00016
 -0.00015		  0.00018
 -0.00012		  0.00018
 -0.00009		  0.00018
 -0.00006		  0.00017
 -0.00004		  0.00017
 -0.00003		  0.00016
 -0.00002		  0.00015
 -0.00001		  0.00015
 -0.00001		  0.00015
 -0.00000		  0.00015
  0.00001		  0.00015
  0.00002		  0.00016
  0.00004		  0.00017
  0.00006		  0.00017
  0.00008		  0.00018
  0.00011		  0.00017
  0.00014		  0.00016
  0.00016		  0.00015
  0.00019		  0.00013
  0.00021		  0.00010
  0.00023		  0.00007
  0.00024		  0.00003
  0.00025		 -0.00001
  0.00024		 -0.00004
  0.00024		 -0.00008
  0.00022		 -0.00012
  0.00020		 -0.00015
  0.00017		 -0.00017
  0.00015		 -0.00020
  0.00011		 -0.00021
  0.00008		 -0.00022
  0.00005		 -0.00023
  0.00001		 -0.00023
 -0.00002		 -0.00023
 -0.00005		 -0.00022
 -0.00008		 -0.00020
 -0.00010		 -0.00019
 -0.00012		 -0.00017
 -0.00014		 -0.00014
 -0.00015		 -0.00012
 -0.00016		 -0.00009
 -0.00016		 -0.00007
 -0.00016		 -0.00005
 -0.00016		 -0.00003
 -0.00015		 -0.00001
 -0.00014		 -0.00000
 -0.00014		  0.00001
 -0.00013		  0.00001
 -0.00013		  0.00002
 -0.00013		  0.00002
 -0.00013		  0.00003
 -0.00014		  0.00004
 -0.00015		  0.00005
 -0.00015		  0.00006
 -0.00016		  0.00009
 -0.00016		  0.00012
 -0.00016		  0.00015
 -0.00015		  0.00018
 -0.00012		  0.00022
 -0.00009		  0.00025
 -0.00005		  0.00028
  0.00001		  0.00029
  0.00006		  0.00030
  0.00012		  0.00029
  0.00018		  0.00027
  0.00023		  0.00023
  0.00028		  0.00018
  0.00030		  0.00012
  0.00032		  0.00005
  0.00031		 -0.00002
  0.00029		 -0.00008
  0.00026		 -0.00014
  0.00021		 -0.00018
  0.00015		 -0.00020
  0.00010		 -0.00021
  0.00004		 -0.00020
 -0.00001		 -0.00018
 -0.00004		 -0.00015
 -0.00006		 -0.00010
 -0.00006		 -0.00006
 -0.00005		 -0.00002
 -0.00002		  0.00001
  0.00002		  0.00003
  0.00006		  0.00003
  0.00010		  0.00001
  0.00013		 -0.00003
  0.00016		 -0.00008
  0.00016		 -0.00014
  0.00014		 -0.00020
  0.00010		 -0.00026
  0.00004		 -0.00030
 -0.00003		 -0.00033
 -0.00012		 -0.00034
 -0.00020		 -0.00032
 -0.00029		 -0.00028
 -0.00036		 -0.00021
 -0.00041		 -0.00013
 -0.00044		 -0.00003
 -0.00044		  0.00008
 -0.00041		  0.00018
 -0.00035		  0.00027
 -0.00027		  0.00034
 -0.00017		  0.00039
 -0.00007		  0.00040
  0.00003		  0.00039
  0.00012		  0.00035
  0.00020		  0.00029
  0.00025		  0.00020
  0.00027		  0.00012
  0.00026		  0.00003
  0.00023		 -0.00005
  0.00017		 -0.00011
  0.00010		 -0.00015
  0.00003		 -0.00016
 -0.00005		 -0.00014
 -0.00011		 -0.00010
 -0.00016		 -0.00003
 -0.00017		  0.00004
 -0.00016		  0.00012
 -0.00013		  0.00020
 -0.00006		  0.00026
  0.00002		  0.00030
  0.00011		  0.00031
  0.00021		  0.00029
  0.00030		  0.00024
  0.00037		  0.00016
  0.00042		  0.00006
  0.00044		 -0.00005
  0.00042		 -0.00016
  0.00038		 -0.00027
  0.00030		 -0.00036
  0.00020		 -0.00043
  0.00009		 -0.00046
 -0.00003		 -0.00047
 -0.00014		 -0.00044
 -0.00024		 -0.00037
 -0.00032		 -0.00029
 -0.00037		 -0.00019
 -0.00038		 -0.00008
 -0.00037		  0.00002
 -0.00032		  0.00012
 -0.00025		  0.00019
 -0.00017		  0.00023
 -0.00008		  0.00025
  0.00000		  0.00023
  0.00008		  0.00019
  0.00013		  0.00013
  0.00016		  0.00006
  0.00017		 -0.00002
  0.00014		 -0.00009
  0.00009		 -0.00015
  0.00003		 -0.00019
 -0.00005		 -0.00021
 -0.00013		 -0.00020
 -0.00020		 -0.00016
 -0.00026		 -0.00010
 -0.00030		 -0.00002
 -0.00031		  0.00007
 -0.00030		  0.00016
 -0.00026		  0.00024
 -0.00019		  0.00031
 -0.00011		  0.00036
 -0.00002		  0.00038
  0.00008		  0.00037
  0.00017		  0.00034
  0.00025		  0.00029
  0.00031		  0.00021
  0.00035		  0.00013
  0.00036		  0.00004
  0.00034		 -0.00005
  0.00030		 -0.00013
  0.00025		 -0.00019
  0.00018		 -0.00023
  0.00010		 -0.00025
  0.00003		 -0.00025
 -0.00004		 -0.00023
 -0.00009		 -0.00018
 -0.00012		 -0.00013
 -0.00014		 -0.00008
 -0.00014		 -0.00002
 -0.00012		  0.00003
 -0.00008		  0.00007
 -0.00004		  0.00009
  0.00001		  0.00010
  0.00005		  0.00009
  0.00009		  0.00006
  0.00012		  0.00002
  0.00014		 -0.00002
  0.00013		 -0.00007
  0.00012		 -0.00012
  0.00009		 -0.00016
  0.00004		 -0.00019
 -0.00001		 -0.00020
 -0.00006		 -0.00020
 -0.00011		 -0.00019
 -0.00016		 -0.00016
 -0.00019		 -0.00012
 -0.00022		 -0.00007
 -0.00023		 -0.00002
 -0.00022		  0.00004
 -0.00021		  0.00009
 -0.00018		  0.00013
 -0.00014		  0.00016
 -0.00010		  0.00018
 -0.00005		  0.00019
 -0.00000		  0.00019
  0.00004		  0.00017
  0.00007		  0.00015
  0.00010		  0.00012
  0.00011		  0.00009
  0.00012		  0.00005
  0.00011		  0.00002
  0.00010		 -0.00001
  0.00008		 -0.00003
  0.00006		 -0.00004
  0.00004		 -0.00005
  0.00002		 -0.00005
 -0.00000		 -0.00004
 -0.00002		 -0.00003
 -0.00003		 -0.00001
 -0.00003		  0.00001
 -0.00003		  0.00003
 -0.00002		  0.00004
 -0.00000		  0.00005
  0.00002		  0.00006
  0.00004		  0.00006
  0.00006		  0.00006
  0.00008		  0.00004
  0.00009		  0.00003
  0.00010		  0.00000
  0.00011		 -0.00002
  0.00010		 -0.00005
  0.00009		 -0.00007
  0.00008		 -0.00009
  0.00006		 -0.00011
  0.00003		 -0.00012
  0.00000		 -0.00013
 -0.00003		 -0.00012
 -0.00006		 -0.00011
 -0.00008		 -0.00010
 -0.00010		 -0.00007
 -0.00011		 -0.00005
 -0.00012		 -0.00002
 -0.00011		  0.00001
 -0.00010		  0.00003
 -0.00009		  0.00006
 -0.00006		  0.00007
 -0.00004		  0.00008
 -0.00001		  0.00008
  0.00001		  0.00008
  0.00003		  0.00007
  0.00005		  0.00005
  0.00005		  0.00003
  0.00006		  0.00001
  0.00005		 -0.00001
  0.00004		 -0.00003
  0.00002		 -0.00004
  0.00000		 -0.00005
 -0.00002		 -0.00005
 -0.00004		 -0.00004
 -0.00005		 -0.00003
 -0.00006		 -0.00001
 -0.00007		  0.00001
 -0.00007		  0.00004
 -0.00005		  0.00006
 -0.00004		  0.00007
 -0.00002		  0.00009
  0.00001		  0.00009
  0.00004		  0.00008
  0.00006		  0.00007
  0.00008		  0.00005
  0.00009		  0.00003
  0.00010		  0.00000
  0.00009		 -0.00002
  0.00008		 -0.00005
  0.00006		 -0.00007
  0.00004		 -0.00008
  0.00001		 -0.00009
 -0.00001		 -0.00009
 -0.00004		 -0.00008
 -0.00006		 -0.00006
 -0.00007		 -0.00004
 -0.00008		 -0.00001
 -0.00008		  0.00001
 -0.00007		  0.00004
 -0.00005		  0.00005
 -0.00003		  0.00007
 -0.00001		  0.00007
  0.00002		  0.00007
  0.00004		  0.00006
  0.00006		  0.00004
  0.00007		  0.00002
  0.00007		 -0.00000
  0.00007		 -0.00003
  0.00005		 -0.00005
  0.00004		 -0.00006
  0.00001		 -0.00007
 -0.00001		 -0.00007
 -0.00003		 -0.00006
 -0.00005		 -0.00005
 -0.00007		 -0.00003
 -0.00007		 -0.00001
 -0.00007		  0.00002
 -0.00006		  0.00004
 -0.00005		  0.00006
 -0.00003		  0.00007
 -0.00000		  0.00008
  0.00002		  0.00007
  0.00005		  0.00006
  0.00007		  0.00005
  0.00008		  0.00002
  0.00009		 -0.00000
  0.00008		 -0.00003
  0.00007		 -0.00005
  0.00005		 -0.00007
  0.00003		 -0.00009
  0.00000		 -0.00009
 -0.00002		 -0.00009
 -0.00005		 -0.00008
 -0.00007		 -0.00006
 -0.00009		 -0.00004
 -0.00009		 -0.00001
 -0.00009		  0.00001
 -0.00008		  0.00004
 -0.00007		  0.00006
 -0.00005		  0.00007
 -0.00002		  0.00008
  0.00000		  0.00008
  0.00003		  0.00007
  0.00005		  0.00006
  0.00006		  0.00004
  0.00006		  0.00001
  0.00006		 -0.00001
  0.00005		 -0.00003
  0.00004		 -0.00005
  0.00002		 -0.00006
 -0.00000		 -0.00006
 -0.00003		 -0.00006
 -0.00005		 -0.00005
 -0.00006		 -0.00003
 -0.00007		 -0.00001
 -0.00007		  0.00002
 -0.00007		  0.00004
 -0.00006		  0.00006
 -0.00004		  0.00008
 -0.00001		  0.00009
  0.00001		  0.00010
  0.00004		  0.00010
  0.00007		  0.00008
  0.00009		  0.00007
  0.00010		  0.00004
  0.00011		  0.00001
  0.00011		 -0.00001
  0.00011		 -0.00004
  0.00009		 -0.00007
  0.00007		 -0.00009
  0.00005		 -0.00010
  0.00002		 -0.00011
 -0.00001		 -0.00011
 -0.00003		 -0.00010
 -0.00005		 -0.00008
 -0.00007		 -0.00006
 -0.00008		 -0.00004
 -0.00008		 -0.00001
 -0.00008		  0.00001
 -0.00006		  0.00003
 -0.00005		  0.00004
 -0.00003		  0.00005
 -0.00001		  0.00005
  0.00001		  0.00005
  0.00003		  0.00004
  0.00004		  0.00002
  0.00005		  0.00000
  0.00005		 -0.00002
  0.00004		 -0.00004
  0.00003		 -0.00006
  0.00001		 -0.00007
 -0.00001		 -0.00008
 -0.00004		 -0.00008
 -0.00006		 -0.00007
 -0.00009		 -0.00005
 -0.00010		 -0.00003
 -0.00011		 -0.00000
 -0.00012		  0.00003
 -0.00011		  0.00006
 -0.00010		  0.00009
 -0.00008		  0.00011
 -0.00005		  0.00013
 -0.00002		  0.00014
  0.00002		  0.00014
  0.00005		  0.00014
  0.00008		  0.00012
  0.00011		  0.00010
  0.00013		  0.00007
  0.00014		  0.00003
  0.00014		 -0.00000
  0.00013		 -0.00003
  0.00011		 -0.00006
  0.00008		 -0.00008
  0.00005		 -0.00010
  0.00002		 -0.00010
 -0.00001		 -0.00010
 -0.00003		 -0.00008
 -0.00005		 -0.00006
 -0.00006		 -0.00004
 -0.00007		 -0.00001
 -0.00006		  0.00002
 -0.00004		  0.00004
 -0.00002		  0.00006
  0.00000		  0.00007
  0.00003		  0.00006
  0.00006		  0.00005
  0.00008		  0.00003
  0.00010		  0.00001
  0.00011		 -0.00003
  0.00010		 -0.00006
  0.00009		 -0.00010
  0.00007		 -0.00012
  0.00003		 -0.00015
 -0.00001		 -0.00016
 -0.00005		 -0.00016
 -0.00009		 -0.00015
 -0.00013		 -0.00012
 -0.00016		 -0.00009
 -0.00018		 -0.00005
 -0.00018		 -0.00000
 -0.00018		  0.00004
 -0.00016		  0.00008
 -0.00013		  0.00012
 -0.00010		  0.00015
 -0.00005		  0.00016
 -0.00001		  0.00016
  0.00003		  0.00015
  0.00007		  0.00013
  0.00009		  0.00010
  0.00011		  0.00006
  0.00011		  0.00003
  0.00011		 -0.00001
  0.00009		 -0.00004
  0.00006		 -0.00006
  0.00003		 -0.00007
 -0.00000		 -0.00007
 -0.00003		 -0.00006
 -0.00006		 -0.00004
 -0.00008		 -0.00001
 -0.00008		  0.00002
 -0.00008		  0.00005
 -0.00006		  0.00009
 -0.00003		  0.00011
  0.00000		  0.00013
  0.00004		  0.00013
  0.00008		  0.00012
  0.00012		  0.00010
  0.00015		  0.00007
  0.00017		  0.00003
  0.00018		 -0.00001
  0.00017		 -0.00006
  0.00015		 -0.00010
  0.00013		 -0.00013
  0.00009		 -0.00016
  0.00005		 -0.00018
  0.00000		 -0.00018
 -0.00004		 -0.00017
 -0.00008		 -0.00015
 -0.00011		 -0.00012
 -0.00013		 -0.00008
 -0.00014		 -0.00004
 -0.00014		 -0.00001
 -0.00012		  0.00003
 -0.00010		  0.00006
 -0.00007		  0.00007
 -0.00004		  0.00008
 -0.00001		  0.00008
  0.00002		  0.00007
  0.00004		  0.00005
  0.00005		  0.00002
  0.00005		 -0.00000
  0.00004		 -0.00003
  0.00002		 -0.00005
  0.00000		 -0.00006
 -0.00002		 -0.00007
 -0.00005		 -0.00006
 -0.00008		 -0.00005
 -0.00010		 -0.00003
 -0.00011		 -0.00000
 -0.00012		  0.00003
 -0.00011		  0.00006
 -0.00010		  0.00009
 -0.00007		  0.00012
 -0.00004		  0.00013
 -0.00001		  0.00014
  0.00002		  0.00014
  0.00006		  0.00013
  0.00008		  0.00011
  0.00011		  0.00009
  0.00012		  0.00006
  0.00013		  0.00003
  0.00013		 -0.00000
  0.00012		 -0.00003
  0.00010		 -0.00005
  0.00008		 -0.00007
  0.00006		 -0.00008
  0.00003		 -0.00008
  0.00001		 -0.00007
 -0.00000		 -0.00006
 -0.00002		 -0.00005
 -0.00002		 -0.00003
 -0.00002		 -0.00002
 -0.00002		 -0.00001
 -0.00001		  0.00000
  0.00000		  0.00001
  0.00002		  0.00001
  0.00003		 -0.00000
  0.00003		 -0.00001
  0.00004		 -0.00002
  0.00004		 -0.00004
  0.00003		 -0.00005
  0.00002		 -0.00006
  0.00001		 -0.00007
 -0.00001		 -0.00008
 -0.00002		 -0.00008
 -0.00004		 -0.00008
 -0.00006		 -0.00007
 -0.00007		 -0.00006
 -0.00008		 -0.00004
 -0.00009		 -0.00002
 -0.00009		 -0.00000
 -0.00009		  0.00002
 -0.00008		  0.00003
 -0.00007		  0.00005
 -0.00006		  0.00006
 -0.00005		  0.00006
 -0.00003		  0.00007
 -0.00002		  0.00007
 -0.00001		  0.00006
  0.00000		  0.00006
  0.00001		  0.00005
  0.00002		  0.00005
  0.00002		  0.00004
  0.00002		  0.00003
  0.00002		  0.00003
  0.00002		  0.00003
  0.00002		  0.00002
  0.00002		  0.00002
  0.00002		  0.00002
  0.00002		  0.00002
  0.00002		  0.00003
  0.00002		  0.00003
  0.00003		  0.00003
  0.00003		  0.00003
  0.00004		  0.00002
  0.00004		  0.00002
  0.00005		  0.00001
  0.00005		  0.00001
  0.00006		 -0.00000
  0.00006		 -0.00001
  0.00006		 -0.00002
  0.00005		 -0.00003
  0.00005		 -0.00004
  0.00004		 -0.00005
  0.00003		 -0.00005
  0.00002		 -0.00006
  0.00001		 -0.00006
  0.00000		 -0.00006
 -0.00001		 -0.00006
 -0.00002		 -0.00006
 -0.00002		 -0.00005
 -0.00003		 -0.00005
 -0.00004		 -0.00004
 -0.00004		 -0.00003
 -0.00004		 -0.00002
 -0.00004		 -0.00002
 -0.00004		 -0.00001
 -0.00004		 -0.00000
 -0.00004		 -0.00000
 -0.00004		  0.00000
 -0.00003		  0.00001
 -0.00003		  0.00001
 -0.00003		  0.00001
 -0.00003		  0.00001
 -0.00003		  0.00001
 -0.00003		  0.00001
 -0.00003		  0.00001
 -0.00003		  0.00002
 -0.00003		  0.00002
 -0.00003		  0.00002
 -0.00003		  0.00003
 -0.00003		  0.00004
 -0.00002		  0.00004
 -0.00002		  0.00005
 -0.00001		  0.00005
 -0.00000		  0.00006
  0.00001		  0.00006
  0.00002		  0.00006
  0.00003		  0.00005
  0.00004		  0.00005
  0.00005		  0.00004
  0.00006		  0.00003
  0.00006		  0.00002
  0.00006		  0.00001
  0.00006		 -0.00001
  0.00005		 -0.00002
  0.00005		 -0.00002
  0.00004		 -0.00003
  0.00003		 -0.00003
  0.00002		 -0.00003
  0.00001		 -0.00003
  0.00001		 -0.00003
  0.00000		 -0.00003
 -0.00000		 -0.00002
 -0.00000		 -0.00002
  0.00000		 -0.00001
  0.00001		 -0.00001
  0.00001		 -0.00001
  0.00001		 -0.00001
  0.00002		 -0.00002
  0.00002		 -0.00002
  0.00002		 -0.00003
  0.00001		 -0.00004
  0.00001		 -0.00004
 -0.00000		 -0.00005
 -0.00001		 -0.00005
 -0.00003		 -0.00005
 -0.00004		 -0.00005
 -0.00005		 -0.00004
 -0.00006		 -0.00003
 -0.00006		 -0.00002
 -0.00007		 -0.00000
 -0.00007		  0.00001
 -0.00006		  0.00003
 -0.00006		  0.00004
 -0.00004		  0.00005
 -0.00003		  0.00005
 -0.00002		  0.00006
 -0.00000		  0.00006
  0.00001		  0.00005
  0.00002		  0.00004
  0.00003		  0.00004
  0.00003		  0.00002
  0.00003		  0.00001
  0.00003		  0.00001
  0.00002		 -0.00000
  0.00001		 -0.00001
  0.00001		 -0.00001
 -0.00000		 -0.00001
 -0.00001		 -0.00000
 -0.00001		  0.00001
 -0.00001		  0.00001
 -0.00001		  0.00002
 -0.00000		  0.00003
  0.00001		  0.00004
  0.00002		  0.00004
  0.00003		  0.00004
  0.00004		  0.00003
  0.00005		  0.00002
  0.00005		  0.00001
  0.00006		 -0.00000
  0.00006		 -0.00001
  0.00006		 -0.00003
  0.00005		 -0.00004
  0.00004		 -0.00005
  0.00002		 -0.00006
  0.00001		 -0.00006
 -0.00000		 -0.00006
 -0.00002		 -0.00006
 -0.00003		 -0.00005
 -0.00004		 -0.00004
 -0.00004		 -0.00003
 -0.00004		 -0.00001
 -0.00004		 -0.00000
 -0.00004		  0.00001
 -0.00003		  0.00001
 -0.00002		  0.00002
 -0.00001		  0.00002
 -0.00000		  0.00002
  0.00000		  0.00001
  0.00001		  0.00001
  0.00001		  0.00000
  0.00001		 -0.00001
  0.00000		 -0.00001
 -0.00000		 -0.00002
 -0.00001		 -0.00002
 -0.00002		 -0.00002
 -0.00003		 -0.00001
 -0.00003		 -0.00001
 -0.00003		  0.00000
 -0.00003		  0.00001
 -0.00003		  0.00002
 -0.00003		  0.00003
 -0.00002		  0.00004
 -0.00001		  0.00004
 -0.00000		  0.00004
  0.00001		  0.00004
  0.00001		  0.00004
  0.00002		  0.00003
  0.00003		  0.00003
  0.00003		  0.00002
  0.00003		  0.00001
  0.00003		  0.00000
  0.00003		 -0.00000
  0.00003		 -0.00001
  0.00002		 -0.00001
  0.00002		 -0.00001
  0.00001		 -0.00002
  0.00001		 -0.00001
  0.00000		 -0.00001
  0.00000		 -0.00001
  0.00000		 -0.00001
  0.00000		 -0.00001
  0.00000		 -0.00000
  0.00000		 -0.00000
  0.00001		 -0.00000
  0.00001		 -0.00001
  0.00001		 -0.00001
  0.00001		 -0.00001
  0.00001		 -0.00001
  0.00001		 -0.00001
  0.00000		 -0.00002
 -0.00000		 -0.00002
 -0.00000		 -0.00002
 -0.00001		 -0.00002
 -0.00001		 -0.00002
 -0.00001		 -0.00001
 -0.00001		 -0.00001
 -0.00001		 -0.00001
 -0.00002		 -0.00000
 -0.00001		 -0.00000
 -0.00001		 -0.00000
 -0.00001		  0.00000
 -0.00001		  0.00000
 -0.00001		  0.00000
 -0.00001		  0.00000
 -0.00001		  0.00000
 -0.00001		  0.00000
 -0.00001		  0.00000
 -0.00001		  0.00001
 -0.00001		  0.00001
 -0.00001		  0.00001
 -0.00001		  0.00001
 -0.00001		  0.00001
 -0.00001		  0.00002
 -0.00000		  0.00002
  0.00000		  0.00002
  0.00000		  0.00002
  0.00001		  0.00002
  0.00001		  0.00002
  0.00002		  0.00001
  0.00002		  0.00001
  0.00002		  0.00000
  0.00002		  0.00000
  0.00002		 -0.00000
  0.00001		 -0.00001
  0.00001		 -0.00001
  0.00001		 -0.00001
  0.00000		 -0.00001
 -0.00000		 -0.00001
 -0.00000		 -0.00001
 -0.00001		 -0.00001
 -0.00001		 -0.00000
 -0.00001		  0.00000
 -0.00000		  0.00000
 -0.00000		  0.00001
  0.00000		  0.00001
  0.00001		  0.00001
  0.00001		  0.00000
  0.00001		  0.00000
  0.00001		 -0.00000
  0.00001		 -0.00001
  0.00001		 -0.00001
  0.00001		 -0.00002
  0.00001		 -0.00002
  0.00000		 -0.00002
 -0.00000		 -0.00002
 -0.00001		 -0.00002
 -0.00001		 -0.00002
 -0.00002		 -0.00001
 -0.00002		 -0.00001
 -0.00002		 -0.00000
 -0.00002		  0.00000
 -0.00002		  0.00001
 -0.00002		  0.00001
 -0.00001		  0.00002
 -0.00001		  0.00002
 -0.00000		  0.00002
  0.00000		  0.00002
  0.00001		  0.00001
  0.00001		  0.00001
  0.00001		  0.00001
  0.00001		  0.00000
  0.00001		 -0.00000
  0.00001		 -0.00001
  0.00001		 -0.00001
  0.00000		 -0.00001
 -0.00000		 -0.00001
 -0.00001		 -0.00001
 -0.00001		 -0.00001
 -0.00001		 -0.00000
 -0.00001		  0.00000
 -0.00001		  0.00001
 -0.00001		  0.00001
 -0.00001		  0.00001
 -0.00000		  0.00001
  0.00000		  0.00002
  0.00001		  0.00001
  0.00001		  0.00001
  0.00001		  0.00001
  0.00002		  0.00000
  0.00002		 -0.00000
  0.00002		 -0.00000
  0.00001		 -0.00001
  0.00001		 -0.00001
  0.00001		 -0.00001
  0.00000		 -0.00001
 -0.00000		 -0.00001
 -0.00000		 -0.00001
 -0.00001		 -0.00001
 -0.00001		 -0.00001
 -0.00001		 -0.00000
 -0.00001		 -0.00000
 -0.00001		  0.00000
 -0.00001		  0.00000
 -0.00001		  0.00001
 -0.00000		  0.00001
 -0.00000		  0.00001
  0.00000		  0.00001
  0.00000		  0.00000
  0.00000		  0.00000
  0.00000		  0.00000
  0.00000		 -0.00000
  0.00000		 -0.00000
  0.00000		 -0.00000
  0.00000		 -0.00001
 -0.00000		 -0.00001
 -0.00000		 -0.00001
 -0.00000		 -0.00000
 -0.00000		 -0.00000
 -0.00001		 -0.00000
 -0.00001		 -0.00000
 -0.00001		  0.00000
 -0.00001		  0.00000
 -0.00000		  0.00000
 -0.00000		  0.00000
 -0.00000		  0.00000
 -0.00000		  0.00001
  0.00000		  0.00001
  0.00000		  0.00000
  0.00000		  0.00000
  0.00000		  0.00000
  0.00000		  0.00000
  0.00000		  0.00000
  0.00000		  0.00000
  0.00000		  0.00000
  0.00000		 -0.00000
  0.00000		 -0.00000
  0.00000		 -0.00000
  0.00000		 -0.00000
  0.00000		 -0.00000
  0.00000		 -0.00000
  0.00000		 -0.00000
 -0.00000		 -0.00000
 -0.00000		 -0.00000
 -0.00000		 -0.00000
 -0.00000		 -0.00000
 -0.00000		 -0.00000
 -0.00000		  0.00000
 -0.00000		  0.00000
 -0.00000		  0.00000
 -0.00000		  0.00000
 -0.00000		  0.00000
  0.00000		  0.00000
  0.00000		  0.00000
  0.00000		  0.00000
  0.00000		  0.00000
  0.00000		  0.00000
  0.00000		 -0.00000
  0.00000		 -0.00000
  0.00000		 -0.00000
  0.00000		 -0.00000
  0.00000		 -0.00000
  0.00000		 -0.00001
 -0.00000		 -0.00001
 -0.00000		 -0.00000
 -0.00000		 -0.00000
 -0.00000		 -0.00000
 -0.00001		 -0.00000
 -0.00001		  0.00000
 -0.00000		  0.00000
 -0.00000		  0.00000
 -0.00000		  0.00000
 -0.00000		  0.00000
  0.00000		  0.00000
  0.00000		  0.00000
  0.00000		  0.00000
  0.00000		  0.00000
  0.00000		  0.00000
  0.00000		 -0.00000
  0.00000		 -0.00000
  0.00000		 -0.00000
  0.00000		 -0.00000
  0.00000		 -0.00001
 -0.00000		 -0.00001
 -0.00000		 -0.00000
 -0.00000		 -0.00000
 -0.00001		 -0.00000
 -0.00001		 -0.00000
 -0.00001		  0.00000
 -0.00001		  0.00000
 -0.00000		  0.00000
 -0.00000		  0.00001
 -0.00000		  0.00001
  0.00000		  0.00001
  0.00000		  0.00001
  0.00000		  0.00000
  0.00000		  0.00000
  0.00001		  0.00000
  0.00001		  0.00000
  0.00000		 -0.00000
  0.00000		 -0.00000
  0.00000		 -0.00000
  0.00000		 -0.00000
  0.00000		 -0.00000
 -0.00000		 -0.00000
 -0.00000		 -0.00000
 -0.00000		 -0.00000
 -0.00000		 -0.00000
 -0.00000		  0.00000
 -0.00000		  0.00000
 -0.00000		  0.00000
 -0.00000		  0.00000
 -0.00000		  0.00000
  0.00000		  0.00000
  0.00000		  0.00000
  0.00000		  0.00000
  0.00000		  0.00000
  0.00000		 -0.00000
  0.00000		 -0.00000
  0.00000		 -0.00000
  0.00000		 -0.00000
  0.00000		 -0.00000
  0.00000		 -0.00000
 -0.00000		 -0.00000
 -0.00000		 -0.00000
 -0.00000		 -0.00000
 -0.00000		 -0.00000
 -0.00000		 -0.00000
 -0.00000		 -0.00000
 -0.00000		 -0.00000
 -0.00000		  0.00000
 -0.00000		  0.00000
 -0.00000		  0.00000
 -0.00000		  0.00000
 -0.00000		  0.00000
 -0.00000		  0.00000
 -0.00000		  0.00000
  0.00000		  0.00000
  0.00000		  0.00000
  0.00000		  0.00000
  0.00000		  0.00000
  0.00000		  0.00000
  0.00000		  0.00000
  0.00000		 -0.00000
  0.00000		 -0.00000
  0.00000		 -0.00000
  0.00000		 -0.00000
  0.00000		 -0.00000
  0.00000		 -0.00000
 -0.00000		 -0.00000
 -0.00000		 -0.00000
 -0.00000		 -0.00000
 -0.00000		 -0.00000
 -0.00000		  0.00000
 -0.00000		  0.00000
 -0.00000		  0.00000
 -0.00000		  0.00000
 -0.00000		  0.00000
  0.00000		  0.00000
  0.00000		  0.00000
  0.00000		  0.00000
  0.00000		  0.00000
  0.00000		  0.00000
  0.00000		 -0.00000
  0.00000		 -0.00000
  0.00000		 -0.00000
  0.00000		 -0.00000
  0.00000		 -0.00000
 -0.00000		 -0.00001
 -0.00000		 -0.00000
 -0.00000		 -0.00000
 -0.00000		 -0.00000
 -0.00001		 -0.00000
 -0.00001		 -0.00000
 -0.00001		  0.00000
 -0.00001		  0.00000
 -0.00000		  0.00000
 -0.00000		  0.00001
 -0.00000		  0.00001
  0.00000		  0.00001
  0.00000		  0.00001
  0.00000		  0.00000
  0.00001		  0.00000
  0.00001		  0.00000
  0.00001		 -0.00000
  0.00001		 -0.00000
  0.00000		 -0.00000
  0.00000		 -0.00001
  0.00000		 -0.00001
 -0.00000		 -0.00001
 -0.00000		 -0.00000
 -0.00000		 -0.00000
 -0.00001		 -0.00000
 -0.00001		  0.00000
 -0.00001		  0.00000
 -0.00000		  0.00000
 -0.00000		  0.00001
 -0.00000		  0.00001
  0.00000		  0.00001
  0.00000		  0.00001
  0.00001		  0.00001
  0.00001		  0.00000
  0.00001		  0.00000
  0.00001		 -0.00000
  0.00001		 -0.00000
  0.00001		 -0.00001
  0.00000		 -0.00001
  0.00000		 -0.00001
 -0.00000		 -0.00001
 -0.00000		 -0.00001
 -0.00001		 -0.00001
 -0.00001		 -0.00001
 -0.00001		 -0.00000
 -0.00001		 -0.00000
 -0.00001		  0.00000
 -0.00001		  0.00001
 -0.00001		  0.00001
 -0.00000		  0.00001
 -0.00000		  0.00001
  0.00000		  0.00001
  0.00000		  0.00001
  0.00001		  0.00000
  0.00001		  0.00000
  0.00001		 -0.00000
  0.00001		 -0.00000
  0.00001		 -0.00000
  0.00000		 -0.00001
  0.00000		 -0.00001
 -0.00000		 -0.00001
 -0.00000		 -0.00001
 -0.00001		 -0.00000
 -0.00001		 -0.00000
 -0.00001		  0.00000
 -0.00001		  0.00000
 -0.00001		  0.00001
 -0.00000		  0.00001
 -0.00000		  0.00001
  0.00000		  0.00001
  0.00000		  0.00001
  0.00001		  0.00001
  0.00001		  0.00001
  0.00001		  0.00000
  0.00001		  0.00000
  0.00001		 -0.00000
  0.00001		 -0.00001
  0.00001		 -0.00001
  0.00000		 -0.00001
  0.00000		 -0.00001
 -0.00000		 -0.00001
 -0.00000		 -0.00001
 -0.00001		 -0.00001
 -0.00001		 -0.00000
 -0.00001		 -0.00000
 -0.00001		  0.00000
 -0.00001		  0.00000
 -0.00000		  0.00000
 -0.00000		  0.00001
 -0.00000		  0.00001
  0.00000		  0.00001
  0.00000		  0.00000
  0.00001		  0.00000
  0.00001		 -0.00000
  0.00001		 -0.00000
  0.00001		 -0.00000
  0.00000		 -0.00001
  0.00000		 -0.00001
 -0.00000		 -0.00001
 -0.00000		 -0.00001
 -0.00001		 -0.00001
 -0.00001		 -0.00001
 -0.00001		 -0.00000
 -0.00001		  0.00000
 -0.00001		  0.00000
 -0.00001		  0.00001
 -0.00001		  0.00001
 -0.00000		  0.00001
 -0.00000		  0.00001
  0.00000		  0.00001
  0.00000		  0.00001
  0.00001		  0.00001
  0.00001		  0.00001
  0.00001		  0.00000
  0.00001		  0.00000
  0.00001		 -0.00000
  0.00001		 -0.00000
  0.00000		 -0.00000
  0.00000		 -0.00000
  0.00000		 -0.00000
 -0.00000		 -0.00000
 -0.00000		 -0.00000
 -0.00000		 -0.00000
 -0.00000		 -0.00000
 -0.00000		  0.00000
 -0.00000		  0.00000
 -0.00000		  0.00000
  0.00000		  0.00000
  0.00000		  0.00000
  0.00000		  0.00000
  0.00001		  0.00000
  0.00001		  0.00000
  0.00001		 -0.00000
  0.00001		 -0.00000
  0.00001		 -0.00000
  0.00001		 -0.00001
  0.00000		 -0.00001
  0.00000		 -0.00001
 -0.00000		 -0.00001
 -0.00000		 -0.00001
 -0.00000		 -0.00001
 -0.00001		 -0.00001
 -0.00001		 -0.00000
 -0.00001		 -0.00000
 -0.00001		 -0.00000
 -0.00001		  0.00000
 -0.00001		  0.00000
 -0.00001		  0.00000
 -0.00000		  0.00000
 -0.00000		  0.00000
 -0.00000		  0.00000
 -0.00000		  0.00000
  0.00000		  0.00000
  0.00000		  0.00000
  0.00000		  0.00000
  0.00000		  0.00000
  0.00000		  0.00000
  0.00000		 -0.00000
 -0.00000		 -0.00000
 -0.00000		 -0.00000
 -0.00000		 -0.00000
 -0.00000		  0.00000
 -0.00000		  0.00000
 -0.00000		  0.00000
 -0.00000		  0.00000
 -0.00000		  0.00000
 -0.00000		  0.00001
 -0.00000		  0.00001
  0.00000		  0.00001
  0.00000		  0.00001
  0.00000		  0.00001
  0.00001		  0.00001
  0.00001		  0.00000
  0.00001		  0.00000
  0.00001		  0.00000
  0.00001		 -0.00000
  0.00001		 -0.00000
  0.00001		 -0.00000
  0.00001		 -0.00001
  0.00000		 -0.00001
  0.00000		 -0.00001
  0.00000		 -0.00001
  0.00000		 -0.00001
 -0.00000		 -0.00001
 -0.00000		 -0.00001
 -0.00000		 -0.00000
 -0.00000		 -0.00000
 -0.00000		 -0.00000
 -0.00000		 -0.00000
 -0.00000		  0.00000
 -0.00000		  0.00000
 -0.00000		  0.00000
 -0.00000		  0.00000
 -0.00000		  0.00000
  0.00000		  0.00000
  0.00000		 -0.00000
  0.00000		 -0.00000
  0.00000		 -0.00000
  0.00000		 -0.00000
 -0.00000		 -0.00000
 -0.00000		 -0.00000
 -0.00000		 -0.00000
 -0.00000		 -0.00000
 -0.00001		 -0.00000
 -0.00001		 -0.00000
 -0.00001		  0.00000
 -0.00001		  0.00000
 -0.00001		  0.00000
 -0.00001		  0.00001
 -0.00001		  0.00001
 -0.00000		  0.00001
 -0.00000		  0.00001
  0.00000		  0.00001
  0.00000		  0.00001
  0.00001		  0.00001
  0.00001		  0.00001
  0.00001		  0.00000
  0.00001		  0.00000
  0.00001		  0.00000
  0.00001		 -0.00000
  0.00001		 -0.00000
  0.00001		 -0.00000
  0.00000		 -0.00001
  0.00000		 -0.00001
 -0.00000		 -0.00001
 -0.00000		 -0.00000
 -0.00000		 -0.00000
 -0.00000		 -0.00000
 -0.00000		  0.00000
 -0.00000		  0.00000
 -0.00000		  0.00000
  0.00000		  0.00000
  0.00000		  0.00000
  0.00000		  0.00000
  0.00001		  0.00000
  0.00001		 -0.00000
  0.00001		 -0.00000
  0.00001		 -0.00000
  0.00001		 -0.00001
  0.00000		 -0.00001
  0.00000		 -0.00001
 -0.00000		 -0.00001
 -0.00000		 -0.00001
 -0.00001		 -0.00001
 -0.00001		 -0.00001
 -0.00001		 -0.00001
 -0.00001		 -0.00000
 -0.00001		 -0.00000
 -0.00001		  0.00000
 -0.00001		  0.00000
 -0.00001		  0.00001
 -0.00001		  0.00001
 -0.00000		  0.00001
 -0.00000		  0.00001
  0.00000		  0.00001
  0.00000		  0.00001
  0.00000		  0.00001
  0.00000		  0.00000
  0.00000		  0.00000
  0.00000		 -0.00000
  0.00000		 -0.00000
  0.00000		 -0.00000
  0.00000		 -0.00000
 -0.00000		 -0.00000
 -0.00000		 -0.00000
 -0.00000		 -0.00000
 -0.00000		  0.00000
 -0.00000		  0.00000
 -0.00000		  0.00000
 -0.00000		  0.00001
 -0.00000		  0.00001
  0.00000		  0.00001
  0.00000		  0.00001
  0.00001		  0.00001
  0.00001		  0.00000
  0.00001		  0.00000
  0.00001		  0.00000
  0.00001		 -0.00000
  0.00001		 -0.00000
  0.00001		 -0.00001
  0.00001		 -0.00001
  0.00000		 -0.00001
  0.00000		 -0.00001
  0.00000		 -0.00001
 -0.00000		 -0.00001
 -0.00000		 -0.00001
 -0.00000		 -0.00001
 -0.00000		 -0.00000
 -0.00001		 -0.00000
 -0.00000		 -0.00000
 -0.00000		  0.00000
 -0.00000		  0.00000
 -0.00000		  0.00000
 -0.00000		  0.00000
 -0.00000		  0.00000
  0.00000		  0.00000
  0.00000		 -0.00000
  0.00000		 -0.00000
  0.00000		 -0.00000
 -0.00000		 -0.00000
 -0.00000		 -0.00000
 -0.00000		 -0.00000
 -0.00000		 -0.00000
 -0.00000		 -0.00000
 -0.00000		 -0.00000
 -0.00000		  0.00000
 -0.00000		  0.00000
 -0.00000		  0.00000
 -0.00000		  0.00000
 -0.00000		  0.00000
 -0.00000		  0.00001
 -0.00000		  0.00001
 -0.00000		  0.00001
  0.00000		  0.00001
  0.00000		  0.00000
  0.00000		  0.00000
  0.00000		  0.00000
  0.00000		  0.00000
  0.00000		  0.00000
  0.00000		  0.00000
  0.00000		  0.00000
  0.00000		  0.00000
  0.00000		 -0.00000
  0.00000		 -0.00000
  0.00000		 -0.00000
  0.00000		 -0.00000
  0.00000		 -0.00000
  0.00000		 -0.00000
  0.00000		 -0.00000
  0.00000		 -0.00000
  0.00000		 -0.00000
  0.00000		 -0.00000
  0.00000		 -0.00000
  0.00000		 -0.00000
  0.00000		 -0.00000
  0.00000		 -0.00000
  0.00000		 -0.00000
 -0.00000		 -0.00000
 -0.00000		 -0.00000
 -0.00000		 -0.00000
 -0.00000		 -0.00000
 -0.00000		 -0.00000
 -0.00000		 -0.00000
 -0.00000		 -0.00000
 -0.00000		 -0.00000
 -0.00000		 -0.00000
 -0.00000		 -0.00000
 -0.00000		 -0.00000
 -0.00000		 -0.00000
 -0.00000		 -0.00000
 -0.00000		 -0.00000
 -0.00000		 -0.00000
 -0.00000		 -0.00000
 -0.00000		 -0.00000
 -0.00000		  0.00000
 -0.00000		  0.00000
 -0.00000		  0.00000
 -0.00000		  0.00000
 -0.00000		  0.00000
 -0.00000		  0.00000
 -0.00000		  0.00000
 -0.00000		  0.00000
  0.00000		  0.00000
  0.00000		  0.00000
  0.00000		  0.00000
  0.00000		  0.00000
  0.00000		  0.00000
  0.00000		  0.00000
  0.00000		  0.00000
  0.00000		  0.00000
  0.00000		 -0.00000
  0.00000		 -0.00000
  0.00000		 -0.00000
  0.00000		 -0.00000
  0.00000		 -0.00000
  0.00000		 -0.00000
  0.00000		 -0.00000
  0.00000		 -0.00000
  0.00000		  0.00000
  0.00000		  0.00000
  0.00000		  0.00000
  0.00000		  0.00000
  0.00000		  0.00000
  0.00000		 -0.00000
  0.00000		 -0.00000
  0.00000		 -0.00000
  0.00000		 -0.00000
  0.00000		 -0.00000
  0.00000		 -0.00000
  0.00000		 -0.00000
 -0.00000		 -0.00000
 -0.00000		 -0.00000
 -0.00000		 -0.00000
 -0.00000		 -0.00000
 -0.00000		 -0.00000
 -0.00000		 -0.00000
 -0.00000		 -0.00000
 -0.00000		  0.00000
 -0.00000		  0.00000
 -0.00000		  0.00000
 -0.00000		  0.00000
 -0.00000		  0.00000
 -0.00000		  0.00000
 -0.00000		  0.00000
 -0.00000		  0.00000
  0.00000		  0.00000
  0.00000		  0.00000
  0.00000		  0.00000
  0.00000		  0.00000
  0.00000		  0.00000
 -0.00000		  0.00000
 -0.00000		  0.00000
 -0.00000		  0.00000
 -0.00000		  0.00000
 -0.00000		  0.00000
 -0.00000		  0.00000
 -0.00000		  0.00000
 -0.00000		  0.00000
  0.00000		  0.00000
  0.00000		  0.00000
  0.00000		  0.00000
  0.00000		  0.00000
  0.00000		  0.00000
  0.00000		  0.00000
  0.00000		  0.00000
  0.00000		 -0.00000
  0.00000		 -0.00000
  0.00000		 -0.00000
  0.00000		 -0.00000
  0.00000		 -0.00000
  0.00000		 -0.00000
  0.00000		 -0.00000
 -0.00000		 -0.00000
 -0.00000		 -0.00000
 -0.00000		 -0.00000
 -0.00000		 -0.00000
 -0.00000		 -0.00000
 -0.00000		 -0.00000
 -0.00000		 -0.00000
 -0.00000		 -0.00000
  0.00000		 -0.00000
  0.00000		 -0.00000
  0.00000		 -0.00000
  0.00000		 -0.00000
  0.00000		 -0.00000
 -0.00000		 -0.00000
 -0.00000		 -0.00000
 -0.00000		 -0.00000
 -0.00000		 -0.00000
 -0.00000		 -0.00000
 -0.00000		 -0.00000
 -0.00000		 -0.00000
 -0.00000		  0.00000
 -0.00000		  0.00000
 -0.00000		  0.00000
 -0.00000		  0.00000
 -0.00000		  0.00000
 -0.00000		  0.00000
 -0.00000		  0.00000
  0.00000		  0.00000
  0.00000		  0.00000
  0.00000		  0.00000
  0.00000		  0.00000
  0.00000		  0.00000
  0.00000		  0.00000
  0.00000		 -0.00000
  0.00000		 -0.00000
  0.00000		 -0.00000
  0.00000		 -0.00000
 -0.00000		 -0.00000
 -0.00000		 -0.00000
 -0.00000		 -0.00000
 -0.00000		  0.00000
 -0.00000		  0.00000
 -0.00000		  0.00000
 -0.00000		  0.00000
  0.00000		  0.00000
  0.00000		  0.00000
  0.00000		  0.00000
  0.00000		  0.00000
  0.00000		  0.00000
  0.00000		  0.00000
  0.00000		 -0.00000
  0.00000		 -0.00000
  0.00000		 -0.00000
  0.00000		 -0.00000
  0.00000		 -0.00000
  0.00000		 -0.00000
 -0.00000		 -0.00000
 -0.00000		 -0.00000
 -0.00000		 -0.00000
 -0.00000		 -0.00000
 -0.00000		 -0.00000
 -0.00000		 -0.00000
 -0.00000		  0.00000
 -0.00000		  0.00000
 -0.00000		  0.00000
 -0.00000		  0.00000
 -0.00000		  0.00000
  0.00000		  0.00000
  0.00000		  0.00000
  0.00000		  0.00000
  0.00000		  0.00000
  0.00000		  0.00000
  0.00000		  0.00000
  0.00000		 -0.00000
  0.00000		 -0.00000
  0.00000		 -0.00000
  0.00000		 -0.00000
  0.00000		 -0.00000
  0.00000		 -0.00000
 -0.00000		 -0.00000
 -0.00000		 -0.00000
 -0.00000		 -0.00000
 -0.00000		 -0.00000
 -0.00000		 -0.00000
 -0.00000		  0.00000
 -0.00000		  0.00000
 -0.00000		  0.00000
 -0.00000		  0.00000
 -0.00000		  0.00000
  0.00000		  0.00000
  0.00000		  0.00000
  0.00000		  0.00000
  0.00000		  0.00000
  0.00000		  0.00000
  0.00000		 -0.00000
  0.00000		 -0.00000
  0.00000		 -0.00000
  0.00000		 -0.00000
 -0.00000		 -0.00000
 -0.00000		 -0.00000
 -0.00000		 -0.00000
 -0.00000		 -0.00000
 -0.00000		 -0.00000
 -0.00000		 -0.00000
 -0.00000		  0.00000
 -0.00000		  0.00000
 -0.00000		  0.00000
 -0.00000		  0.00000
 -0.00000		  0.00000
 -0.00000		  0.00000
  0.00000		  0.00000
  0.00000		  0.00000
  0.00000		  0.00000
  0.00000		  0.00000
  0.00000		  0.00000
  0.00000		  0.00000
  0.00000		 -0.00000
  0.00000		 -0.00000
  0.00000		 -0.00000
  0.00000		 -0.00000
  0.00000		 -0.00000
 -0.00000		 -0.00000
 -0.00000		 -0.00000
 -0.00000		 -0.00000
 -0.00000		 -0.00000
 -0.00000		 -0.00000
 -0.00000		  0.00000
 -0.00000		  0.00000
 -0.00000		  0.00000
 -0.00000		  0.00000
  0.00000		  0.00000
  0.00000		  0.00000
  0.00000		  0.00000
  0.00000		  0.00000
  0.00000		 -0.00000
  0.00000		 -0.00000
  0.00000		 -0.00000
  0.00000		 -0.00000
  0.00000		 -0.00000
  0.00000		 -0.00000
 -0.00000		 -0.00000
 -0.00000		 -0.00000
 -0.00000		 -0.00000
 -0.00000		 -0.00000
 -0.00000		 -0.00000
 -0.00000		 -0.00000
 -0.00000		  0.00000
 -0.00000		  0.00000
 -0.00000		  0.00000
 -0.00000		  0.00000
 -0.00000		  0.00000
 -0.00000		  0.00000
  0.00000		  0.00000
  0.00000		  0.00000
  0.00000		  0.00000
  0.00000		  0.00000
  0.00000		  0.00000
  0.00000		  0.00000
  0.00000		 -0.00000
  0.00000		 -0.00000
  0.00000		 -0.00000
  0.00000		 -0.00000
 -0.00000		 -0.00000
 -0.00000		 -0.00000
 -0.00000		  0.00000
 -0.00000		  0.00000
 -0.00000		  0.00000
 -0.00000		  0.00000
 -0.00000		  0.00000
  0.00000		  0.00000
  0.00000		  0.00000
  0.00000		  0.00000
  0.00000		  0.00000
  0.00000		  0.00000
  0.00000		  0.00000
  0.00000		 -0.00000
  0.00000		 -0.00000
  0.00000		 -0.00000
  0.00000		 -0.00000
  0.00000		 -0.00000
  0.00000		 -0.00000
  0.00000		 -0.00000
  0.00000		 -0.00000
 -0.00000		 -0.00000
 -0.00000		 -0.00000
 -0.00000		 -0.00000
 -0.00000		 -0.00000
 -0.00000		 -0.00000
 -0.00000		 -0.00000
 -0.00000		 -0.00000
 -0.00000		 -0.00000
 -0.00000		 -0.00000
 -0.00000		  0.00000
 -0.00000		  0.00000
 -0.00000		  0.00000
 -0.00000		  0.00000
 -0.00000		  0.00000
 -0.00000		  0.00000
 -0.00000		  0.00000
 -0.00000		  0.00000
 -0.00000		  0.00000
 -0.00000		  0.00000
 -0.00000		  0.00000
 -0.00000		  0.00000
 -0.00000		  0.00000
 -0.00000		  0.00000
 -0.00000		  0.00000
 -0.00000		  0.00000
 -0.00000		  0.00000
 -0.00000		  0.00000
 -0.00000		  0.00000
 -0.00000		  0.00000
 -0.00000		  0.00000
 -0.00000		  0.00000
  0.00000		  0.00000
  0.00000		  0.00000
  0.00000		  0.00000
  0.00000		  0.00000
  0.00000		  0.00000
  0.00000		  0.00000
  0.00000		  0.00000
  0.00000		  0.00000
  0.00000		  0.00000
  0.00000		 -0.00000
  0.00000		 -0.00000
  0.00000		 -0.00000
  0.00000		 -0.00000
  0.00000		 -0.00000
  0.00000		 -0.00000
  0.00000		 -0.00000
 -0.00000		 -0.00000
 -0.00000		 -0.00000
 -0.00000		 -0.00000
 -0.00000		 -0.00000
 -0.00000		 -0.00000
 -0.00000		 -0.00000
 -0.00000		 -0.00000
 -0.00000		 -0.00000
 -0.00000		  0.00000
 -0.00000		  0.00000
 -0.00000		  0.00000
 -0.00000		  0.00000
  0.00000		 -0.00000
  0.00000		 -0.00000
  0.00000		 -0.00000
 -0.00000		 -0.00000
 -0.00000		 -0.00000
 -0.00000		 -0.00000
 -0.00000		 -0.00000
 -0.00000		 -0.00000
 -0.00000		 -0.00000
 -0.00000		 -0.00000
 -0.00000		  0.00000
 -0.00000		  0.00000
 -0.00000		  0.00000
 -0.00000		  0.00000
 -0.00000		  0.00000
 -0.00000		  0.00000
 -0.00000		  0.00000
  0.00000		  0.00000
  0.00000		  0.00000
  0.00000		  0.00000
  0.00000		  0.00000
  0.00000		  0.00000
  0.00000		  0.00000
  0.00000		  0.00000
  0.00000		 -0.00000
  0.00000		 -0.00000
  0.00000		 -0.00000
  0.00000		 -0.00000
  0.00000		 -0.00000
  0.00000		 -0.00000
  0.00000		 -0.00000
  0.00000		 -0.00000
 -0.00000		 -0.00000
 -0.00000		 -0.00000
  0.00000		  0.00000
  0.00000		  0.00000
  0.00000		  0.00000
  0.00000		  0.00000
  0.00000		  0.00000
  0.00000		 -0.00000
  0.00000		 -0.00000
  0.00000		 -0.00000
  0.00000		 -0.00000
  0.00000		 -0.00000
  0.00000		 -0.00000
  0.00000		 -0.00000
 -0.00000		 -0.00000
 -0.00000		 -0.00000
 -0.00000		 -0.00000
 -0.00000		 -0.00000
 -0.00000		 -0.00000
 -0.00000		 -0.00000
 -0.00000		 -0.00000
 -0.00000		 -0.00000
 -0.00000		  0.00000
 -0.00000		  0.00000
 -0.00000		  0.00000
 -0.00000		  0.00000
 -0.00000		  0.00000
 -0.00000		  0.00000
 -0.00000		  0.00000
 -0.00000		  0.00000
  0.00000		  0.00000
  0.00000		  0.00000
  0.00000		  0.00000
  0.00000		  0.00000
  0.00000		  0.00000
 -0.00000		  0.00000
 -0.00000		  0.00000
 -0.00000		  0.00000
 -0.00000		  0.00000
 -0.00000		  0.00000
  0.00000		  0.00000
  0.00000		  0.00000
  0.00000		  0.00000
  0.00000		  0.00000
  0.00000		  0.00000
  0.00000		  0.00000
  0.00000		  0.00000
  0.00000		  0.00000
  0.00000		  0.00000
  0.00000		  0.00000
  0.00000		 -0.00000
  0.00000		 -0.00000
  0.00000		 -0.00000
  0.00000		 -0.00000
  0.00000		 -0.00000
  0.00000		 -0.00000
  0.00000		 -0.00000
  0.00000		 -0.00000
  0.00000		 -0.00000
 -0.00000		 -0.00000
 -0.00000		 -0.00000
 -0.00000		 -0.00000
 -0.00000		 -0.00000
 -0.00000		 -0.00000
 -0.00000		 -0.00000
 -0.00000		 -0.00000
 -0.00000		 -0.00000
 -0.00000		 -0.00000
 -0.00000		 -0.00000
 -0.00000		 -0.00000
 -0.00000		 -0.00000
 -0.00000		 -0.00000
 -0.00000		 -0.00000
 -0.00000		 -0.00000
 -0.00000		 -0.00000
 -0.00000		  0.00000
 -0.00000		  0.00000
 -0.00000		  0.00000
 -0.00000		  0.00000
 -0.00000		  0.00000
 -0.00000		  0.00000
 -0.00000		  0.00000
 -0.00000		  0.00000
 -0.00000		  0.00000
 -0.00000		  0.00000
 -0.00000		  0.00000
 -0.00000		  0.00000
  0.00000		  0.00000
  0.00000		  0.00000
  0.00000		  0.00000
  0.00000		  0.00000
  0.00000		  0.00000
  0.00000		  0.00000
  0.00000		  0.00000
  0.00000		  0.00000
  0.00000		  0.00000
  0.00000		 -0.00000
  0.00000		 -0.00000
  0.00000		 -0.00000
  0.00000		 -0.00000
  0.00000		 -0.00000
  0.00000		 -0.00000
  0.00000		 -0.00000
  0.00000		 -0.00000
  0.00000		 -0.00000
  0.00000		 -0.00000
  0.00000		 -0.00000
  0.00000		 -0.00000
  0.00000		 -0.00000
  0.00000		 -0.00000
  0.00000		 -0.00000
  0.00000		 -0.00000
  0.00000		 -0.00000
  0.00000		 -0.00000
  0.00000		 -0.00000
  0.00000		 -0.00000
 -0.00000		 -0.00000
 -0.00000		 -0.00000
 -0.00000		 -0.00000
 -0.00000		 -0.00000
 -0.00000		 -0.00000
 -0.00000		 -0.00000
 -0.00000		 -0.00000
 -0.00000		  0.00000
 -0.00000		  0.00000
 -0.00000		  0.00000
 -0.00000		  0.00000
 -0.00000		  0.00000
 -0.00000		  0.00000
 -0.00000		  0.00000
  0.00000		  0.00000
  0.00000		  0.00000
  0.00000		  0.00000
  0.00000		  0.00000
  0.00000		  0.00000
  0.00000		  0.00000
  0.00000		 -0.00000
  0.00000		 -0.00000
 -0.00000		 -0.00000
 -0.00000		 -0.00000
 -0.00000		  0.00000
 -0.00000		  0.00000
 -0.00000		  0.00000
 -0.00000		  0.00000
 -0.00000		  0.00000
 -0.00000		  0.00000
  0.00000		  0.00000
  0.00000		  0.00000
  0.00000		  0.00000
  0.00000		  0.00000
  0.00000		  0.00000
  0.00000		  0.00000
  0.00000		 -0.00000
  0.00000		 -0.00000
  0.00000		 -0.00000
  0.00000		 -0.00000
  0.00000		 -0.00000
  0.00000		 -0.00000
 -0.00000		 -0.00000
 -0.00000		 -0.00000
 -0.00000		 -0.00000
 -0.00000		 -0.00000
 -0.00000		 -0.00000
 -0.00000		 -0.00000
 -0.00000		  0.00000
 -0.00000		  0.00000
 -0.00000		  0.00000
 -0.00000		  0.00000
 -0.00000		  0.00000
  0.00000		  0.00000
  0.00000		  0.00000
  0.00000		  0.00000
  0.00000		 -0.00000
  0.00000		 -0.00000
  0.00000		 -0.00000
  0.00000		 -0.00000
 -0.00000		 -0.00000
 -0.00000		 -0.00000
 -0.00000		 -0.00000
 -0.00000		 -0.00000
 -0.00000		 -0.00000
 -0.00000		  0.00000
 -0.00000		  0.00000
 -0.00000		  0.00000
 -0.00000		  0.00000
 -0.00000		  0.00000
 -0.00000		  0.00000
  0.00000		  0.00000
  0.00000		  0.00000
  0.00000		  0.00000
  0.00000		  0.00000
  0.00000		  0.00000
  0.00000		  0.00000
  0.00000		 -0.00000
  0.00000		 -0.00000
  0.00000		 -0.00000
  0.00000		 -0.00000
  0.00000		 -0.00000
  0.00000		 -0.00000
 -0.00000		 -0.00000
 -0.00000		 -0.00000
 -0.00000		 -0.00000
 -0.00000		 -0.00000
 -0.00000		  0.00000
 -0.00000		  0.00000
 -0.00000		  0.00000
 -0.00000		  0.00000
  0.00000		  0.00000
  0.00000		  0.00000
  0.00000		  0.00000
  0.00000		  0.00000
  0.00000		 -0.00000
  0.00000		 -0.00000
  0.00000		 -0.00000
  0.00000		 -0.00000
  0.00000		 -0.00000
  0.00000		 -0.00000
 -0.00000		 -0.00000
 -0.00000		 -0.00000
 -0.00000		 -0.00000
 -0.00000		 -0.00000
 -0.00000		 -0.00000
 -0.00000		 -0.00000
 -0.00000		  0.00000
 -0.00000		  0.00000
 -0.00000		  0.00000
 -0.00000		  0.00000
 -0.00000		  0.00000
 -0.00000		  0.00000
  0.00000		  0.00000
  0.00000		  0.00000
  0.00000		  0.00000
  0.00000		  0.00000
  0.00000		  0.00000
  0.00000		 -0.00000
  0.00000		 -0.00000
  0.00000		 -0.00000
  0.00000		 -0.00000
 -0.00000		 -0.00000
 -0.00000		 -0.00000
 -0.00000		 -0.00000
 -0.00000		 -0.00000
 -0.00000		  0.00000
 -0.00000		  0.00000
 -0.00000		  0.00000
 -0.00000		  0.00000
 -0.00000		  0.00000
  0.00000		  0.00000
  0.00000		  0.00000
  0.00000		  0.00000
  0.00000		  0.00000
  0.00000		  0.00000
  0.00000		  0.00000
  0.00000		 -0.00000
  0.00000		 -0.00000
  0.00000		 -0.00000
  0.00000		 -0.00000
  0.00000		 -0.00000
  0.00000		 -0.00000
  0.00000		 -0.00000
 -0.00000		 -0.00000
 -0.00000		 -0.00000
 -0.00000		 -0.00000
 -0.00000		 -0.00000
 -0.00000		 -0.00000
 -0.00000		 -0.00000
 -0.00000		  0.00000
 -0.00000		  0.00000
 -0.00000		  0.00000
 -0.00000		  0.00000
 -0.00000		  0.00000
 -0.00000		  0.00000
  0.00000		  0.00000
  0.00000		  0.00000
  0.00000		  0.00000
  0.00000		  0.00000
  0.00000		 -0.00000
  0.00000		 -0.00000
  0.00000		 -0.00000
  0.00000		 -0.00000
 -0.00000		 -0.00000
 -0.00000		 -0.00000
 -0.00000		 -0.00000
 -0.00000		 -0.00000
 -0.00000		 -0.00000
 -0.00000		  0.00000
 -0.00000		  0.00000
 -0.00000		  0.00000
 -0.00000		  0.00000
 -0.00000		  0.00000
 -0.00000		  0.00000
 -0.00000		  0.00000
  0.00000		  0.00000
  0.00000		  0.00000
  0.00000		  0.00000
  0.00000		  0.00000
  0.00000		  0.00000
  0.00000		  0.00000
  0.00000		 -0.00000
  0.00000		 -0.00000
  0.00000		 -0.00000
  0.00000		 -0.00000
  0.00000		 -0.00000
  0.00000		 -0.00000
 -0.00000		 -0.00000
 -0.00000		 -0.00000
 -0.00000		 -0.00000
 -0.00000		 -0.00000
 -0.00000		 -0.00000
 -0.00000		  0.00000
 -0.00000		  0.00000
 -0.00000		  0.00000
 -0.00000		  0.00000
  0.00000		  0.00000
  0.00000		  0.00000
  0.00000		  0.00000
  0.00000		  0.00000
  0.00000		  0.00000
  0.00000		 -0.00000
  0.00000		 -0.00000
  0.00000		 -0.00000
  0.00000		 -0.00000
  0.00000		 -0.00000
 -0.00000		 -0.00000
 -0.00000		 -0.00000
 -0.00000		 -0.00000
 -0.00000		 -0.00000
 -0.00000		 -0.00000
 -0.00000		  0.00000
 -0.00000		  0.00000
 -0.00000		  0.00000
 -0.00000		  0.00000
 -0.00000		  0.00000
 -0.00000		  0.00000
  0.00000		  0.00000
  0.00000		  0.00000
  0.00000		  0.00000
  0.00000		  0.00000
  0.00000		 -0.00000
  0.00000		 -0.00000
  0.00000		 -0.00000
  0.00000		 -0.00000
  0.00000		 -0.00000
 -0.00000		 -0.00000
 -0.00000		 -0.00000
 -0.00000		 -0.00000
 -0.00000		 -0.00000
 -0.00000		 -0.00000
 -0.00000		  0.00000
 -0.00000		  0.00000
 -0.00000		  0.00000
 -0.00000		  0.00000
 -0.00000		  0.00000
  0.00000		  0.00000
  0.00000		  0.00000
  0.00000		  0.00000
  0.00000		  0.00000
  0.00000		  0.00000
  0.00000		 -0.00000
  0.00000		 -0.00000
  0.00000		 -0.00000
  0.00000		 -0.00000
  0.00000		 -0.00000
 -0.00000		 -0.00000
 -0.00000		 -0.00000
 -0.00000		 -0.00000
 -0.00000		 -0.00000
 -0.00000		 -0.00000
 -0.00000		  0.00000
 -0.00000		  0.00000
 -0.00000		  0.00000
 -0.00000		  0.00000
 -0.00000		  0.00000
  0.00000		  0.00000
  0.00000		  0.00000
  0.00000		  0.00000
  0.00000		  0.00000
  0.00000		 -0.00000
  0.00000		 -0.00000
  0.00000		 -0.00000
  0.00000		 -0.00000
  0.00000		 -0.00000
 -0.00000		 -0.00000
 -0.00000		 -0.00000
 -0.00000		 -0.00000
 -0.00000		 -0.00000
 -0.00000		 -0.00000
 -0.00000		 -0.00000
 -0.00000		  0.00000
 -0.00000		  0.00000
 -0.00000		  0.00000
 -0.00000		  0.00000
 -0.00000		  0.00000
  0.00000		  0.00000
  0.00000		  0.00000
  0.00000		  0.00000
  0.00000		  0.00000
  0.00000		  0.00000
  0.00000		  0.00000
  0.00000		 -0.00000
  0.00000		 -0.00000
  0.00000		 -0.00000
  0.00000		 -0.00000
 -0.00000		 -0.00000
 -0.00000		 -0.00000
 -0.00000		 -0.00000
 -0.00000		 -0.00000
 -0.00000		 -0.00000
 -0.00000		  0.00000
 -0.00000		  0.00000
 -0.00000		  0.00000
 -0.00000		  0.00000
 -0.00000		  0.00000
 -0.00000		  0.00000
  0.00000		  0.00000
  0.00000		  0.00000
  0.00000		  0.00000
  0.00000		  0.00000
  0.00000		  0.00000
  0.00000		  0.00000
  0.00000		 -0.00000
  0.00000		 -0.00000
  0.00000		 -0.00000
  0.00000		 -0.00000
  0.00000		 -0.00000
  0.00000		 -0.00000
  0.00000		 -0.00000
 -0.00000		 -0.00000
 -0.00000		 -0.00000
 -0.00000		 -0.00000
 -0.00000		 -0.00000
 -0.00000		 -0.00000
 -0.00000		  0.00000
 -0.00000		  0.00000
 -0.00000		  0.00000
 -0.00000		  0.00000
 -0.00000		  0.00000
  0.00000		  0.00000
  0.00000		  0.00000
  0.00000		  0.00000
  0.00000		  0.00000
  0.00000		  0.00000
  0.00000		 -0.00000
  0.00000		 -0.00000
  0.00000		 -0.00000
  0.00000		 -0.00000
  0.00000		 -0.00000
 -0.00000		 -0.00000
 -0.00000		 -0.00000
 -0.00000		 -0.00000
 -0.00000		 -0.00000
 -0.00000		 -0.00000
 -0.00000		  0.00000
 -0.00000		  0.00000
 -0.00000		  0.00000
 -0.00000		  0.00000
 -0.00000		  0.00000
  0.00000		  0.00000
  0.00000		  0.00000
  0.00000		  0.00000
  0.00000		  0.00000
  0.00000		  0.00000
  0.00000		 -0.00000
  0.00000		 -0.00000
  0.00000		 -0.00000
  0.00000		 -0.00000
  0.00000		 -0.00000
 -0.00000		 -0.00000
 -0.00000		 -0.00000
 -0.00000		 -0.00000
 -0.00000		 -0.00000
 -0.00000		 -0.00000
 -0.00000		  0.00000
 -0.00000		  0.00000
 -0.00000		  0.00000
 -0.00000		  0.00000
 -0.00000		  0.00000
  0.00000		  0.00000
  0.00000		  0.00000
  0.00000		  0.00000
  0.00000		  0.00000
  0.00000		 -0.00000
  0.00000		 -0.00000
  0.00000		 -0.00000
  0.00000		 -0.00000
  0.00000		 -0.00000
 -0.00000		 -0.00000
 -0.00000		 -0.00000
 -0.00000		 -0.00000
 -0.00000		 -0.00000
 -0.00000		 -0.00000
 -0.00000		  0.00000
 -0.00000		  0.00000
 -0.00000		  0.00000
 -0.00000		  0.00000
 -0.00000		  0.00000
  0.00000		  0.00000
  0.00000		  0.00000
  0.00000		  0.00000
  0.00000		  0.00000
  0.00000		  0.00000
  0.00000		 -0.00000
  0.00000		 -0.00000
  0.00000		 -0.00000
  0.00000		 -0.00000
  0.00000		 -0.00000
 -0.00000		 -0.00000
 -0.00000		 -0.00000
 -0.00000		 -0.00000
 -0.00000		 -0.00000
 -0.00000		 -0.00000
 -0.00000		  0.00000
 -0.00000		  0.00000
 -0.00000		  0.00000
 -0.00000		  0.00000
  0.00000		  0.00000
  0.00000		  0.00000
  0.00000		  0.00000
  0.00000		  0.00000
  0.00000		 -0.00000
  0.00000		 -0.00000
  0.00000		 -0.00000
  0.00000		 -0.00000
  0.00000		 -0.00000
  0.00000		 -0.00000
 -0.00000		 -0.00000
 -0.00000		 -0.00000
 -0.00000		 -0.00000
 -0.00000		 -0.00000
 -0.00000		 -0.00000
 -0.00000		  0.00000
 -0.00000		  0.00000
 -0.00000		  0.00000
 -0.00000		  0.00000
 -0.00000		  0.00000
 -0.00000		  0.00000
  0.00000		  0.00000
  0.00000		  0.00000
  0.00000		  0.00000
  0.00000		  0.00000
  0.00000		  0.00000
  0.00000		 -0.00000
  0.00000		 -0.00000
  0.00000		 -0.00000
 -0.00000		 -0.00000
 -0.00000		 -0.00000
 -0.00000		 -0.00000
 -0.00000		 -0.00000
 -0.00000		  0.00000
 -0.00000		  0.00000
 -0.00000		  0.00000
 -0.00000		  0.00000
  0.00000		  0.00000
  0.00000		  0.00000
  0.00000		  0.00000
  0.00000		  0.00000
  0.00000		  0.00000
  0.00000		  0.00000
  0.00000		 -0.00000
  0.00000		 -0.00000
  0.00000		 -0.00000
  0.00000		 -0.00000
  0.00000		 -0.00000
  0.00000		 -0.00000
  0.00000		 -0.00000
 -0.00000		 -0.00000
 -0.00000		 -0.00000
 -0.00000		 -0.00000
 -0.00000		 -0.00000
 -0.00000		 -0.00000
 -0.00000		 -0.00000
 -0.00000		 -0.00000
 -0.00000		  0.00000
 -0.00000		  0.00000
 -0.00000		  0.00000
 -0.00000		 -0.00000
 -0.00000		 -0.00000
 -0.00000		 -0.00000
 -0.00000		 -0.00000
 -0.00000		 -0.00000
 -0.00000		 -0.00000
 -0.00000		 -0.00000
 -0.00000		 -0.00000
 -0.00000		 -0.00000
 -0.00000		 -0.00000
 -0.00000		  0.00000
 -0.00000		  0.00000
 -0.00000		  0.00000
 -0.00000		  0.00000
 -0.00000		  0.00000
 -0.00000		  0.00000
 -0.00000		  0.00000
 -0.00000		  0.00000
  0.00000		  0.00000
  0.00000		  0.00000
  0.00000		  0.00000
  0.00000		  0.00000
  0.00000		  0.00000
  0.00000		  0.00000
  0.00000		  0.00000
  0.00000		  0.00000
  0.00000		  0.00000
  0.00000		  0.00000
  0.00000		  0.00000
  0.00000		  0.00000
  0.00000		  0.00000
  0.00000		  0.00000
  0.00000		 -0.00000
  0.00000		 -0.00000
  0.00000		 -0.00000
  0.00000		 -0.00000
  0.00000		 -0.00000
  0.00000		 -0.00000
  0.00000		 -0.00000
  0.00000		 -0.00000
  0.00000		 -0.00000
  0.00000		 -0.00000
 -0.00000		 -0.00000
 -0.00000		 -0.00000
 -0.00000		 -0.00000
 -0.00000		 -0.00000
 -0.00000		 -0.00000
 -0.00000		 -0.00000
 -0.00000		 -0.00000
 -0.00000		 -0.00000
 -0.00000		 -0.00000
 -0.00000		 -0.00000
 -0.00000		 -0.00000
 -0.00000		 -0.00000
 -0.00000		 -0.00000
 -0.00000		 -0.00000
 -0.00000		 -0.00000
 -0.00000		 -0.00000
 -0.00000		  0.00000
 -0.00000		  0.00000
 -0.00000		  0.00000
 -0.00000		  0.00000
 -0.00000		  0.00000
 -0.00000		  0.00000
 -0.00000		  0.00000
 -0.00000		  0.00000
 -0.00000		  0.00000
 -0.00000		  0.00000
  0.00000		  0.00000
  0.00000		  0.00000
  0.00000		  0.00000
  0.00000		  0.00000
  0.00000		  0.00000
  0.00000		  0.00000
  0.00000		  0.00000
  0.00000		  0.00000
  0.00000		  0.00000
  0.00000		  0.00000
  0.00000		  0.00000
  0.00000		  0.00000
  0.00000		 -0.00000
  0.00000		 -0.00000
  0.00000		 -0.00000
  0.00000		 -0.00000
  0.00000		 -0.00000
  0.00000		 -0.00000
  0.00000		 -0.00000
  0.00000		 -0.00000
  0.00000		 -0.00000
  0.00000		 -0.00000
  0.00000		 -0.00000
  0.00000		 -0.00000
  0.00000		 -0.00000
  0.00000		 -0.00000
 -0.00000		 -0.00000
 -0.00000		 -0.00000
 -0.00000		 -0.00000
 -0.00000		 -0.00000
 -0.00000		 -0.00000
 -0.00000		 -0.00000
 -0.00000		 -0.00000
 -0.00000		 -0.00000
 -0.00000		 -0.00000
 -0.00000		 -0.00000
 -0.00000		 -0.00000
 -0.00000		 -0.00000
 -0.00000		 -0.00000
 -0.00000		 -0.00000
 -0.00000		  0.00000
 -0.00000		  0.00000
 -0.00000		  0.00000
 -0.00000		  0.00000
 -0.00000		  0.00000
 -0.00000		  0.00000
 -0.00000		  0.00000
 -0.00000		  0.00000
 -0.00000		  0.00000
 -0.00000		  0.00000
  0.00000		  0.00000
  0.00000		  0.00000
  0.00000		  0.00000
  0.00000		  0.00000
  0.00000		  0.00000
  0.00000		  0.00000
  0.00000		  0.00000
  0.00000		  0.00000
  0.00000		 -0.00000
  0.00000		 -0.00000
  0.00000		 -0.00000
  0.00000		 -0.00000
  0.00000		 -0.00000
  0.00000		 -0.00000
  0.00000		 -0.00000
  0.00000		  0.00000
  0.00000		  0.00000
  0.00000		  0.00000
  0.00000		  0.00000
  0.00000		  0.00000
  0.00000		  0.00000
  0.00000		 -0.00000
  0.00000		 -0.00000
  0.00000		 -0.00000
  0.00000		 -0.00000
  0.00000		 -0.00000
  0.00000		 -0.00000
  0.00000		 -0.00000
 -0.00000		 -0.00000
 -0.00000		 -0.00000
 -0.00000		 -0.00000
 -0.00000		 -0.00000
 -0.00000		 -0.00000
 -0.00000		 -0.00000
 -0.00000		 -0.00000
 -0.00000		  0.00000
 -0.00000		  0.00000
 -0.00000		  0.00000
 -0.00000		  0.00000
 -0.00000		  0.00000
 -0.00000		  0.00000
  0.00000		  0.00000
  0.00000		  0.00000
  0.00000		  0.00000
  0.00000		  0.00000
  0.00000		  0.00000
  0.00000		 -0.00000
  0.00000		 -0.00000
 -0.00000		 -0.00000
 -0.00000		 -0.00000
 -0.00000		 -0.00000
 -0.00000		 -0.00000
 -0.00000		  0.00000
 -0.00000		  0.00000
 -0.00000		  0.00000
 -0.00000		  0.00000
 -0.00000		  0.00000
 -0.00000		  0.00000
  0.00000		  0.00000
  0.00000		  0.00000
  0.00000		  0.00000
  0.00000		  0.00000
  0.00000		  0.00000
  0.00000		  0.00000
  0.00000		 -0.00000
  0.00000		 -0.00000
  0.00000		 -0.00000
  0.00000		 -0.00000
  0.00000		 -0.00000
  0.00000		 -0.00000
 -0.00000		 -0.00000
 -0.00000		 -0.00000
 -0.00000		 -0.00000
 -0.00000		 -0.00000
 -0.00000		 -0.00000
 -0.00000		 -0.00000
 -0.00000		  0.00000
 -0.00000		  0.00000
 -0.00000		  0.00000
 -0.00000		  0.00000
  0.00000		  0.00000
  0.00000		  0.00000
  0.00000		  0.00000
  0.00000		 -0.00000
  0.00000		 -0.00000
  0.00000		 -0.00000
  0.00000		 -0.00000
 -0.00000		 -0.00000
 -0.00000		 -0.00000
 -0.00000		 -0.00000
 -0.00000		 -0.00000
 -0.00000		 -0.00000
 -0.00000		 -0.00000
 -0.00000		  0.00000
 -0.00000		  0.00000
 -0.00000		  0.00000
 -0.00000		  0.00000
 -0.00000		  0.00000
 -0.00000		  0.00000
  0.00000		  0.00000
  0.00000		  0.00000
  0.00000		  0.00000
  0.00000		  0.00000
  0.00000		  0.00000
  0.00000		  0.00000
  0.00000		  0.00000
  0.00000		 -0.00000
  0.00000		 -0.00000
  0.00000		 -0.00000
  0.00000		 -0.00000
  0.00000		 -0.00000
 -0.00000		 -0.00000
 -0.00000		 -0.00000
 -0.00000		 -0.00000
 -0.00000		  0.00000
 -0.00000		  0.00000
 -0.00000		  0.00000
  0.00000		  0.00000
  0.00000		  0.00000
  0.00000		  0.00000
  0.00000		  0.00000
  0.00000		  0.00000
  0.00000		 -0.00000
  0.00000		 -0.00000
  0.00000		 -0.00000
  0.00000		 -0.00000
  0.00000		 -0.00000
  0.00000		 -0.00000
  0.00000		 -0.00000
 -0.00000		 -0.00000
 -0.00000		 -0.00000
 -0.00000		 -0.00000
 -0.00000		 -0.00000
 -0.00000		 -0.00000
 -0.00000		 -0.00000
 -0.00000		  0.00000
 -0.00000		  0.00000
 -0.00000		  0.00000
 -0.00000		  0.00000
 -0.00000		  0.00000
 -0.00000		  0.00000
 -0.00000		  0.00000
 -0.00000		  0.00000
  0.00000		  0.00000
  0.00000		  0.00000
  0.00000		  0.00000
  0.00000		  0.00000
  0.00000		  0.00000
  0.00000		  0.00000
 -0.00000		  0.00000
 -0.00000		  0.00000
 -0.00000		  0.00000
 -0.00000		  0.00000
 -0.00000		  0.00000
 -0.00000		  0.00000
 -0.00000		  0.00000
 -0.00000		  0.00000
  0.00000		  0.00000
  0.00000		  0.00000
  0.00000		  0.00000
  0.00000		  0.00000
  0.00000		  0.00000
  0.00000		  0.00000
  0.00000		  0.00000
  0.00000		  0.00000
  0.00000		 -0.00000
  0.00000		 -0.00000
  0.00000		 -0.00000
  0.00000		 -0.00000
  0.00000		 -0.00000
  0.00000		 -0.00000
  0.00000		 -0.00000
  0.00000		 -0.00000
 -0.00000		 -0.00000
 -0.00000		 -0.00000
 -0.00000		 -0.00000
 -0.00000		 -0.00000
 -0.00000		 -0.00000
 -0.00000		 -0.00000
 -0.00000		 -0.00000
 -0.00000		 -0.00000
 -0.00000		 -0.00000
 -0.00000		 -0.00000
 -0.00000		 -0.00000
 -0.00000		 -0.00000
 -0.00000		 -0.00000
 -0.00000		 -0.00000
 -0.00000		 -0.00000
 -0.00000		 -0.00000
 -0.00000		 -0.00000
