  0.01780		 -0.00983
  0.02410		 -0.03182
  0.00879		 -0.03803
 -0.00747		 -0.03733
 -0.02170		 -0.03005
 -0.03137		 -0.01768
 -0.03487		 -0.00270
 -0.03173		  0.01205
 -0.02280		  0.02382
 -0.00994		  0.03050
  0.00424		  0.03097
  0.01702		  0.02539
  0.02595		  0.01500
  0.02944		  0.00197
  0.02695		 -0.01111
  0.01914		 -0.02165
  0.00765		 -0.02771
 -0.00520		 -0.02817
 -0.01689		 -0.02307
 -0.02516		 -0.01354
 -0.02850		 -0.00147
 -0.02637		  0.01075
 -0.01930		  0.02079
 -0.00876		  0.02680
  0.00318		  0.02775
  0.01422		  0.02363
  0.02232		  0.01537
  0.02610		  0.00469
  0.02503		 -0.00631
  0.01955		 -0.01555
  0.01093		 -0.02141
  0.00100		 -0.02294
 -0.00826		 -0.02017
 -0.01510		 -0.01392
 -0.01834		 -0.00567
 -0.01760		  0.00273
 -0.01334		  0.00954
 -0.00675		  0.01343
  0.00055		  0.01374
  0.00685		  0.01063
  0.01070		  0.00503
  0.01126		 -0.00163
  0.00843		 -0.00766
  0.00291		 -0.01153
 -0.00400		 -0.01218
 -0.01063		 -0.00928
 -0.01531		 -0.00329
 -0.01674		  0.00465
 -0.01427		  0.01284
 -0.00805		  0.01946
  0.00095		  0.02293
  0.01113		  0.02218
  0.02053		  0.01694
  0.02726		  0.00785
  0.02979		 -0.00372
  0.02731		 -0.01580
  0.01994		 -0.02626
  0.00865		 -0.03314
 -0.00481		 -0.03505
 -0.01826		 -0.03144
 -0.02944		 -0.02268
 -0.03642		 -0.01006
 -0.03798		  0.00443
 -0.03376		  0.01851
 -0.02440		  0.02989
 -0.01137		  0.03675
  0.00322		  0.03804
  0.01705		  0.03360
  0.02794		  0.02428
  0.03425		  0.01166
  0.03510		 -0.00214
  0.03058		 -0.01484
  0.02167		 -0.02447
  0.01003		 -0.02960
 -0.00227		 -0.02962
 -0.01312		 -0.02484
 -0.02075		 -0.01636
 -0.02405		 -0.00589
 -0.02267		  0.00457
 -0.01716		  0.01312
 -0.00877		  0.01825
  0.00075		  0.01914
  0.00950		  0.01577
  0.01573		  0.00892
  0.01822		  0.00001
  0.01643		 -0.00918
  0.01064		 -0.01676
  0.00187		 -0.02117
 -0.00830		 -0.02136
 -0.01798		 -0.01707
 -0.02531		 -0.00880
 -0.02880		  0.00223
 -0.02754		  0.01424
 -0.02141		  0.02527
 -0.01108		  0.03341
  0.00207		  0.03716
  0.01617		  0.03566
  0.02915		  0.02883
  0.03902		  0.01739
  0.04423		  0.00277
  0.04386		 -0.01312
  0.03775		 -0.02817
  0.02656		 -0.04031
  0.01162		 -0.04790
 -0.00521		 -0.04988
 -0.02184		 -0.04594
 -0.03621		 -0.03651
 -0.04657		 -0.02274
 -0.05170		 -0.00629
 -0.05104		  0.01088
 -0.04475		  0.02679
 -0.03365		  0.03964
 -0.01909		  0.04805
 -0.00278		  0.05123
  0.01345		  0.04896
  0.02785		  0.04171
  0.03897		  0.03041
  0.04575		  0.01643
  0.04769		  0.00135
  0.04481		 -0.01322
  0.03765		 -0.02583
  0.02715		 -0.03527
  0.01458		 -0.04078
  0.00131		 -0.04201
 -0.01126		 -0.03908
 -0.02189		 -0.03257
 -0.02964		 -0.02335
 -0.03388		 -0.01258
 -0.03443		 -0.00149
 -0.03150		  0.00870
 -0.02570		  0.01696
 -0.01794		  0.02254
 -0.00929		  0.02502
 -0.00089		  0.02443
  0.00622		  0.02118
  0.01123		  0.01601
  0.01367		  0.00992
  0.01349		  0.00398
  0.01107		 -0.00078
  0.00715		 -0.00357
  0.00275		 -0.00398
 -0.00100		 -0.00202
 -0.00307		  0.00179
 -0.00269		  0.00651
  0.00046		  0.01094
  0.00615		  0.01377
  0.01359		  0.01381
  0.02147		  0.01027
  0.02822		  0.00294
  0.03212		 -0.00772
  0.03172		 -0.02052
  0.02608		 -0.03368
  0.01499		 -0.04501
 -0.00083		 -0.05231
 -0.01979		 -0.05364
 -0.03953		 -0.04777
 -0.05723		 -0.03439
 -0.06997		 -0.01435
 -0.07525		  0.01040
 -0.07137		  0.03690
 -0.05781		  0.06169
 -0.03542		  0.08112
 -0.00642		  0.09201
  0.02579		  0.09214
  0.05711		  0.08063
  0.08325		  0.05824
  0.10037		  0.02731
  0.10571		 -0.00846
  0.09802		 -0.04452
  0.07785		 -0.07604
  0.04754		 -0.09867
  0.01094		 -0.10921
 -0.02713		 -0.10608
 -0.06155		 -0.08962
 -0.08768		 -0.06211
 -0.10206		 -0.02739
 -0.10293		  0.00965
 -0.09052		  0.04386
 -0.06703		  0.07053
 -0.03622		  0.08624
 -0.00288		  0.08928
  0.02800		  0.07994
  0.05198		  0.06039
  0.06591		  0.03436
  0.06839		  0.00640
  0.05997		 -0.01878
  0.04302		 -0.03724
  0.02124		 -0.04636
 -0.00101		 -0.04528
 -0.01943		 -0.03506
 -0.03065		 -0.01839
 -0.03274		  0.00089
 -0.02560		  0.01853
 -0.01092		  0.03064
  0.00810		  0.03442
  0.02736		  0.02870
  0.04262		  0.01414
  0.05027		 -0.00682
  0.04801		 -0.03040
  0.03533		 -0.05217
  0.01362		 -0.06775
 -0.01402		 -0.07371
 -0.04329		 -0.06809
 -0.06935		 -0.05085
 -0.08771		 -0.02390
 -0.09495		  0.00916
 -0.08928		  0.04366
 -0.07091		  0.07452
 -0.04200		  0.09712
 -0.00630		  0.10803
  0.03138		  0.10548
  0.06595		  0.08968
  0.09282		  0.06270
  0.10857		  0.02818
  0.11139		 -0.00935
  0.10128		 -0.04509
  0.07999		 -0.07472
  0.05064		 -0.09495
  0.01715		 -0.10393
 -0.01630		 -0.10139
 -0.04594		 -0.08852
 -0.06882		 -0.06766
 -0.08316		 -0.04183
 -0.08840		 -0.01427
 -0.08508		  0.01206
 -0.07463		  0.03480
 -0.05896		  0.05235
 -0.04015		  0.06396
 -0.02014		  0.06956
 -0.00058		  0.06961
  0.01734		  0.06486
  0.03274		  0.05618
  0.04505		  0.04443
  0.05389		  0.03041
  0.05891		  0.01488
  0.05987		 -0.00131
  0.05659		 -0.01722
  0.04912		 -0.03176
  0.03779		 -0.04373
  0.02337		 -0.05197
  0.00706		 -0.05551
 -0.00952		 -0.05382
 -0.02458		 -0.04695
 -0.03635		 -0.03567
 -0.04341		 -0.02142
 -0.04499		 -0.00614
 -0.04111		  0.00800
 -0.03273		  0.01898
 -0.02156		  0.02532
 -0.00983		  0.02637
  0.00014		  0.02253
  0.00638		  0.01516
  0.00770		  0.00643
  0.00400		 -0.00114
 -0.00363		 -0.00516
 -0.01307		 -0.00392
 -0.02149		  0.00318
 -0.02596		  0.01538
 -0.02404		  0.03056
 -0.01436		  0.04556
  0.00293		  0.05670
  0.02601		  0.06046
  0.05154		  0.05427
  0.07512		  0.03708
  0.09203		  0.00980
  0.09805		 -0.02464
  0.09035		 -0.06162
  0.06811		 -0.09546
  0.03290		 -0.12034
 -0.01135		 -0.13129
 -0.05886		 -0.12511
 -0.10277		 -0.10110
 -0.13627		 -0.06132
 -0.15367		 -0.01046
 -0.15142		  0.04476
 -0.12883		  0.09660
 -0.08826		  0.13748
 -0.03492		  0.16118
  0.02390		  0.16391
  0.07993		  0.14498
  0.12518		  0.10693
  0.15325		  0.05522
  0.16032		 -0.00266
  0.14577		 -0.05830
  0.11227		 -0.10376
  0.06535		 -0.13283
  0.01243		 -0.14195
 -0.03838		 -0.13081
 -0.07960		 -0.10223
 -0.10559		 -0.06171
 -0.11343		 -0.01639
 -0.10331		  0.02621
 -0.07836		  0.05940
 -0.04406		  0.07848
 -0.00713		  0.08144
  0.02560		  0.06922
  0.04847		  0.04543
  0.05793		  0.01557
  0.05309		 -0.01396
  0.03581		 -0.03714
  0.01029		 -0.04936
 -0.01779		 -0.04828
 -0.04236		 -0.03417
 -0.05807		 -0.00989
 -0.06126		  0.01976
 -0.05072		  0.04886
 -0.02778		  0.07151
  0.00384		  0.08292
  0.03877		  0.08024
  0.07087		  0.06309
  0.09441		  0.03363
  0.10497		 -0.00381
  0.10027		 -0.04347
  0.08049		 -0.07919
  0.04825		 -0.10535
  0.00814		 -0.11789
 -0.03405		 -0.11484
 -0.07231		 -0.09663
 -0.10134		 -0.06598
 -0.11735		 -0.02732
 -0.11859		  0.01391
 -0.10551		  0.05220
 -0.08051		  0.08273
 -0.04751		  0.10212
 -0.01120		  0.10877
  0.02371		  0.10293
  0.05317		  0.08651
  0.07435		  0.06259
  0.08582		  0.03478
  0.08764		  0.00671
  0.08105		 -0.01860
  0.06810		 -0.03901
  0.05117		 -0.05340
  0.03258		 -0.06163
  0.01420		 -0.06429
 -0.00269		 -0.06236
 -0.01738		 -0.05697
 -0.02962		 -0.04904
 -0.03943		 -0.03925
 -0.04684		 -0.02802
 -0.05176		 -0.01555
 -0.05389		 -0.00210
 -0.05280		  0.01189
 -0.04807		  0.02567
 -0.03948		  0.03816
 -0.02723		  0.04806
 -0.01210		  0.05406
  0.00458		  0.05511
  0.02101		  0.05068
  0.03522		  0.04098
  0.04531		  0.02704
  0.04991		  0.01060
  0.04842		 -0.00609
  0.04119		 -0.02068
  0.02951		 -0.03111
  0.01545		 -0.03602
  0.00147		 -0.03501
 -0.01001		 -0.02879
 -0.01708		 -0.01901
 -0.01873		 -0.00803
 -0.01511		  0.00159
 -0.00746		  0.00757
  0.00201		  0.00840
  0.01063		  0.00374
  0.01575		 -0.00553
  0.01536		 -0.01733
  0.00850		 -0.02882
 -0.00439		 -0.03686
 -0.02147		 -0.03873
 -0.03975		 -0.03263
 -0.05557		 -0.01820
 -0.06529		  0.00327
 -0.06599		  0.02897
 -0.05607		  0.05496
 -0.03567		  0.07676
 -0.00683		  0.09017
  0.02677		  0.09199
  0.06029		  0.08072
  0.08853		  0.05690
  0.10674		  0.02312
  0.11148		 -0.01624
  0.10126		 -0.05568
  0.07682		 -0.08941
  0.04116		 -0.11233
 -0.00093		 -0.12078
 -0.04356		 -0.11326
 -0.08065		 -0.09064
 -0.10689		 -0.05605
 -0.11862		 -0.01448
 -0.11433		  0.02810
 -0.09497		  0.06560
 -0.06371		  0.09283
 -0.02546		  0.10626
  0.01399		  0.10456
  0.04885		  0.08872
  0.07429		  0.06189
  0.08715		  0.02875
  0.08640		 -0.00529
  0.07321		 -0.03496
  0.05067		 -0.05603
  0.02317		 -0.06590
 -0.00436		 -0.06402
 -0.02732		 -0.05182
 -0.04222		 -0.03238
 -0.04717		 -0.00985
 -0.04219		  0.01138
 -0.02908		  0.02739
 -0.01099		  0.03548
  0.00815		  0.03453
  0.02437		  0.02515
  0.03445		  0.00955
  0.03636		 -0.00898
  0.02968		 -0.02664
  0.01563		 -0.03985
 -0.00325		 -0.04587
 -0.02350		 -0.04328
 -0.04141		 -0.03222
 -0.05368		 -0.01432
 -0.05793		  0.00759
 -0.05316		  0.02998
 -0.03985		  0.04923
 -0.01987		  0.06221
  0.00384		  0.06682
  0.02781		  0.06227
  0.04855		  0.04917
  0.06312		  0.02941
  0.06958		  0.00581
  0.06720		 -0.01835
  0.05656		 -0.03984
  0.03933		 -0.05594
  0.01802		 -0.06484
 -0.00448		 -0.06579
 -0.02530		 -0.05916
 -0.04205		 -0.04630
 -0.05306		 -0.02920
 -0.05753		 -0.01023
 -0.05556		  0.00827
 -0.04805		  0.02429
 -0.03642		  0.03636
 -0.02238		  0.04366
 -0.00768		  0.04605
  0.00615		  0.04392
  0.01790		  0.03810
  0.02680		  0.02961
  0.03245		  0.01959
  0.03485		  0.00906
  0.03424		 -0.00109
  0.03104		 -0.01014
  0.02577		 -0.01758
  0.01900		 -0.02305
  0.01131		 -0.02633
  0.00328		 -0.02734
 -0.00447		 -0.02610
 -0.01136		 -0.02277
 -0.01683		 -0.01769
 -0.02043		 -0.01135
 -0.02184		 -0.00438
 -0.02096		  0.00247
 -0.01795		  0.00845
 -0.01327		  0.01287
 -0.00758		  0.01524
 -0.00173		  0.01535
  0.00343		  0.01334
  0.00712		  0.00968
  0.00883		  0.00511
  0.00838		  0.00057
  0.00600		 -0.00304
  0.00231		 -0.00496
 -0.00181		 -0.00477
 -0.00534		 -0.00244
 -0.00733		  0.00159
 -0.00710		  0.00646
 -0.00435		  0.01110
  0.00068		  0.01435
  0.00728		  0.01520
  0.01430		  0.01304
  0.02041		  0.00775
  0.02426		 -0.00018
  0.02478		 -0.00971
  0.02139		 -0.01942
  0.01412		 -0.02765
  0.00370		 -0.03288
 -0.00857		 -0.03393
 -0.02093		 -0.03021
 -0.03150		 -0.02186
 -0.03855		 -0.00979
 -0.04078		  0.00447
 -0.03758		  0.01897
 -0.02914		  0.03158
 -0.01646		  0.04044
 -0.00122		  0.04414
  0.01449		  0.04203
  0.02844		  0.03432
  0.03866		  0.02204
  0.04369		  0.00690
  0.04287		 -0.00895
  0.03637		 -0.02327
  0.02522		 -0.03408
  0.01112		 -0.03996
 -0.00387		 -0.04022
 -0.01758		 -0.03504
 -0.02810		 -0.02540
 -0.03410		 -0.01291
 -0.03494		  0.00047
 -0.03083		  0.01274
 -0.02270		  0.02217
 -0.01202		  0.02754
 -0.00062		  0.02835
  0.00973		  0.02483
  0.01748		  0.01788
  0.02165		  0.00888
  0.02185		 -0.00057
  0.01839		 -0.00887
  0.01214		 -0.01474
  0.00439		 -0.01738
 -0.00341		 -0.01658
 -0.00990		 -0.01273
 -0.01400		 -0.00671
 -0.01513		  0.00028
 -0.01323		  0.00694
 -0.00876		  0.01208
 -0.00261		  0.01482
  0.00408		  0.01474
  0.01013		  0.01190
  0.01448		  0.00683
  0.01641		  0.00041
  0.01562		 -0.00629
  0.01222		 -0.01215
  0.00679		 -0.01624
  0.00016		 -0.01793
 -0.00662		 -0.01697
 -0.01256		 -0.01351
 -0.01677		 -0.00809
 -0.01868		 -0.00151
 -0.01805		  0.00529
 -0.01501		  0.01136
 -0.01002		  0.01589
 -0.00380		  0.01831
  0.00280		  0.01836
  0.00892		  0.01611
  0.01378		  0.01190
  0.01683		  0.00634
  0.01773		  0.00017
  0.01646		 -0.00583
  0.01324		 -0.01093
  0.00855		 -0.01454
  0.00301		 -0.01629
 -0.00270		 -0.01603
 -0.00787		 -0.01386
 -0.01192		 -0.01011
 -0.01438		 -0.00528
 -0.01502		  0.00001
 -0.01381		  0.00512
 -0.01094		  0.00942
 -0.00682		  0.01241
 -0.00198		  0.01376
  0.00296		  0.01331
  0.00737		  0.01118
  0.01070		  0.00766
  0.01253		  0.00323
  0.01264		 -0.00151
  0.01104		 -0.00592
  0.00797		 -0.00941
  0.00387		 -0.01152
 -0.00067		 -0.01196
 -0.00502		 -0.01070
 -0.00856		 -0.00793
 -0.01078		 -0.00406
 -0.01137		  0.00032
 -0.01027		  0.00456
 -0.00766		  0.00804
 -0.00394		  0.01024
  0.00029		  0.01084
  0.00440		  0.00976
  0.00774		  0.00721
  0.00980		  0.00359
  0.01028		 -0.00051
  0.00912		 -0.00443
  0.00654		 -0.00754
  0.00299		 -0.00936
 -0.00095		 -0.00962
 -0.00463		 -0.00830
 -0.00743		 -0.00565
 -0.00892		 -0.00213
 -0.00886		  0.00164
 -0.00730		  0.00502
 -0.00452		  0.00745
 -0.00103		  0.00853
  0.00257		  0.00809
  0.00565		  0.00622
  0.00767		  0.00327
  0.00830		 -0.00024
  0.00743		 -0.00369
  0.00523		 -0.00648
  0.00207		 -0.00812
 -0.00150		 -0.00832
 -0.00485		 -0.00705
 -0.00741		 -0.00451
 -0.00874		 -0.00113
 -0.00860		  0.00251
 -0.00700		  0.00582
 -0.00421		  0.00824
 -0.00067		  0.00938
  0.00305		  0.00904
  0.00635		  0.00727
  0.00873		  0.00437
  0.00981		  0.00077
  0.00944		 -0.00295
  0.00771		 -0.00624
  0.00488		 -0.00863
  0.00141		 -0.00977
 -0.00219		 -0.00956
 -0.00540		 -0.00806
 -0.00779		 -0.00555
 -0.00907		 -0.00241
 -0.00914		  0.00088
 -0.00806		  0.00388
 -0.00606		  0.00621
 -0.00348		  0.00763
 -0.00070		  0.00803
  0.00192		  0.00748
  0.00406		  0.00614
  0.00553		  0.00428
  0.00624		  0.00219
  0.00622		  0.00013
  0.00560		 -0.00166
  0.00454		 -0.00304
  0.00323		 -0.00394
  0.00187		 -0.00437
  0.00057		 -0.00439
 -0.00056		 -0.00410
 -0.00147		 -0.00359
 -0.00218		 -0.00294
 -0.00268		 -0.00223
 -0.00300		 -0.00148
 -0.00316		 -0.00072
 -0.00317		  0.00004
 -0.00302		  0.00079
 -0.00271		  0.00149
 -0.00223		  0.00210
 -0.00160		  0.00257
 -0.00085		  0.00286
 -0.00006		  0.00293
  0.00071		  0.00276
  0.00137		  0.00238
  0.00187		  0.00184
  0.00216		  0.00122
  0.00223		  0.00059
  0.00212		  0.00004
  0.00189		 -0.00038
  0.00162		 -0.00066
  0.00137		 -0.00080
  0.00121		 -0.00087
  0.00114		 -0.00093
  0.00115		 -0.00107
  0.00117		 -0.00134
  0.00111		 -0.00174
  0.00087		 -0.00225
  0.00038		 -0.00278
 -0.00040		 -0.00319
 -0.00143		 -0.00336
 -0.00261		 -0.00314
 -0.00379		 -0.00246
 -0.00478		 -0.00130
 -0.00536		  0.00027
 -0.00537		  0.00209
 -0.00472		  0.00394
 -0.00339		  0.00555
 -0.00148		  0.00666
  0.00080		  0.00708
  0.00319		  0.00666
  0.00535		  0.00540
  0.00700		  0.00342
  0.00788		  0.00093
  0.00785		 -0.00175
  0.00688		 -0.00429
  0.00507		 -0.00634
  0.00267		 -0.00764
 -0.00002		 -0.00802
 -0.00265		 -0.00745
 -0.00487		 -0.00602
 -0.00643		 -0.00395
 -0.00714		 -0.00154
 -0.00698		  0.00088
 -0.00601		  0.00300
 -0.00444		  0.00457
 -0.00253		  0.00544
 -0.00056		  0.00556
  0.00118		  0.00503
  0.00251		  0.00399
  0.00330		  0.00268
  0.00352		  0.00133
  0.00327		  0.00015
  0.00269		 -0.00071
  0.00195		 -0.00119
  0.00125		 -0.00130
  0.00072		 -0.00113
  0.00045		 -0.00082
  0.00044		 -0.00052
  0.00064		 -0.00037
  0.00094		 -0.00045
  0.00119		 -0.00077
  0.00125		 -0.00130
  0.00104		 -0.00193
  0.00052		 -0.00250
 -0.00029		 -0.00289
 -0.00129		 -0.00295
 -0.00235		 -0.00261
 -0.00328		 -0.00187
 -0.00393		 -0.00078
 -0.00417		  0.00054
 -0.00392		  0.00192
 -0.00320		  0.00316
 -0.00207		  0.00411
 -0.00066		  0.00463
  0.00085		  0.00464
  0.00228		  0.00414
  0.00345		  0.00320
  0.00424		  0.00194
  0.00457		  0.00051
  0.00441		 -0.00091
  0.00383		 -0.00217
  0.00290		 -0.00313
  0.00177		 -0.00373
  0.00056		 -0.00394
 -0.00059		 -0.00377
 -0.00157		 -0.00329
 -0.00232		 -0.00260
 -0.00280		 -0.00177
 -0.00302		 -0.00091
 -0.00301		 -0.00008
 -0.00280		  0.00065
 -0.00244		  0.00127
 -0.00199		  0.00175
 -0.00148		  0.00211
 -0.00092		  0.00235
 -0.00035		  0.00247
  0.00024		  0.00247
  0.00082		  0.00235
  0.00139		  0.00210
  0.00189		  0.00172
  0.00231		  0.00120
  0.00260		  0.00056
  0.00271		 -0.00016
  0.00261		 -0.00091
  0.00229		 -0.00163
  0.00176		 -0.00225
  0.00105		 -0.00270
  0.00022		 -0.00292
 -0.00066		 -0.00287
 -0.00149		 -0.00255
 -0.00219		 -0.00199
 -0.00268		 -0.00122
 -0.00291		 -0.00034
 -0.00284		  0.00056
 -0.00249		  0.00138
 -0.00191		  0.00205
 -0.00115		  0.00248
 -0.00031		  0.00264
  0.00052		  0.00253
  0.00124		  0.00216
  0.00178		  0.00159
  0.00209		  0.00091
  0.00216		  0.00019
  0.00199		 -0.00047
  0.00163		 -0.00101
  0.00115		 -0.00138
  0.00060		 -0.00154
  0.00007		 -0.00151
 -0.00037		 -0.00132
 -0.00069		 -0.00101
 -0.00086		 -0.00065
 -0.00087		 -0.00030
 -0.00077		 -0.00001
 -0.00059		  0.00018
 -0.00038		  0.00026
 -0.00020		  0.00024
 -0.00008		  0.00014
 -0.00006		  0.00000
 -0.00012		 -0.00011
 -0.00027		 -0.00017
 -0.00044		 -0.00014
 -0.00061		  0.00001
 -0.00071		  0.00025
 -0.00071		  0.00055
 -0.00057		  0.00086
 -0.00029		  0.00113
  0.00011		  0.00130
  0.00059		  0.00130
  0.00107		  0.00112
  0.00149		  0.00075
  0.00177		  0.00023
  0.00184		 -0.00040
  0.00169		 -0.00106
  0.00129		 -0.00164
  0.00069		 -0.00207
 -0.00006		 -0.00227
 -0.00086		 -0.00219
 -0.00161		 -0.00182
 -0.00220		 -0.00120
 -0.00254		 -0.00038
 -0.00258		  0.00053
 -0.00229		  0.00141
 -0.00169		  0.00216
 -0.00086		  0.00265
  0.00011		  0.00283
  0.00110		  0.00265
  0.00197		  0.00213
  0.00262		  0.00133
  0.00294		  0.00034
  0.00290		 -0.00070
  0.00249		 -0.00168
  0.00176		 -0.00245
  0.00080		 -0.00292
 -0.00026		 -0.00303
 -0.00130		 -0.00275
 -0.00218		 -0.00212
 -0.00278		 -0.00123
 -0.00302		 -0.00019
 -0.00289		  0.00087
 -0.00239		  0.00181
 -0.00160		  0.00252
 -0.00062		  0.00290
  0.00042		  0.00290
  0.00139		  0.00255
  0.00217		  0.00188
  0.00265		  0.00099
  0.00279		 -0.00001
  0.00256		 -0.00097
  0.00202		 -0.00177
  0.00123		 -0.00232
  0.00032		 -0.00255
 -0.00059		 -0.00243
 -0.00139		 -0.00199
 -0.00195		 -0.00132
 -0.00222		 -0.00049
 -0.00217		  0.00035
 -0.00181		  0.00109
 -0.00121		  0.00162
 -0.00046		  0.00188
  0.00030		  0.00183
  0.00096		  0.00148
  0.00142		  0.00091
  0.00161		  0.00022
  0.00149		 -0.00048
  0.00110		 -0.00107
  0.00049		 -0.00143
 -0.00021		 -0.00151
 -0.00090		 -0.00127
 -0.00143		 -0.00075
 -0.00170		 -0.00004
 -0.00164		  0.00075
 -0.00125		  0.00147
 -0.00056		  0.00200
  0.00032		  0.00221
  0.00126		  0.00204
  0.00211		  0.00149
  0.00269		  0.00061
  0.00291		 -0.00048
  0.00267		 -0.00163
  0.00200		 -0.00265
  0.00094		 -0.00337
 -0.00036		 -0.00366
 -0.00172		 -0.00343
 -0.00296		 -0.00270
 -0.00387		 -0.00153
 -0.00430		 -0.00007
 -0.00417		  0.00149
 -0.00347		  0.00294
 -0.00227		  0.00406
 -0.00073		  0.00468
  0.00096		  0.00471
  0.00256		  0.00413
  0.00386		  0.00301
  0.00469		  0.00150
  0.00492		 -0.00021
  0.00453		 -0.00189
  0.00358		 -0.00330
  0.00220		 -0.00428
  0.00059		 -0.00471
 -0.00104		 -0.00454
 -0.00247		 -0.00382
 -0.00353		 -0.00267
 -0.00410		 -0.00126
 -0.00412		  0.00021
 -0.00365		  0.00154
 -0.00277		  0.00257
 -0.00164		  0.00319
 -0.00043		  0.00336
  0.00070		  0.00309
  0.00160		  0.00248
  0.00217		  0.00164
  0.00238		  0.00072
  0.00225		 -0.00014
  0.00184		 -0.00082
  0.00126		 -0.00125
  0.00062		 -0.00141
  0.00004		 -0.00131
 -0.00039		 -0.00101
 -0.00063		 -0.00060
 -0.00066		 -0.00018
 -0.00050		  0.00018
 -0.00021		  0.00040
  0.00014		  0.00044
  0.00047		  0.00031
  0.00071		  0.00002
  0.00079		 -0.00036
  0.00070		 -0.00076
  0.00043		 -0.00112
  0.00001		 -0.00137
 -0.00050		 -0.00144
 -0.00105		 -0.00133
 -0.00155		 -0.00100
 -0.00194		 -0.00050
 -0.00215		  0.00015
 -0.00214		  0.00087
 -0.00189		  0.00159
 -0.00139		  0.00222
 -0.00067		  0.00269
  0.00020		  0.00293
  0.00115		  0.00287
  0.00208		  0.00250
  0.00288		  0.00182
  0.00346		  0.00087
  0.00372		 -0.00026
  0.00359		 -0.00147
  0.00306		 -0.00263
  0.00215		 -0.00359
  0.00093		 -0.00423
 -0.00049		 -0.00444
 -0.00195		 -0.00416
 -0.00327		 -0.00339
 -0.00429		 -0.00219
 -0.00486		 -0.00067
 -0.00489		  0.00098
 -0.00435		  0.00258
 -0.00327		  0.00391
 -0.00178		  0.00481
 -0.00006		  0.00514
  0.00168		  0.00484
  0.00321		  0.00396
  0.00432		  0.00260
  0.00488		  0.00093
  0.00481		 -0.00080
  0.00413		 -0.00238
  0.00294		 -0.00357
  0.00143		 -0.00424
 -0.00019		 -0.00430
 -0.00166		 -0.00376
 -0.00279		 -0.00274
 -0.00341		 -0.00141
 -0.00347		 -0.00000
 -0.00298		  0.00126
 -0.00206		  0.00219
 -0.00089		  0.00263
  0.00031		  0.00255
  0.00131		  0.00198
  0.00195		  0.00106
  0.00212		 -0.00003
  0.00178		 -0.00105
  0.00101		 -0.00182
 -0.00002		 -0.00216
 -0.00113		 -0.00200
 -0.00208		 -0.00135
 -0.00267		 -0.00031
 -0.00277		  0.00094
 -0.00232		  0.00217
 -0.00136		  0.00314
 -0.00002		  0.00368
  0.00148		  0.00363
  0.00290		  0.00297
  0.00400		  0.00177
  0.00458		  0.00019
  0.00451		 -0.00155
  0.00378		 -0.00318
  0.00246		 -0.00446
  0.00073		 -0.00516
 -0.00116		 -0.00519
 -0.00296		 -0.00451
 -0.00440		 -0.00322
 -0.00527		 -0.00149
 -0.00547		  0.00044
 -0.00496		  0.00230
 -0.00382		  0.00384
 -0.00224		  0.00487
 -0.00042		  0.00525
  0.00138		  0.00497
  0.00292		  0.00409
  0.00402		  0.00276
  0.00456		  0.00118
  0.00450		 -0.00042
  0.00391		 -0.00184
  0.00291		 -0.00290
  0.00167		 -0.00351
  0.00037		 -0.00364
 -0.00082		 -0.00332
 -0.00175		 -0.00265
 -0.00233		 -0.00177
 -0.00254		 -0.00081
 -0.00242		  0.00007
 -0.00203		  0.00077
 -0.00147		  0.00124
 -0.00086		  0.00144
 -0.00030		  0.00141
  0.00015		  0.00121
  0.00043		  0.00090
  0.00055		  0.00056
  0.00052		  0.00026
  0.00039		  0.00006
  0.00021		 -0.00004
  0.00003		 -0.00003
 -0.00009		  0.00007
 -0.00013		  0.00022
 -0.00009		  0.00039
  0.00004		  0.00052
  0.00024		  0.00059
  0.00047		  0.00059
  0.00071		  0.00049
  0.00091		  0.00029
  0.00106		  0.00003
  0.00112		 -0.00030
  0.00108		 -0.00065
  0.00092		 -0.00100
  0.00065		 -0.00131
  0.00027		 -0.00155
 -0.00020		 -0.00167
 -0.00072		 -0.00165
 -0.00125		 -0.00146
 -0.00173		 -0.00110
 -0.00210		 -0.00057
 -0.00230		  0.00009
 -0.00228		  0.00083
 -0.00201		  0.00157
 -0.00149		  0.00222
 -0.00075		  0.00270
  0.00015		  0.00292
  0.00111		  0.00282
  0.00203		  0.00239
  0.00277		  0.00165
  0.00325		  0.00067
  0.00336		 -0.00044
  0.00308		 -0.00155
  0.00243		 -0.00253
  0.00146		 -0.00323
  0.00029		 -0.00355
 -0.00093		 -0.00345
 -0.00205		 -0.00292
 -0.00291		 -0.00203
 -0.00340		 -0.00090
 -0.00345		  0.00032
 -0.00306		  0.00148
 -0.00230		  0.00240
 -0.00127		  0.00297
 -0.00013		  0.00313
  0.00097		  0.00285
  0.00185		  0.00221
  0.00242		  0.00132
  0.00259		  0.00031
  0.00237		 -0.00065
  0.00182		 -0.00142
  0.00105		 -0.00188
  0.00019		 -0.00200
 -0.00060		 -0.00176
 -0.00120		 -0.00124
 -0.00151		 -0.00054
 -0.00149		  0.00019
 -0.00117		  0.00082
 -0.00061		  0.00124
  0.00007		  0.00137
  0.00073		  0.00118
  0.00124		  0.00073
  0.00151		  0.00008
  0.00147		 -0.00064
  0.00113		 -0.00129
  0.00052		 -0.00175
 -0.00025		 -0.00192
 -0.00104		 -0.00177
 -0.00174		 -0.00130
 -0.00220		 -0.00057
 -0.00235		  0.00031
 -0.00215		  0.00120
 -0.00162		  0.00197
 -0.00082		  0.00249
  0.00013		  0.00268
  0.00110		  0.00250
  0.00195		  0.00198
  0.00254		  0.00118
  0.00281		  0.00021
  0.00271		 -0.00079
  0.00227		 -0.00168
  0.00153		 -0.00235
  0.00062		 -0.00271
 -0.00035		 -0.00272
 -0.00124		 -0.00240
 -0.00195		 -0.00179
 -0.00239		 -0.00098
 -0.00251		 -0.00010
 -0.00233		  0.00074
 -0.00187		  0.00144
 -0.00122		  0.00192
 -0.00047		  0.00213
  0.00028		  0.00207
  0.00093		  0.00177
  0.00140		  0.00127
  0.00166		  0.00068
  0.00169		  0.00006
  0.00151		 -0.00050
  0.00116		 -0.00093
  0.00071		 -0.00120
  0.00023		 -0.00127
 -0.00023		 -0.00118
 -0.00059		 -0.00094
 -0.00082		 -0.00060
 -0.00090		 -0.00023
 -0.00084		  0.00013
 -0.00066		  0.00041
 -0.00040		  0.00059
 -0.00010		  0.00065
  0.00018		  0.00059
  0.00041		  0.00042
  0.00054		  0.00018
  0.00056		 -0.00009
  0.00046		 -0.00034
  0.00027		 -0.00053
  0.00002		 -0.00063
 -0.00026		 -0.00061
 -0.00052		 -0.00048
 -0.00072		 -0.00025
 -0.00081		  0.00005
 -0.00078		  0.00037
 -0.00062		  0.00067
 -0.00035		  0.00090
 -0.00001		  0.00102
  0.00038		  0.00100
  0.00074		  0.00084
  0.00103		  0.00055
  0.00119		  0.00016
  0.00121		 -0.00028
  0.00107		 -0.00070
  0.00078		 -0.00106
  0.00037		 -0.00129
 -0.00011		 -0.00136
 -0.00058		 -0.00126
 -0.00100		 -0.00099
 -0.00129		 -0.00059
 -0.00142		 -0.00010
 -0.00137		  0.00041
 -0.00114		  0.00086
 -0.00076		  0.00120
 -0.00029		  0.00139
  0.00022		  0.00139
  0.00069		  0.00121
  0.00106		  0.00087
  0.00128		  0.00043
  0.00132		 -0.00006
  0.00118		 -0.00052
  0.00089		 -0.00089
  0.00049		 -0.00112
  0.00005		 -0.00119
 -0.00038		 -0.00109
 -0.00073		 -0.00084
 -0.00096		 -0.00049
 -0.00104		 -0.00009
 -0.00096		  0.00030
 -0.00075		  0.00062
 -0.00043		  0.00082
 -0.00008		  0.00089
  0.00027		  0.00082
  0.00055		  0.00063
  0.00073		  0.00035
  0.00078		  0.00003
  0.00071		 -0.00027
  0.00053		 -0.00052
  0.00027		 -0.00067
 -0.00002		 -0.00071
 -0.00030		 -0.00063
 -0.00052		 -0.00045
 -0.00065		 -0.00020
 -0.00067		  0.00007
 -0.00059		  0.00032
 -0.00041		  0.00053
 -0.00017		  0.00064
  0.00009		  0.00066
  0.00033		  0.00057
  0.00052		  0.00040
  0.00063		  0.00018
  0.00065		 -0.00007
  0.00058		 -0.00031
  0.00042		 -0.00050
  0.00020		 -0.00062
 -0.00004		 -0.00065
 -0.00028		 -0.00058
 -0.00047		 -0.00044
 -0.00059		 -0.00024
 -0.00063		 -0.00000
 -0.00059		  0.00023
 -0.00046		  0.00042
 -0.00027		  0.00056
 -0.00005		  0.00061
  0.00018		  0.00059
  0.00038		  0.00048
  0.00053		  0.00030
  0.00060		  0.00009
  0.00059		 -0.00014
  0.00049		 -0.00035
  0.00033		 -0.00051
  0.00012		 -0.00060
 -0.00011		 -0.00060
 -0.00033		 -0.00052
 -0.00050		 -0.00036
 -0.00061		 -0.00015
 -0.00063		  0.00008
 -0.00056		  0.00032
 -0.00041		  0.00051
 -0.00019		  0.00063
  0.00005		  0.00067
  0.00030		  0.00061
  0.00051		  0.00046
  0.00065		  0.00025
  0.00071		 -0.00001
  0.00066		 -0.00027
  0.00053		 -0.00050
  0.00031		 -0.00067
  0.00005		 -0.00074
 -0.00023		 -0.00071
 -0.00047		 -0.00059
 -0.00066		 -0.00038
 -0.00075		 -0.00011
 -0.00074		  0.00017
 -0.00063		  0.00042
 -0.00043		  0.00062
 -0.00018		  0.00073
  0.00010		  0.00074
  0.00035		  0.00064
  0.00055		  0.00046
  0.00067		  0.00022
  0.00069		 -0.00004
  0.00061		 -0.00028
  0.00044		 -0.00048
  0.00022		 -0.00059
 -0.00001		 -0.00060
 -0.00023		 -0.00053
 -0.00040		 -0.00038
 -0.00049		 -0.00019
 -0.00050		  0.00003
 -0.00043		  0.00022
 -0.00028		  0.00035
 -0.00010		  0.00042
  0.00008		  0.00040
  0.00024		  0.00031
  0.00034		  0.00017
  0.00037		 -0.00001
  0.00033		 -0.00018
  0.00021		 -0.00031
  0.00005		 -0.00038
 -0.00012		 -0.00038
 -0.00028		 -0.00030
 -0.00040		 -0.00016
 -0.00045		  0.00002
 -0.00042		  0.00021
 -0.00032		  0.00038
 -0.00015		  0.00050
  0.00005		  0.00054
  0.00026		  0.00050
  0.00044		  0.00038
  0.00057		  0.00019
  0.00061		 -0.00002
  0.00058		 -0.00025
  0.00046		 -0.00045
  0.00027		 -0.00059
  0.00005		 -0.00065
 -0.00018		 -0.00063
 -0.00039		 -0.00053
 -0.00055		 -0.00037
 -0.00064		 -0.00016
 -0.00064		  0.00007
 -0.00057		  0.00028
 -0.00044		  0.00045
 -0.00026		  0.00056
 -0.00006		  0.00060
  0.00014		  0.00056
  0.00031		  0.00047
  0.00043		  0.00033
  0.00049		  0.00017
  0.00049		 -0.00000
  0.00044		 -0.00015
  0.00035		 -0.00027
  0.00023		 -0.00034
  0.00011		 -0.00037
 -0.00001		 -0.00036
 -0.00011		 -0.00031
 -0.00018		 -0.00024
 -0.00022		 -0.00016
 -0.00024		 -0.00008
 -0.00022		 -0.00001
 -0.00019		  0.00004
 -0.00015		  0.00008
 -0.00011		  0.00010
 -0.00008		  0.00010
 -0.00005		  0.00010
 -0.00003		  0.00009
 -0.00002		  0.00008
 -0.00002		  0.00008
 -0.00002		  0.00008
 -0.00001		  0.00009
 -0.00000		  0.00010
  0.00002		  0.00011
  0.00004		  0.00012
  0.00008		  0.00012
  0.00011		  0.00011
  0.00015		  0.00009
  0.00018		  0.00005
  0.00020		  0.00000
  0.00021		 -0.00006
  0.00020		 -0.00012
  0.00017		 -0.00018
  0.00012		 -0.00024
  0.00005		 -0.00027
 -0.00003		 -0.00029
 -0.00012		 -0.00028
 -0.00021		 -0.00025
 -0.00028		 -0.00019
 -0.00033		 -0.00010
 -0.00036		  0.00000
 -0.00036		  0.00011
 -0.00031		  0.00022
 -0.00024		  0.00032
 -0.00014		  0.00038
 -0.00002		  0.00041
  0.00011		  0.00041
  0.00024		  0.00036
  0.00034		  0.00027
  0.00041		  0.00016
  0.00044		  0.00002
  0.00043		 -0.00011
  0.00037		 -0.00024
  0.00028		 -0.00034
  0.00016		 -0.00041
  0.00002		 -0.00043
 -0.00011		 -0.00041
 -0.00023		 -0.00035
 -0.00032		 -0.00025
 -0.00038		 -0.00014
 -0.00039		 -0.00001
 -0.00036		  0.00010
 -0.00030		  0.00020
 -0.00021		  0.00027
 -0.00011		  0.00031
 -0.00001		  0.00031
  0.00008		  0.00028
  0.00015		  0.00022
  0.00019		  0.00015
  0.00021		  0.00008
  0.00020		  0.00002
  0.00017		 -0.00003
  0.00014		 -0.00007
  0.00010		 -0.00009
  0.00007		 -0.00009
  0.00004		 -0.00008
  0.00003		 -0.00007
  0.00003		 -0.00006
  0.00003		 -0.00006
  0.00004		 -0.00006
  0.00004		 -0.00008
  0.00003		 -0.00010
  0.00001		 -0.00013
 -0.00003		 -0.00014
 -0.00008		 -0.00015
 -0.00013		 -0.00014
 -0.00018		 -0.00010
 -0.00022		 -0.00005
 -0.00024		  0.00002
 -0.00024		  0.00010
 -0.00021		  0.00018
 -0.00015		  0.00024
 -0.00007		  0.00029
  0.00002		  0.00031
  0.00012		  0.00030
  0.00021		  0.00025
  0.00029		  0.00017
  0.00033		  0.00008
  0.00034		 -0.00003
  0.00032		 -0.00014
  0.00026		 -0.00023
  0.00017		 -0.00030
  0.00007		 -0.00034
 -0.00004		 -0.00034
 -0.00015		 -0.00031
 -0.00023		 -0.00024
 -0.00029		 -0.00016
 -0.00032		 -0.00006
 -0.00031		  0.00004
 -0.00027		  0.00013
 -0.00021		  0.00020
 -0.00014		  0.00025
 -0.00005		  0.00027
  0.00003		  0.00026
  0.00010		  0.00022
  0.00015		  0.00017
  0.00019		  0.00011
  0.00020		  0.00005
  0.00019		 -0.00001
  0.00017		 -0.00005
  0.00014		 -0.00009
  0.00010		 -0.00011
  0.00006		 -0.00012
  0.00003		 -0.00012
  0.00000		 -0.00012
 -0.00002		 -0.00011
 -0.00004		 -0.00009
 -0.00005		 -0.00008
 -0.00006		 -0.00007
 -0.00007		 -0.00006
 -0.00008		 -0.00004
 -0.00009		 -0.00003
 -0.00010		 -0.00001
 -0.00010		  0.00002
 -0.00010		  0.00004
 -0.00009		  0.00007
 -0.00007		  0.00010
 -0.00005		  0.00012
 -0.00002		  0.00013
  0.00002		  0.00013
  0.00006		  0.00012
  0.00009		  0.00010
  0.00012		  0.00007
  0.00014		  0.00004
  0.00014		 -0.00000
  0.00014		 -0.00004
  0.00012		 -0.00008
  0.00009		 -0.00011
  0.00005		 -0.00013
  0.00002		 -0.00014
 -0.00002		 -0.00013
 -0.00006		 -0.00012
 -0.00009		 -0.00010
 -0.00011		 -0.00007
 -0.00012		 -0.00004
 -0.00013		 -0.00001
 -0.00012		  0.00003
 -0.00011		  0.00006
 -0.00009		  0.00008
 -0.00007		  0.00010
 -0.00004		  0.00012
 -0.00001		  0.00012
  0.00003		  0.00012
  0.00006		  0.00011
  0.00009		  0.00009
  0.00011		  0.00007
  0.00013		  0.00003
  0.00014		 -0.00001
  0.00013		 -0.00004
  0.00012		 -0.00008
  0.00009		 -0.00011
  0.00005		 -0.00014
  0.00001		 -0.00015
 -0.00004		 -0.00014
 -0.00008		 -0.00013
 -0.00012		 -0.00009
 -0.00014		 -0.00005
 -0.00015		 -0.00001
 -0.00014		  0.00004
 -0.00012		  0.00008
 -0.00009		  0.00012
 -0.00004		  0.00014
  0.00000		  0.00014
  0.00005		  0.00013
  0.00008		  0.00011
  0.00011		  0.00007
  0.00012		  0.00003
  0.00012		 -0.00001
  0.00011		 -0.00005
  0.00008		 -0.00008
  0.00005		 -0.00010
  0.00001		 -0.00010
 -0.00002		 -0.00009
 -0.00005		 -0.00008
 -0.00006		 -0.00005
 -0.00007		 -0.00003
 -0.00007		 -0.00000
 -0.00006		  0.00002
 -0.00004		  0.00004
 -0.00003		  0.00004
 -0.00001		  0.00004
  0.00001		  0.00004
  0.00002		  0.00003
  0.00002		  0.00002
  0.00002		  0.00001
  0.00001		 -0.00000
  0.00000		 -0.00000
 -0.00000		 -0.00000
 -0.00001		  0.00000
 -0.00001		  0.00001
 -0.00001		  0.00002
  0.00000		  0.00002
  0.00001		  0.00003
  0.00002		  0.00002
  0.00004		  0.00002
  0.00004		  0.00000
  0.00005		 -0.00001
  0.00004		 -0.00003
  0.00003		 -0.00005
  0.00002		 -0.00006
 -0.00000		 -0.00007
 -0.00003		 -0.00007
 -0.00005		 -0.00006
 -0.00007		 -0.00004
 -0.00008		 -0.00002
 -0.00009		  0.00001
 -0.00008		  0.00004
 -0.00007		  0.00007
 -0.00004		  0.00009
 -0.00001		  0.00010
  0.00002		  0.00011
  0.00006		  0.00009
  0.00009		  0.00007
  0.00011		  0.00004
  0.00012		  0.00000
  0.00012		 -0.00004
  0.00010		 -0.00008
  0.00007		 -0.00011
  0.00003		 -0.00013
 -0.00001		 -0.00014
 -0.00006		 -0.00013
 -0.00010		 -0.00010
 -0.00013		 -0.00007
 -0.00015		 -0.00002
 -0.00015		  0.00003
 -0.00013		  0.00008
 -0.00010		  0.00012
 -0.00005		  0.00015
  0.00000		  0.00016
  0.00005		  0.00015
  0.00010		  0.00012
  0.00013		  0.00008
  0.00015		  0.00003
  0.00015		 -0.00002
  0.00013		 -0.00007
  0.00010		 -0.00011
  0.00005		 -0.00013
  0.00000		 -0.00014
 -0.00004		 -0.00013
 -0.00008		 -0.00010
 -0.00011		 -0.00006
 -0.00012		 -0.00002
 -0.00011		  0.00002
 -0.00009		  0.00005
 -0.00006		  0.00008
 -0.00003		  0.00008
  0.00001		  0.00008
  0.00003		  0.00006
  0.00005		  0.00004
  0.00005		  0.00001
  0.00005		 -0.00001
  0.00003		 -0.00003
  0.00001		 -0.00003
 -0.00001		 -0.00003
 -0.00003		 -0.00002
 -0.00003		  0.00000
 -0.00003		  0.00002
 -0.00002		  0.00004
  0.00000		  0.00006
  0.00003		  0.00006
  0.00006		  0.00005
  0.00008		  0.00003
  0.00009		 -0.00001
  0.00009		 -0.00004
  0.00008		 -0.00008
  0.00005		 -0.00010
  0.00001		 -0.00012
 -0.00003		 -0.00012
 -0.00008		 -0.00011
 -0.00012		 -0.00008
 -0.00014		 -0.00004
 -0.00015		  0.00001
 -0.00015		  0.00006
 -0.00012		  0.00011
 -0.00008		  0.00014
 -0.00003		  0.00017
  0.00003		  0.00017
  0.00008		  0.00015
  0.00013		  0.00012
  0.00016		  0.00008
  0.00018		  0.00002
  0.00017		 -0.00004
  0.00015		 -0.00009
  0.00012		 -0.00013
  0.00007		 -0.00016
  0.00001		 -0.00018
 -0.00004		 -0.00017
 -0.00009		 -0.00015
 -0.00013		 -0.00011
 -0.00016		 -0.00006
 -0.00017		 -0.00001
 -0.00016		  0.00004
 -0.00014		  0.00009
 -0.00010		  0.00012
 -0.00006		  0.00014
 -0.00001		  0.00015
  0.00004		  0.00014
  0.00008		  0.00012
  0.00010		  0.00008
  0.00012		  0.00004
  0.00012		  0.00000
  0.00011		 -0.00003
  0.00009		 -0.00006
  0.00006		 -0.00008
  0.00003		 -0.00009
 -0.00000		 -0.00008
 -0.00003		 -0.00007
 -0.00005		 -0.00005
 -0.00005		 -0.00003
 -0.00005		 -0.00000
 -0.00004		  0.00001
 -0.00002		  0.00002
 -0.00000		  0.00002
  0.00001		  0.00001
  0.00002		 -0.00001
  0.00001		 -0.00002
  0.00000		 -0.00004
 -0.00002		 -0.00004
 -0.00004		 -0.00004
 -0.00007		 -0.00003
 -0.00008		 -0.00000
 -0.00009		  0.00003
 -0.00009		  0.00007
 -0.00006		  0.00010
 -0.00003		  0.00013
  0.00002		  0.00014
  0.00007		  0.00014
  0.00012		  0.00011
  0.00016		  0.00007
  0.00018		  0.00001
  0.00019		 -0.00005
  0.00016		 -0.00012
  0.00012		 -0.00017
  0.00006		 -0.00021
 -0.00001		 -0.00022
 -0.00009		 -0.00021
 -0.00016		 -0.00017
 -0.00020		 -0.00011
 -0.00023		 -0.00003
 -0.00023		  0.00005
 -0.00020		  0.00012
 -0.00014		  0.00018
 -0.00007		  0.00022
  0.00000		  0.00023
  0.00008		  0.00021
  0.00014		  0.00016
  0.00018		  0.00010
  0.00020		  0.00003
  0.00019		 -0.00003
  0.00016		 -0.00009
  0.00011		 -0.00014
  0.00006		 -0.00016
 -0.00000		 -0.00016
 -0.00005		 -0.00014
 -0.00009		 -0.00010
 -0.00011		 -0.00006
 -0.00011		 -0.00001
 -0.00010		  0.00002
 -0.00007		  0.00005
 -0.00004		  0.00006
 -0.00001		  0.00006
  0.00002		  0.00005
  0.00003		  0.00003
  0.00003		  0.00000
  0.00002		 -0.00002
  0.00000		 -0.00003
 -0.00002		 -0.00003
 -0.00004		 -0.00002
 -0.00005		 -0.00000
 -0.00006		  0.00002
 -0.00005		  0.00005
 -0.00003		  0.00008
 -0.00000		  0.00009
  0.00003		  0.00009
  0.00007		  0.00008
  0.00010		  0.00006
  0.00012		  0.00002
  0.00013		 -0.00002
  0.00012		 -0.00006
  0.00009		 -0.00010
  0.00006		 -0.00013
  0.00001		 -0.00015
 -0.00004		 -0.00014
 -0.00008		 -0.00013
 -0.00012		 -0.00010
 -0.00015		 -0.00005
 -0.00016		 -0.00000
 -0.00015		  0.00005
 -0.00013		  0.00009
 -0.00009		  0.00012
 -0.00005		  0.00015
 -0.00000		  0.00015
  0.00005		  0.00015
  0.00009		  0.00012
  0.00012		  0.00009
  0.00014		  0.00005
  0.00015		  0.00000
  0.00014		 -0.00004
  0.00012		 -0.00008
  0.00008		 -0.00011
  0.00004		 -0.00013
  0.00000		 -0.00013
 -0.00004		 -0.00012
 -0.00007		 -0.00010
 -0.00010		 -0.00007
 -0.00011		 -0.00004
 -0.00011		  0.00000
 -0.00010		  0.00004
 -0.00008		  0.00006
 -0.00005		  0.00008
 -0.00002		  0.00009
  0.00001		  0.00009
  0.00003		  0.00007
  0.00005		  0.00005
  0.00006		  0.00003
  0.00006		  0.00000
  0.00005		 -0.00002
  0.00004		 -0.00003
  0.00002		 -0.00004
 -0.00000		 -0.00003
 -0.00002		 -0.00002
 -0.00002		 -0.00001
 -0.00002		  0.00001
 -0.00001		  0.00002
  0.00001		  0.00003
  0.00002		  0.00003
  0.00004		  0.00002
  0.00005		 -0.00000
  0.00006		 -0.00003
  0.00005		 -0.00005
  0.00003		 -0.00007
  0.00000		 -0.00009
 -0.00003		 -0.00009
 -0.00007		 -0.00008
 -0.00009		 -0.00005
 -0.00011		 -0.00002
 -0.00012		  0.00002
 -0.00011		  0.00007
 -0.00008		  0.00010
 -0.00004		  0.00013
  0.00000		  0.00014
  0.00005		  0.00013
  0.00010		  0.00011
  0.00013		  0.00007
  0.00015		  0.00002
  0.00015		 -0.00003
  0.00013		 -0.00008
  0.00009		 -0.00012
  0.00005		 -0.00014
 -0.00000		 -0.00015
 -0.00005		 -0.00013
 -0.00009		 -0.00011
 -0.00012		 -0.00007
 -0.00013		 -0.00002
 -0.00013		  0.00003
 -0.00010		  0.00007
 -0.00007		  0.00009
 -0.00003		  0.00011
  0.00001		  0.00011
  0.00004		  0.00009
  0.00007		  0.00007
  0.00008		  0.00003
  0.00008		  0.00000
  0.00007		 -0.00003
  0.00005		 -0.00005
  0.00003		 -0.00006
  0.00000		 -0.00006
 -0.00002		 -0.00005
 -0.00003		 -0.00003
 -0.00004		 -0.00001
 -0.00004		  0.00001
 -0.00003		  0.00002
 -0.00001		  0.00003
  0.00001		  0.00003
  0.00002		  0.00003
  0.00003		  0.00001
  0.00004		 -0.00000
  0.00003		 -0.00002
  0.00002		 -0.00004
  0.00001		 -0.00005
 -0.00001		 -0.00005
 -0.00003		 -0.00004
 -0.00005		 -0.00003
 -0.00006		 -0.00001
 -0.00006		  0.00001
 -0.00006		  0.00003
 -0.00005		  0.00005
 -0.00003		  0.00006
 -0.00000		  0.00007
  0.00002		  0.00007
  0.00004		  0.00006
  0.00006		  0.00004
  0.00007		  0.00002
  0.00008		 -0.00001
  0.00007		 -0.00003
  0.00006		 -0.00005
  0.00004		 -0.00007
  0.00001		 -0.00008
 -0.00002		 -0.00008
 -0.00004		 -0.00007
 -0.00006		 -0.00005
 -0.00008		 -0.00003
 -0.00008		 -0.00000
 -0.00007		  0.00003
 -0.00006		  0.00005
 -0.00004		  0.00007
 -0.00001		  0.00007
  0.00001		  0.00007
  0.00004		  0.00006
  0.00006		  0.00004
  0.00007		  0.00002
  0.00007		 -0.00000
  0.00006		 -0.00003
  0.00004		 -0.00005
  0.00002		 -0.00006
  0.00000		 -0.00006
 -0.00002		 -0.00005
 -0.00004		 -0.00004
 -0.00005		 -0.00002
 -0.00005		  0.00000
 -0.00005		  0.00002
 -0.00003		  0.00004
 -0.00001		  0.00005
  0.00001		  0.00005
  0.00002		  0.00004
  0.00004		  0.00003
  0.00005		  0.00001
  0.00004		 -0.00001
  0.00004		 -0.00003
  0.00002		 -0.00004
  0.00000		 -0.00005
 -0.00002		 -0.00005
 -0.00004		 -0.00003
 -0.00005		 -0.00002
 -0.00005		  0.00000
 -0.00005		  0.00002
 -0.00004		  0.00004
 -0.00002		  0.00005
  0.00000		  0.00005
  0.00002		  0.00005
  0.00004		  0.00004
  0.00005		  0.00002
  0.00006		 -0.00000
  0.00005		 -0.00002
  0.00004		 -0.00004
  0.00002		 -0.00005
  0.00000		 -0.00006
 -0.00002		 -0.00005
 -0.00004		 -0.00004
 -0.00005		 -0.00002
 -0.00005		 -0.00000
 -0.00005		  0.00002
 -0.00004		  0.00003
 -0.00002		  0.00004
 -0.00001		  0.00005
  0.00001		  0.00005
  0.00003		  0.00004
  0.00004		  0.00002
  0.00005		  0.00001
  0.00004		 -0.00001
  0.00003		 -0.00003
  0.00002		 -0.00004
  0.00001		 -0.00004
 -0.00001		 -0.00004
 -0.00002		 -0.00003
 -0.00003		 -0.00002
 -0.00004		 -0.00001
 -0.00004		  0.00001
 -0.00003		  0.00002
 -0.00002		  0.00003
 -0.00001		  0.00004
  0.00001		  0.00004
  0.00002		  0.00003
  0.00003		  0.00002
  0.00004		  0.00001
  0.00004		 -0.00000
  0.00004		 -0.00002
  0.00003		 -0.00003
  0.00002		 -0.00004
  0.00000		 -0.00004
 -0.00001		 -0.00004
 -0.00002		 -0.00003
 -0.00003		 -0.00002
 -0.00004		 -0.00001
 -0.00004		  0.00001
 -0.00003		  0.00002
 -0.00002		  0.00003
 -0.00001		  0.00004
 -0.00000		  0.00004
  0.00001		  0.00003
  0.00002		  0.00003
  0.00003		  0.00002
  0.00003		  0.00001
  0.00003		 -0.00001
  0.00003		 -0.00002
  0.00002		 -0.00003
  0.00001		 -0.00003
 -0.00000		 -0.00003
 -0.00001		 -0.00003
 -0.00002		 -0.00002
 -0.00003		 -0.00001
 -0.00003		  0.00000
 -0.00002		  0.00001
 -0.00001		  0.00002
 -0.00001		  0.00002
  0.00000		  0.00002
  0.00001		  0.00002
  0.00002		  0.00001
  0.00002		 -0.00000
  0.00002		 -0.00001
  0.00001		 -0.00002
  0.00000		 -0.00002
 -0.00001		 -0.00002
 -0.00002		 -0.00002
 -0.00002		 -0.00001
 -0.00003		 -0.00000
 -0.00003		  0.00001
 -0.00002		  0.00002
 -0.00001		  0.00003
 -0.00000		  0.00004
  0.00001		  0.00004
  0.00003		  0.00003
  0.00004		  0.00002
  0.00004		  0.00000
  0.00004		 -0.00001
  0.00004		 -0.00003
  0.00003		 -0.00004
  0.00001		 -0.00005
 -0.00001		 -0.00005
 -0.00002		 -0.00004
 -0.00004		 -0.00003
 -0.00005		 -0.00002
 -0.00005		 -0.00000
 -0.00005		  0.00002
 -0.00004		  0.00003
 -0.00003		  0.00004
 -0.00001		  0.00005
  0.00001		  0.00005
  0.00002		  0.00004
  0.00003		  0.00003
  0.00004		  0.00002
  0.00004		  0.00000
  0.00004		 -0.00001
  0.00003		 -0.00002
  0.00002		 -0.00003
  0.00001		 -0.00004
 -0.00000		 -0.00003
 -0.00002		 -0.00003
 -0.00002		 -0.00002
 -0.00003		 -0.00001
 -0.00003		 -0.00000
 -0.00002		  0.00001
 -0.00002		  0.00001
 -0.00001		  0.00002
 -0.00000		  0.00002
  0.00001		  0.00001
  0.00001		  0.00001
  0.00001		  0.00000
  0.00001		 -0.00000
  0.00000		 -0.00001
 -0.00000		 -0.00001
 -0.00001		 -0.00001
 -0.00001		 -0.00000
 -0.00001		  0.00000
 -0.00001		  0.00001
 -0.00001		  0.00001
 -0.00000		  0.00002
  0.00001		  0.00002
  0.00001		  0.00002
  0.00002		  0.00001
  0.00003		  0.00001
  0.00003		 -0.00000
  0.00003		 -0.00001
  0.00002		 -0.00002
  0.00001		 -0.00003
  0.00000		 -0.00003
 -0.00001		 -0.00003
 -0.00002		 -0.00003
 -0.00003		 -0.00002
 -0.00003		 -0.00001
 -0.00004		  0.00000
 -0.00004		  0.00001
 -0.00003		  0.00002
 -0.00002		  0.00003
 -0.00001		  0.00004
  0.00000		  0.00004
  0.00001		  0.00003
  0.00003		  0.00003
  0.00003		  0.00002
  0.00004		  0.00001
  0.00004		 -0.00000
  0.00003		 -0.00002
  0.00002		 -0.00002
  0.00002		 -0.00003
  0.00001		 -0.00003
 -0.00000		 -0.00003
 -0.00001		 -0.00003
 -0.00002		 -0.00002
 -0.00002		 -0.00001
 -0.00002		 -0.00000
 -0.00002		  0.00000
 -0.00002		  0.00001
 -0.00002		  0.00001
 -0.00001		  0.00002
 -0.00000		  0.00002
  0.00000		  0.00002
  0.00000		  0.00001
  0.00001		  0.00001
  0.00001		  0.00001
  0.00001		  0.00001
  0.00001		  0.00000
  0.00001		  0.00000
  0.00001		 -0.00000
  0.00001		 -0.00000
  0.00001		 -0.00000
  0.00001		 -0.00000
  0.00001		 -0.00000
  0.00001		 -0.00000
  0.00001		 -0.00000
  0.00001		 -0.00001
  0.00000		 -0.00001
  0.00000		 -0.00001
  0.00000		 -0.00001
 -0.00000		 -0.00001
 -0.00001		 -0.00001
 -0.00001		 -0.00001
 -0.00001		 -0.00001
 -0.00002		 -0.00001
 -0.00002		 -0.00000
 -0.00002		  0.00000
 -0.00002		  0.00001
 -0.00001		  0.00002
 -0.00001		  0.00002
 -0.00000		  0.00002
  0.00000		  0.00002
  0.00001		  0.00002
  0.00002		  0.00002
  0.00002		  0.00001
  0.00003		  0.00000
  0.00003		 -0.00001
  0.00002		 -0.00001
  0.00002		 -0.00002
  0.00001		 -0.00003
  0.00000		 -0.00003
 -0.00001		 -0.00003
 -0.00002		 -0.00003
 -0.00002		 -0.00002
 -0.00003		 -0.00001
 -0.00003		 -0.00000
 -0.00003		  0.00001
 -0.00002		  0.00002
 -0.00002		  0.00002
 -0.00001		  0.00003
  0.00000		  0.00003
  0.00001		  0.00002
  0.00002		  0.00002
  0.00002		  0.00001
  0.00002		  0.00000
  0.00002		 -0.00000
  0.00002		 -0.00001
  0.00001		 -0.00001
  0.00001		 -0.00001
  0.00000		 -0.00001
 -0.00000		 -0.00001
 -0.00001		 -0.00001
 -0.00001		 -0.00000
 -0.00001		 -0.00000
 -0.00000		 -0.00000
 -0.00000		  0.00000
 -0.00000		 -0.00000
 -0.00000		 -0.00000
 -0.00000		 -0.00000
 -0.00000		 -0.00000
 -0.00000		 -0.00000
 -0.00001		 -0.00000
 -0.00001		 -0.00000
 -0.00001		  0.00000
 -0.00001		  0.00000
 -0.00001		  0.00001
 -0.00001		  0.00001
 -0.00000		  0.00001
  0.00000		  0.00001
  0.00001		  0.00001
  0.00001		  0.00001
  0.00001		  0.00001
  0.00002		  0.00000
  0.00002		 -0.00000
  0.00001		 -0.00001
  0.00001		 -0.00001
  0.00001		 -0.00002
  0.00000		 -0.00002
 -0.00000		 -0.00002
 -0.00001		 -0.00001
 -0.00001		 -0.00001
 -0.00001		 -0.00001
 -0.00002		 -0.00000
 -0.00001		  0.00000
 -0.00001		  0.00001
 -0.00001		  0.00001
 -0.00001		  0.00001
 -0.00000		  0.00001
  0.00000		  0.00001
  0.00000		  0.00001
  0.00001		  0.00001
  0.00001		  0.00001
  0.00001		  0.00000
  0.00001		  0.00000
  0.00001		 -0.00000
  0.00001		 -0.00001
  0.00001		 -0.00001
  0.00001		 -0.00001
  0.00000		 -0.00001
 -0.00000		 -0.00001
 -0.00000		 -0.00001
 -0.00001		 -0.00001
 -0.00001		 -0.00001
 -0.00001		 -0.00000
 -0.00001		  0.00000
 -0.00001		  0.00000
 -0.00001		  0.00001
 -0.00001		  0.00001
 -0.00000		  0.00001
  0.00000		  0.00001
  0.00000		  0.00001
  0.00001		  0.00001
  0.00001		  0.00000
  0.00001		  0.00000
  0.00001		 -0.00000
  0.00001		 -0.00000
  0.00000		 -0.00001
  0.00000		 -0.00001
 -0.00000		 -0.00000
 -0.00000		 -0.00000
 -0.00000		 -0.00000
 -0.00000		 -0.00000
 -0.00000		  0.00000
  0.00000		  0.00000
  0.00000		 -0.00000
  0.00000		 -0.00000
  0.00000		 -0.00000
  0.00000		 -0.00000
 -0.00000		 -0.00000
 -0.00000		 -0.00000
 -0.00001		 -0.00000
 -0.00001		 -0.00000
 -0.00001		  0.00000
 -0.00001		  0.00000
 -0.00001		  0.00001
 -0.00000		  0.00001
  0.00000		  0.00001
  0.00000		  0.00001
  0.00001		  0.00001
  0.00001		  0.00001
  0.00001		  0.00000
  0.00001		 -0.00000
  0.00001		 -0.00001
  0.00001		 -0.00001
  0.00000		 -0.00001
 -0.00000		 -0.00001
 -0.00000		 -0.00001
 -0.00001		 -0.00001
 -0.00001		 -0.00001
 -0.00001		 -0.00000
 -0.00001		  0.00000
 -0.00001		  0.00000
 -0.00001		  0.00001
 -0.00000		  0.00001
 -0.00000		  0.00001
  0.00000		  0.00001
  0.00000		  0.00001
  0.00001		  0.00001
  0.00001		  0.00000
  0.00001		  0.00000
  0.00001		 -0.00000
  0.00001		 -0.00000
  0.00001		 -0.00000
  0.00000		 -0.00000
  0.00000		 -0.00001
  0.00000		 -0.00001
 -0.00000		 -0.00001
 -0.00000		 -0.00001
 -0.00000		 -0.00001
 -0.00000		 -0.00000
 -0.00001		 -0.00000
 -0.00001		 -0.00000
 -0.00001		  0.00000
 -0.00001		  0.00000
 -0.00001		  0.00001
 -0.00000		  0.00001
 -0.00000		  0.00001
  0.00000		  0.00001
  0.00000		  0.00001
  0.00001		  0.00001
  0.00001		  0.00000
  0.00001		  0.00000
  0.00001		 -0.00000
  0.00001		 -0.00000
  0.00000		 -0.00001
  0.00000		 -0.00001
 -0.00000		 -0.00001
 -0.00000		 -0.00000
 -0.00000		 -0.00000
 -0.00000		 -0.00000
 -0.00000		 -0.00000
 -0.00000		  0.00000
 -0.00000		  0.00000
 -0.00000		  0.00000
 -0.00000		  0.00000
  0.00000		  0.00000
  0.00000		 -0.00000
 -0.00000		 -0.00000
 -0.00000		 -0.00000
 -0.00000		 -0.00000
 -0.00000		  0.00000
 -0.00000		  0.00000
 -0.00000		  0.00000
 -0.00000		  0.00001
  0.00000		  0.00001
  0.00000		  0.00001
  0.00001		  0.00001
  0.00001		  0.00000
  0.00001		  0.00000
  0.00001		 -0.00000
  0.00001		 -0.00001
  0.00001		 -0.00001
  0.00000		 -0.00001
 -0.00000		 -0.00001
 -0.00000		 -0.00001
 -0.00001		 -0.00001
 -0.00001		 -0.00001
 -0.00001		 -0.00000
 -0.00001		  0.00000
 -0.00001		  0.00001
 -0.00001		  0.00001
 -0.00001		  0.00001
 -0.00000		  0.00001
  0.00000		  0.00001
  0.00001		  0.00001
  0.00001		  0.00001
  0.00001		  0.00000
  0.00001		 -0.00000
  0.00001		 -0.00000
  0.00001		 -0.00001
  0.00001		 -0.00001
  0.00000		 -0.00001
 -0.00000		 -0.00001
 -0.00000		 -0.00001
 -0.00000		 -0.00001
 -0.00001		 -0.00000
 -0.00001		 -0.00000
 -0.00001		 -0.00000
 -0.00001		  0.00000
 -0.00000		  0.00000
 -0.00000		  0.00000
 -0.00000		  0.00000
 -0.00000		  0.00000
 -0.00000		  0.00000
 -0.00000		  0.00000
  0.00000		  0.00000
  0.00000		  0.00000
  0.00000		  0.00000
  0.00000		  0.00000
  0.00000		  0.00000
  0.00000		  0.00000
  0.00000		  0.00000
  0.00000		  0.00000
  0.00000		 -0.00000
  0.00000		 -0.00000
  0.00000		 -0.00000
  0.00000		 -0.00000
  0.00000		 -0.00001
  0.00000		 -0.00001
 -0.00000		 -0.00001
 -0.00000		 -0.00001
 -0.00000		 -0.00001
 -0.00001		 -0.00000
 -0.00001		 -0.00000
 -0.00001		 -0.00000
 -0.00001		  0.00000
 -0.00001		  0.00000
 -0.00001		  0.00000
 -0.00000		  0.00001
 -0.00000		  0.00001
 -0.00000		  0.00001
  0.00000		  0.00001
  0.00000		  0.00001
  0.00001		  0.00001
  0.00001		  0.00000
  0.00001		  0.00000
  0.00001		 -0.00000
  0.00001		 -0.00000
  0.00001		 -0.00001
  0.00001		 -0.00001
  0.00000		 -0.00001
 -0.00000		 -0.00001
 -0.00000		 -0.00001
 -0.00001		 -0.00001
 -0.00001		 -0.00001
 -0.00001		 -0.00000
 -0.00001		  0.00000
 -0.00001		  0.00000
 -0.00001		  0.00001
 -0.00001		  0.00001
 -0.00000		  0.00001
  0.00000		  0.00001
  0.00000		  0.00001
  0.00001		  0.00001
  0.00001		  0.00001
  0.00001		  0.00000
  0.00001		 -0.00000
  0.00001		 -0.00000
  0.00001		 -0.00000
  0.00000		 -0.00001
  0.00000		 -0.00001
 -0.00000		 -0.00001
 -0.00000		 -0.00000
 -0.00000		 -0.00000
 -0.00000		 -0.00000
 -0.00000		 -0.00000
 -0.00000		 -0.00000
 -0.00000		 -0.00000
 -0.00000		 -0.00000
 -0.00000		 -0.00000
 -0.00000		 -0.00000
 -0.00000		 -0.00000
 -0.00000		 -0.00000
 -0.00000		 -0.00000
 -0.00000		  0.00000
 -0.00000		  0.00000
 -0.00000		  0.00000
 -0.00000		  0.00001
 -0.00000		  0.00001
  0.00000		  0.00001
  0.00000		  0.00001
  0.00001		  0.00001
  0.00001		  0.00000
  0.00001		  0.00000
  0.00001		 -0.00000
  0.00001		 -0.00000
  0.00001		 -0.00001
  0.00000		 -0.00001
  0.00000		 -0.00001
 -0.00000		 -0.00001
 -0.00001		 -0.00001
 -0.00001		 -0.00001
 -0.00001		 -0.00000
 -0.00001		 -0.00000
 -0.00001		  0.00000
 -0.00001		  0.00001
 -0.00001		  0.00001
 -0.00000		  0.00001
  0.00000		  0.00001
  0.00000		  0.00001
  0.00001		  0.00001
  0.00001		  0.00000
  0.00001		  0.00000
  0.00001		 -0.00000
  0.00001		 -0.00000
  0.00001		 -0.00000
  0.00000		 -0.00001
  0.00000		 -0.00001
 -0.00000		 -0.00001
 -0.00000		 -0.00000
 -0.00000		 -0.00000
 -0.00000		 -0.00000
 -0.00000		 -0.00000
 -0.00000		 -0.00000
 -0.00000		  0.00000
 -0.00000		  0.00000
 -0.00000		  0.00000
 -0.00000		  0.00000
 -0.00000		  0.00000
 -0.00000		  0.00000
 -0.00000		  0.00000
 -0.00000		  0.00000
 -0.00000		  0.00000
 -0.00000		  0.00000
 -0.00000		  0.00000
  0.00000		  0.00000
  0.00000		  0.00000
  0.00000		  0.00000
  0.00000		  0.00000
  0.00000		  0.00000
  0.00000		  0.00000
  0.00001		 -0.00000
  0.00000		 -0.00000
  0.00000		 -0.00000
  0.00000		 -0.00000
  0.00000		 -0.00001
 -0.00000		 -0.00001
 -0.00000		 -0.00001
 -0.00000		 -0.00001
 -0.00001		 -0.00000
 -0.00001		 -0.00000
 -0.00001		 -0.00000
 -0.00001		  0.00000
 -0.00001		  0.00000
 -0.00000		  0.00001
 -0.00000		  0.00001
 -0.00000		  0.00001
  0.00000		  0.00001
  0.00000		  0.00001
  0.00001		  0.00000
  0.00001		  0.00000
  0.00001		  0.00000
  0.00001		 -0.00000
  0.00001		 -0.00000
  0.00000		 -0.00001
  0.00000		 -0.00001
  0.00000		 -0.00001
 -0.00000		 -0.00001
 -0.00000		 -0.00001
 -0.00000		 -0.00000
 -0.00001		 -0.00000
 -0.00001		 -0.00000
 -0.00001		  0.00000
 -0.00000		  0.00000
 -0.00000		  0.00000
 -0.00000		  0.00000
  0.00000		  0.00000
  0.00000		  0.00000
  0.00000		  0.00000
  0.00000		  0.00000
  0.00000		 -0.00000
  0.00000		 -0.00000
  0.00000		 -0.00000
  0.00000		 -0.00000
 -0.00000		 -0.00000
 -0.00000		  0.00000
 -0.00000		  0.00000
 -0.00000		  0.00000
  0.00000		  0.00000
  0.00000		  0.00000
  0.00000		  0.00000
  0.00000		 -0.00000
  0.00000		 -0.00000
  0.00000		 -0.00000
  0.00000		 -0.00000
  0.00000		 -0.00000
 -0.00000		 -0.00000
 -0.00000		 -0.00000
 -0.00000		 -0.00000
 -0.00001		 -0.00000
 -0.00001		  0.00000
 -0.00001		  0.00000
 -0.00000		  0.00000
 -0.00000		  0.00001
 -0.00000		  0.00001
  0.00000		  0.00001
  0.00000		  0.00001
  0.00001		  0.00000
  0.00001		  0.00000
  0.00001		 -0.00000
  0.00001		 -0.00000
  0.00000		 -0.00000
  0.00000		 -0.00000
  0.00000		 -0.00001
 -0.00000		 -0.00000
 -0.00000		 -0.00000
 -0.00000		 -0.00000
 -0.00000		 -0.00000
 -0.00000		  0.00000
 -0.00000		  0.00000
 -0.00000		  0.00000
 -0.00000		  0.00000
 -0.00000		  0.00000
  0.00000		  0.00000
  0.00000		  0.00000
  0.00000		  0.00000
  0.00000		  0.00000
  0.00000		 -0.00000
  0.00000		 -0.00000
  0.00000		 -0.00000
  0.00000		 -0.00000
  0.00000		 -0.00000
 -0.00000		 -0.00000
 -0.00000		 -0.00000
 -0.00000		 -0.00000
 -0.00000		  0.00000
 -0.00000		  0.00000
 -0.00000		  0.00000
  0.00000		  0.00000
  0.00000		  0.00000
  0.00000		  0.00000
  0.00000		 -0.00000
  0.00000		 -0.00000
  0.00000		 -0.00000
  0.00000		 -0.00000
  0.00000		 -0.00000
 -0.00000		 -0.00000
 -0.00000		 -0.00000
 -0.00000		 -0.00000
 -0.00000		 -0.00000
 -0.00000		  0.00000
 -0.00000		  0.00000
 -0.00000		  0.00000
 -0.00000		  0.00000
 -0.00000		  0.00000
  0.00000		  0.00000
  0.00000		  0.00000
  0.00000		  0.00000
  0.00000		  0.00000
  0.00000		 -0.00000
  0.00000		 -0.00000
  0.00000		 -0.00000
  0.00000		 -0.00000
  0.00000		 -0.00000
 -0.00000		 -0.00000
 -0.00000		 -0.00000
 -0.00000		 -0.00000
 -0.00000		 -0.00000
 -0.00000		  0.00000
 -0.00000		  0.00000
 -0.00000		  0.00000
 -0.00000		  0.00000
  0.00000		  0.00000
  0.00000		  0.00000
  0.00000		  0.00000
  0.00000		  0.00000
  0.00000		 -0.00000
  0.00000		 -0.00000
  0.00000		 -0.00000
  0.00000		 -0.00000
 -0.00000		 -0.00000
 -0.00000		 -0.00000
 -0.00000		 -0.00000
 -0.00000		  0.00000
 -0.00000		  0.00000
 -0.00000		  0.00000
 -0.00000		  0.00000
  0.00000		  0.00000
  0.00000		  0.00000
  0.00000		  0.00000
  0.00000		  0.00000
  0.00000		 -0.00000
  0.00000		 -0.00000
  0.00000		 -0.00000
  0.00000		 -0.00000
 -0.00000		 -0.00000
 -0.00000		 -0.00000
 -0.00000		 -0.00000
 -0.00000		 -0.00000
 -0.00000		  0.00000
 -0.00000		  0.00000
 -0.00000		  0.00000
 -0.00000		  0.00000
  0.00000		  0.00000
  0.00000		  0.00000
  0.00000		  0.00000
  0.00000		  0.00000
  0.00000		  0.00000
  0.00000		 -0.00000
  0.00000		 -0.00000
  0.00000		 -0.00000
  0.00000		 -0.00000
 -0.00000		 -0.00000
 -0.00000		 -0.00000
 -0.00000		 -0.00000
 -0.00000		  0.00000
 -0.00000		  0.00000
 -0.00000		  0.00000
 -0.00000		  0.00000
  0.00000		  0.00000
  0.00000		  0.00000
  0.00000		  0.00000
  0.00000		  0.00000
  0.00000		 -0.00000
  0.00000		 -0.00000
  0.00000		 -0.00000
 -0.00000		 -0.00000
 -0.00000		 -0.00000
 -0.00000		 -0.00000
 -0.00000		 -0.00000
 -0.00000		  0.00000
 -0.00000		  0.00000
 -0.00000		  0.00000
 -0.00000		  0.00000
 -0.00000		  0.00000
  0.00000		  0.00000
  0.00000		  0.00000
  0.00000		  0.00000
  0.00000		  0.00000
  0.00000		  0.00000
  0.00000		 -0.00000
  0.00000		 -0.00000
  0.00000		 -0.00000
  0.00000		 -0.00000
 -0.00000		 -0.00000
 -0.00000		 -0.00000
 -0.00000		 -0.00000
 -0.00000		 -0.00000
 -0.00000		 -0.00000
 -0.00000		  0.00000
 -0.00000		  0.00000
 -0.00000		  0.00000
 -0.00000		  0.00000
 -0.00000		  0.00000
  0.00000		  0.00000
  0.00000		  0.00000
  0.00000		  0.00000
  0.00000		  0.00000
  0.00000		  0.00000
  0.00000		 -0.00000
  0.00000		 -0.00000
  0.00000		 -0.00000
  0.00000		 -0.00000
  0.00000		 -0.00000
 -0.00000		 -0.00000
 -0.00000		 -0.00000
 -0.00000		 -0.00000
 -0.00000		 -0.00000
 -0.00000		  0.00000
 -0.00000		  0.00000
 -0.00000		  0.00000
 -0.00000		  0.00000
  0.00000		  0.00000
  0.00000		  0.00000
  0.00000		  0.00000
  0.00000		 -0.00000
  0.00000		 -0.00000
  0.00000		 -0.00000
 -0.00000		 -0.00000
 -0.00000		 -0.00000
 -0.00000		 -0.00000
 -0.00000		  0.00000
 -0.00000		  0.00000
 -0.00000		  0.00000
 -0.00000		  0.00000
  0.00000		  0.00000
  0.00000		  0.00000
  0.00000		  0.00000
  0.00000		  0.00000
  0.00000		 -0.00000
  0.00000		 -0.00000
  0.00000		 -0.00000
  0.00000		 -0.00000
 -0.00000		 -0.00000
 -0.00000		 -0.00000
 -0.00000		 -0.00000
 -0.00000		 -0.00000
 -0.00000		 -0.00000
 -0.00000		  0.00000
 -0.00000		  0.00000
 -0.00000		  0.00000
 -0.00000		  0.00000
  0.00000		  0.00000
  0.00000		  0.00000
  0.00000		  0.00000
  0.00000		  0.00000
  0.00000		  0.00000
  0.00000		 -0.00000
  0.00000		 -0.00000
  0.00000		 -0.00000
  0.00000		 -0.00000
  0.00000		 -0.00000
 -0.00000		 -0.00000
 -0.00000		 -0.00000
 -0.00000		 -0.00000
 -0.00000		 -0.00000
 -0.00000		  0.00000
 -0.00000		  0.00000
 -0.00000		  0.00000
 -0.00000		  0.00000
 -0.00000		  0.00000
  0.00000		  0.00000
  0.00000		  0.00000
  0.00000		  0.00000
  0.00000		  0.00000
  0.00000		  0.00000
  0.00000		  0.00000
  0.00000		  0.00000
 -0.00000		  0.00000
  0.00000		  0.00000
  0.00000		  0.00000
  0.00000		  0.00000
  0.00000		  0.00000
  0.00000		  0.00000
  0.00000		  0.00000
  0.00000		 -0.00000
  0.00000		 -0.00000
  0.00000		 -0.00000
  0.00000		 -0.00000
  0.00000		 -0.00000
 -0.00000		 -0.00000
 -0.00000		 -0.00000
 -0.00000		 -0.00000
 -0.00000		 -0.00000
 -0.00000		 -0.00000
 -0.00000		  0.00000
 -0.00000		  0.00000
 -0.00000		  0.00000
 -0.00000		  0.00000
 -0.00000		  0.00000
  0.00000		  0.00000
  0.00000		  0.00000
  0.00000		  0.00000
  0.00000		  0.00000
  0.00000		  0.00000
  0.00000		  0.00000
  0.00000		 -0.00000
  0.00000		 -0.00000
  0.00000		 -0.00000
  0.00000		 -0.00000
  0.00000		 -0.00000
 -0.00000		 -0.00000
 -0.00000		 -0.00000
 -0.00000		 -0.00000
 -0.00000		 -0.00000
 -0.00000		 -0.00000
 -0.00000		  0.00000
 -0.00000		  0.00000
 -0.00000		  0.00000
 -0.00000		  0.00000
 -0.00000		  0.00000
  0.00000		  0.00000
  0.00000		  0.00000
  0.00000		  0.00000
  0.00000		  0.00000
  0.00000		  0.00000
  0.00000		 -0.00000
  0.00000		 -0.00000
  0.00000		 -0.00000
  0.00000		 -0.00000
 -0.00000		 -0.00000
 -0.00000		 -0.00000
 -0.00000		 -0.00000
 -0.00000		 -0.00000
 -0.00000		  0.00000
 -0.00000		  0.00000
 -0.00000		  0.00000
  0.00000		  0.00000
  0.00000		 -0.00000
  0.00000		 -0.00000
  0.00000		 -0.00000
 -0.00000		 -0.00000
 -0.00000		 -0.00000
 -0.00000		 -0.00000
 -0.00000		 -0.00000
 -0.00000		  0.00000
 -0.00000		  0.00000
 -0.00000		  0.00000
 -0.00000		  0.00000
  0.00000		  0.00000
  0.00000		  0.00000
  0.00000		  0.00000
  0.00000		  0.00000
  0.00000		 -0.00000
  0.00000		 -0.00000
  0.00000		 -0.00000
  0.00000		 -0.00000
  0.00000		 -0.00000
 -0.00000		 -0.00000
 -0.00000		 -0.00000
 -0.00000		 -0.00000
 -0.00000		 -0.00000
 -0.00000		 -0.00000
 -0.00000		  0.00000
 -0.00000		  0.00000
 -0.00000		  0.00000
 -0.00000		  0.00000
 -0.00000		  0.00000
  0.00000		  0.00000
  0.00000		  0.00000
  0.00000		  0.00000
  0.00000		  0.00000
  0.00000		  0.00000
  0.00000		 -0.00000
  0.00000		 -0.00000
  0.00000		 -0.00000
  0.00000		 -0.00000
  0.00000		 -0.00000
  0.00000		 -0.00000
  0.00000		 -0.00000
 -0.00000		 -0.00000
 -0.00000		 -0.00000
 -0.00000		 -0.00000
 -0.00000		 -0.00000
 -0.00000		 -0.00000
 -0.00000		  0.00000
 -0.00000		  0.00000
 -0.00000		  0.00000
 -0.00000		  0.00000
 -0.00000		  0.00000
  0.00000		  0.00000
  0.00000		  0.00000
  0.00000		  0.00000
  0.00000		  0.00000
  0.00000		 -0.00000
  0.00000		 -0.00000
  0.00000		 -0.00000
  0.00000		 -0.00000
  0.00000		 -0.00000
 -0.00000		 -0.00000
 -0.00000		 -0.00000
 -0.00000		 -0.00000
 -0.00000		  0.00000
 -0.00000		  0.00000
  0.00000		  0.00000
  0.00000		  0.00000
  0.00000		 -0.00000
  0.00000		 -0.00000
  0.00000		 -0.00000
 -0.00000		 -0.00000
 -0.00000		 -0.00000
 -0.00000		 -0.00000
 -0.00000		 -0.00000
 -0.00000		  0.00000
 -0.00000		  0.00000
 -0.00000		  0.00000
 -0.00000		  0.00000
 -0.00000		  0.00000
  0.00000		  0.00000
  0.00000		  0.00000
  0.00000		  0.00000
  0.00000		  0.00000
  0.00000		 -0.00000
  0.00000		 -0.00000
  0.00000		 -0.00000
  0.00000		 -0.00000
 -0.00000		 -0.00000
 -0.00000		 -0.00000
 -0.00000		 -0.00000
 -0.00000		 -0.00000
 -0.00000		  0.00000
 -0.00000		  0.00000
 -0.00000		  0.00000
 -0.00000		  0.00000
  0.00000		  0.00000
  0.00000		  0.00000
  0.00000		  0.00000
  0.00000		  0.00000
  0.00000		  0.00000
  0.00000		 -0.00000
  0.00000		 -0.00000
  0.00000		 -0.00000
  0.00000		 -0.00000
 -0.00000		 -0.00000
 -0.00000		 -0.00000
 -0.00000		 -0.00000
 -0.00000		 -0.00000
 -0.00000		  0.00000
 -0.00000		  0.00000
 -0.00000		  0.00000
  0.00000		 -0.00000
  0.00000		 -0.00000
 -0.00000		 -0.00000
 -0.00000		 -0.00000
 -0.00000		 -0.00000
 -0.00000		 -0.00000
 -0.00000		  0.00000
 -0.00000		  0.00000
 -0.00000		  0.00000
 -0.00000		  0.00000
  0.00000		  0.00000
  0.00000		  0.00000
  0.00000		  0.00000
  0.00000		  0.00000
  0.00000		  0.00000
  0.00000		 -0.00000
  0.00000		 -0.00000
  0.00000		 -0.00000
  0.00000		 -0.00000
 -0.00000		 -0.00000
 -0.00000		 -0.00000
 -0.00000		 -0.00000
 -0.00000		 -0.00000
 -0.00000		 -0.00000
 -0.00000		  0.00000
 -0.00000		  0.00000
 -0.00000		  0.00000
 -0.00000		  0.00000
 -0.00000		  0.00000
 -0.00000		  0.00000
 -0.00000		  0.00000
 -0.00000		  0.00000
 -0.00000		  0.00000
 -0.00000		  0.00000
 -0.00000		  0.00000
  0.00000		  0.00000
  0.00000		  0.00000
  0.00000		  0.00000
  0.00000		  0.00000
  0.00000		  0.00000
  0.00000		 -0.00000
  0.00000		 -0.00000
  0.00000		 -0.00000
  0.00000		 -0.00000
 -0.00000		 -0.00000
 -0.00000		 -0.00000
 -0.00000		 -0.00000
 -0.00000		 -0.00000
 -0.00000		 -0.00000
 -0.00000		  0.00000
 -0.00000		  0.00000
 -0.00000		  0.00000
 -0.00000		  0.00000
  0.00000		  0.00000
  0.00000		  0.00000
  0.00000		  0.00000
  0.00000		  0.00000
  0.00000		  0.00000
  0.00000		 -0.00000
  0.00000		 -0.00000
  0.00000		 -0.00000
  0.00000		 -0.00000
 -0.00000		 -0.00000
 -0.00000		 -0.00000
 -0.00000		 -0.00000
 -0.00000		 -0.00000
 -0.00000		 -0.00000
 -0.00000		  0.00000
 -0.00000		  0.00000
 -0.00000		  0.00000
 -0.00000		  0.00000
 -0.00000		 -0.00000
 -0.00000		 -0.00000
 -0.00000		 -0.00000
 -0.00000		 -0.00000
 -0.00000		 -0.00000
 -0.00000		  0.00000
 -0.00000		  0.00000
 -0.00000		  0.00000
 -0.00000		  0.00000
  0.00000		  0.00000
  0.00000		  0.00000
  0.00000		  0.00000
  0.00000		  0.00000
  0.00000		  0.00000
  0.00000		 -0.00000
  0.00000		 -0.00000
  0.00000		 -0.00000
  0.00000		 -0.00000
  0.00000		 -0.00000
 -0.00000		 -0.00000
 -0.00000		 -0.00000
 -0.00000		 -0.00000
 -0.00000		 -0.00000
 -0.00000		  0.00000
 -0.00000		  0.00000
 -0.00000		  0.00000
 -0.00000		  0.00000
 -0.00000		  0.00000
  0.00000		  0.00000
  0.00000		  0.00000
  0.00000		  0.00000
  0.00000		  0.00000
  0.00000		  0.00000
  0.00000		  0.00000
  0.00000		 -0.00000
  0.00000		 -0.00000
  0.00000		 -0.00000
  0.00000		 -0.00000
  0.00000		 -0.00000
  0.00000		 -0.00000
 -0.00000		 -0.00000
 -0.00000		 -0.00000
 -0.00000		 -0.00000
 -0.00000		 -0.00000
 -0.00000		 -0.00000
 -0.00000		 -0.00000
 -0.00000		  0.00000
 -0.00000		  0.00000
 -0.00000		  0.00000
 -0.00000		  0.00000
 -0.00000		  0.00000
 -0.00000		  0.00000
 -0.00000		  0.00000
  0.00000		  0.00000
  0.00000		  0.00000
  0.00000		  0.00000
  0.00000		  0.00000
  0.00000		  0.00000
  0.00000		  0.00000
  0.00000		 -0.00000
  0.00000		 -0.00000
  0.00000		 -0.00000
  0.00000		 -0.00000
  0.00000		 -0.00000
  0.00000		 -0.00000
 -0.00000		 -0.00000
 -0.00000		 -0.00000
 -0.00000		 -0.00000
 -0.00000		 -0.00000
 -0.00000		 -0.00000
 -0.00000		 -0.00000
 -0.00000		  0.00000
 -0.00000		  0.00000
 -0.00000		  0.00000
 -0.00000		  0.00000
 -0.00000		  0.00000
 -0.00000		  0.00000
  0.00000		  0.00000
  0.00000		  0.00000
  0.00000		  0.00000
  0.00000		  0.00000
  0.00000		  0.00000
  0.00000		 -0.00000
  0.00000		 -0.00000
  0.00000		 -0.00000
  0.00000		 -0.00000
  0.00000		 -0.00000
 -0.00000		 -0.00000
 -0.00000		 -0.00000
 -0.00000		 -0.00000
 -0.00000		 -0.00000
 -0.00000		 -0.00000
 -0.00000		  0.00000
 -0.00000		  0.00000
 -0.00000		  0.00000
 -0.00000		  0.00000
 -0.00000		  0.00000
 -0.00000		  0.00000
  0.00000		  0.00000
  0.00000		  0.00000
  0.00000		  0.00000
  0.00000		  0.00000
  0.00000		  0.00000
  0.00000		  0.00000
  0.00000		 -0.00000
  0.00000		 -0.00000
  0.00000		 -0.00000
  0.00000		 -0.00000
  0.00000		 -0.00000
  0.00000		 -0.00000
  0.00000		 -0.00000
  0.00000		 -0.00000
 -0.00000		 -0.00000
 -0.00000		 -0.00000
 -0.00000		 -0.00000
 -0.00000		 -0.00000
 -0.00000		 -0.00000
 -0.00000		 -0.00000
 -0.00000		 -0.00000
 -0.00000		  0.00000
 -0.00000		  0.00000
 -0.00000		  0.00000
 -0.00000		  0.00000
 -0.00000		  0.00000
  0.00000		  0.00000
  0.00000		  0.00000
  0.00000		  0.00000
  0.00000		  0.00000
  0.00000		  0.00000
  0.00000		  0.00000
  0.00000		 -0.00000
  0.00000		 -0.00000
  0.00000		 -0.00000
  0.00000		 -0.00000
  0.00000		 -0.00000
 -0.00000		 -0.00000
 -0.00000		 -0.00000
 -0.00000		 -0.00000
 -0.00000		 -0.00000
 -0.00000		 -0.00000
 -0.00000		  0.00000
 -0.00000		  0.00000
 -0.00000		  0.00000
 -0.00000		  0.00000
 -0.00000		  0.00000
  0.00000		  0.00000
  0.00000		  0.00000
  0.00000		  0.00000
  0.00000		  0.00000
  0.00000		  0.00000
  0.00000		 -0.00000
  0.00000		 -0.00000
  0.00000		 -0.00000
  0.00000		 -0.00000
  0.00000		 -0.00000
  0.00000		 -0.00000
 -0.00000		 -0.00000
 -0.00000		 -0.00000
 -0.00000		 -0.00000
 -0.00000		 -0.00000
 -0.00000		 -0.00000
 -0.00000		 -0.00000
 -0.00000		 -0.00000
 -0.00000		 -0.00000
 -0.00000		 -0.00000
 -0.00000		 -0.00000
 -0.00000		  0.00000
 -0.00000		  0.00000
 -0.00000		  0.00000
 -0.00000		  0.00000
 -0.00000		  0.00000
 -0.00000		  0.00000
 -0.00000		  0.00000
  0.00000		  0.00000
  0.00000		  0.00000
  0.00000		  0.00000
  0.00000		  0.00000
  0.00000		  0.00000
  0.00000		 -0.00000
  0.00000		 -0.00000
  0.00000		 -0.00000
  0.00000		 -0.00000
  0.00000		 -0.00000
 -0.00000		 -0.00000
 -0.00000		 -0.00000
 -0.00000		 -0.00000
 -0.00000		 -0.00000
 -0.00000		 -0.00000
 -0.00000		  0.00000
 -0.00000		  0.00000
 -0.00000		  0.00000
 -0.00000		  0.00000
 -0.00000		  0.00000
  0.00000		  0.00000
  0.00000		  0.00000
  0.00000		  0.00000
  0.00000		  0.00000
  0.00000		 -0.00000
  0.00000		 -0.00000
  0.00000		 -0.00000
  0.00000		 -0.00000
  0.00000		 -0.00000
 -0.00000		 -0.00000
 -0.00000		 -0.00000
 -0.00000		 -0.00000
 -0.00000		 -0.00000
 -0.00000		  0.00000
 -0.00000		  0.00000
 -0.00000		  0.00000
 -0.00000		  0.00000
  0.00000		  0.00000
  0.00000		  0.00000
  0.00000		  0.00000
  0.00000		 -0.00000
  0.00000		 -0.00000
  0.00000		 -0.00000
 -0.00000		 -0.00000
 -0.00000		 -0.00000
 -0.00000		 -0.00000
 -0.00000		  0.00000
 -0.00000		  0.00000
 -0.00000		  0.00000
  0.00000		  0.00000
  0.00000		  0.00000
  0.00000		  0.00000
  0.00000		  0.00000
  0.00000		 -0.00000
  0.00000		 -0.00000
  0.00000		 -0.00000
  0.00000		 -0.00000
  0.00000		 -0.00000
 -0.00000		 -0.00000
 -0.00000		 -0.00000
 -0.00000		 -0.00000
 -0.00000		 -0.00000
 -0.00000		  0.00000
 -0.00000		  0.00000
 -0.00000		  0.00000
 -0.00000		  0.00000
 -0.00000		  0.00000
  0.00000		  0.00000
  0.00000		  0.00000
  0.00000		  0.00000
  0.00000		  0.00000
  0.00000		  0.00000
  0.00000		 -0.00000
  0.00000		 -0.00000
  0.00000		 -0.00000
  0.00000		 -0.00000
  0.00000		 -0.00000
 -0.00000		 -0.00000
 -0.00000		 -0.00000
 -0.00000		 -0.00000
 -0.00000		 -0.00000
 -0.00000		 -0.00000
 -0.00000		 -0.00000
 -0.00000		 -0.00000
 -0.00000		  0.00000
 -0.00000		  0.00000
 -0.00000		  0.00000
 -0.00000		  0.00000
 -0.00000		  0.00000
  0.00000		  0.00000
  0.00000		  0.00000
  0.00000		  0.00000
  0.00000		  0.00000
  0.00000		 -0.00000
  0.00000		 -0.00000
  0.00000		 -0.00000
  0.00000		 -0.00000
 -0.00000		 -0.00000
 -0.00000		 -0.00000
 -0.00000		 -0.00000
 -0.00000		  0.00000
 -0.00000		  0.00000
 -0.00000		  0.00000
 -0.00000		  0.00000
  0.00000		  0.00000
  0.00000		  0.00000
  0.00000		  0.00000
  0.00000		 -0.00000
  0.00000		 -0.00000
  0.00000		 -0.00000
  0.00000		 -0.00000
 -0.00000		 -0.00000
 -0.00000		 -0.00000
 -0.00000		 -0.00000
 -0.00000		 -0.00000
 -0.00000		  0.00000
 -0.00000		  0.00000
 -0.00000		  0.00000
 -0.00000		  0.00000
  0.00000		  0.00000
  0.00000		  0.00000
  0.00000		  0.00000
  0.00000		  0.00000
  0.00000		 -0.00000
  0.00000		 -0.00000
  0.00000		 -0.00000
  0.00000		 -0.00000
 -0.00000		 -0.00000
 -0.00000		 -0.00000
 -0.00000		 -0.00000
 -0.00000		 -0.00000
 -0.00000		  0.00000
 -0.00000		  0.00000
 -0.00000		  0.00000
  0.00000		  0.00000
  0.00000		  0.00000
  0.00000		  0.00000
  0.00000		  0.00000
  0.00000		 -0.00000
  0.00000		 -0.00000
  0.00000		 -0.00000
  0.00000		 -0.00000
 -0.00000		 -0.00000
 -0.00000		 -0.00000
 -0.00000		 -0.00000
 -0.00000		 -0.00000
 -0.00000		  0.00000
 -0.00000		  0.00000
 -0.00000		  0.00000
 -0.00000		  0.00000
  0.00000		  0.00000
  0.00000		  0.00000
  0.00000		  0.00000
  0.00000		  0.00000
  0.00000		 -0.00000
  0.00000		 -0.00000
  0.00000		 -0.00000
  0.00000		 -0.00000
 -0.00000		 -0.00000
 -0.00000		 -0.00000
 -0.00000		 -0.00000
 -0.00000		 -0.00000
 -0.00000		  0.00000
 -0.00000		  0.00000
 -0.00000		  0.00000
 -0.00000		  0.00000
  0.00000		  0.00000
  0.00000		  0.00000
  0.00000		  0.00000
  0.00000		  0.00000
  0.00000		 -0.00000
  0.00000		 -0.00000
  0.00000		 -0.00000
 -0.00000		 -0.00000
 -0.00000		 -0.00000
 -0.00000		  0.00000
  0.00000		  0.00000
  0.00000		  0.00000
  0.00000		  0.00000
  0.00000		  0.00000
  0.00000		 -0.00000
  0.00000		 -0.00000
  0.00000		 -0.00000
  0.00000		 -0.00000
 -0.00000		 -0.00000
 -0.00000		 -0.00000
 -0.00000		 -0.00000
 -0.00000		 -0.00000
 -0.00000		  0.00000
 -0.00000		  0.00000
 -0.00000		  0.00000
 -0.00000		  0.00000
  0.00000		  0.00000
  0.00000		  0.00000
  0.00000		  0.00000
  0.00000		 -0.00000
 -0.00000		 -0.00000
 -0.00000		 -0.00000
 -0.00000		  0.00000
 -0.00000		  0.00000
 -0.00000		  0.00000
  0.00000		  0.00000
  0.00000		  0.00000
  0.00000		  0.00000
  0.00000		  0.00000
  0.00000		  0.00000
  0.00000		 -0.00000
  0.00000		 -0.00000
  0.00000		 -0.00000
  0.00000		 -0.00000
 -0.00000		 -0.00000
 -0.00000		 -0.00000
 -0.00000		 -0.00000
 -0.00000		 -0.00000
 -0.00000		 -0.00000
 -0.00000		  0.00000
 -0.00000		  0.00000
 -0.00000		  0.00000
 -0.00000		  0.00000
  0.00000		  0.00000
  0.00000		  0.00000
  0.00000		  0.00000
  0.00000		  0.00000
  0.00000		 -0.00000
  0.00000		 -0.00000
  0.00000		 -0.00000
  0.00000		 -0.00000
  0.00000		 -0.00000
 -0.00000		 -0.00000
 -0.00000		 -0.00000
 -0.00000		 -0.00000
 -0.00000		 -0.00000
 -0.00000		  0.00000
 -0.00000		  0.00000
 -0.00000		  0.00000
 -0.00000		  0.00000
  0.00000		  0.00000
  0.00000		  0.00000
  0.00000		  0.00000
  0.00000		 -0.00000
  0.00000		 -0.00000
  0.00000		 -0.00000
 -0.00000		 -0.00000
 -0.00000		 -0.00000
 -0.00000		  0.00000
 -0.00000		  0.00000
 -0.00000		  0.00000
 -0.00000		  0.00000
  0.00000		  0.00000
  0.00000		  0.00000
  0.00000		  0.00000
  0.00000		  0.00000
  0.00000		 -0.00000
  0.00000		 -0.00000
  0.00000		 -0.00000
  0.00000		 -0.00000
 -0.00000		 -0.00000
 -0.00000		 -0.00000
 -0.00000		 -0.00000
 -0.00000		 -0.00000
 -0.00000		 -0.00000
 -0.00000		  0.00000
 -0.00000		  0.00000
 -0.00000		  0.00000
 -0.00000		  0.00000
 -0.00000		  0.00000
  0.00000		  0.00000
  0.00000		  0.00000
  0.00000		  0.00000
  0.00000		  0.00000
  0.00000		  0.00000
  0.00000		 -0.00000
  0.00000		 -0.00000
  0.00000		 -0.00000
  0.00000		 -0.00000
  0.00000		 -0.00000
  0.00000		 -0.00000
 -0.00000		 -0.00000
 -0.00000		 -0.00000
 -0.00000		 -0.00000
 -0.00000		 -0.00000
 -0.00000		 -0.00000
 -0.00000		 -0.00000
 -0.00000		  0.00000
 -0.00000		  0.00000
 -0.00000		  0.00000
 -0.00000		  0.00000
 -0.00000		  0.00000
  0.00000		  0.00000
  0.00000		  0.00000
  0.00000		  0.00000
  0.00000		  0.00000
  0.00000		  0.00000
  0.00000		 -0.00000
  0.00000		 -0.00000
  0.00000		 -0.00000
  0.00000		 -0.00000
 -0.00000		 -0.00000
 -0.00000		 -0.00000
 -0.00000		 -0.00000
 -0.00000		 -0.00000
 -0.00000		 -0.00000
 -0.00000		  0.00000
 -0.00000		  0.00000
 -0.00000		  0.00000
  0.00000		  0.00000
  0.00000		 -0.00000
  0.00000		 -0.00000
 -0.00000		 -0.00000
 -0.00000		 -0.00000
 -0.00000		 -0.00000
 -0.00000		 -0.00000
 -0.00000		  0.00000
 -0.00000		  0.00000
 -0.00000		  0.00000
 -0.00000		  0.00000
  0.00000		  0.00000
  0.00000		  0.00000
  0.00000		  0.00000
  0.00000		  0.00000
  0.00000		  0.00000
  0.00000		 -0.00000
  0.00000		 -0.00000
  0.00000		 -0.00000
  0.00000		 -0.00000
 -0.00000		 -0.00000
 -0.00000		 -0.00000
 -0.00000		 -0.00000
 -0.00000		 -0.00000
 -0.00000		 -0.00000
 -0.00000		  0.00000
 -0.00000		  0.00000
 -0.00000		  0.00000
 -0.00000		  0.00000
  0.00000		  0.00000
  0.00000		  0.00000
  0.00000		  0.00000
  0.00000		  0.00000
  0.00000		  0.00000
  0.00000		 -0.00000
  0.00000		 -0.00000
  0.00000		 -0.00000
  0.00000		 -0.00000
  0.00000		 -0.00000
  0.00000		 -0.00000
 -0.00000		 -0.00000
 -0.00000		 -0.00000
 -0.00000		 -0.00000
 -0.00000		 -0.00000
 -0.00000		 -0.00000
 -0.00000		 -0.00000
 -0.00000		  0.00000
 -0.00000		  0.00000
 -0.00000		  0.00000
 -0.00000		  0.00000
 -0.00000		  0.00000
 -0.00000		  0.00000
  0.00000		  0.00000
  0.00000		  0.00000
  0.00000		  0.00000
  0.00000		  0.00000
  0.00000		  0.00000
  0.00000		 -0.00000
  0.00000		 -0.00000
  0.00000		 -0.00000
  0.00000		 -0.00000
 -0.00000		 -0.00000
 -0.00000		 -0.00000
 -0.00000		 -0.00000
 -0.00000		 -0.00000
 -0.00000		  0.00000
 -0.00000		  0.00000
  0.00000		  0.00000
  0.00000		  0.00000
  0.00000		 -0.00000
  0.00000		 -0.00000
  0.00000		 -0.00000
 -0.00000		 -0.00000
 -0.00000		 -0.00000
 -0.00000		 -0.00000
 -0.00000		 -0.00000
 -0.00000		  0.00000
 -0.00000		  0.00000
 -0.00000		  0.00000
 -0.00000		  0.00000
  0.00000		  0.00000
  0.00000		  0.00000
  0.00000		  0.00000
  0.00000		  0.00000
  0.00000		 -0.00000
  0.00000		 -0.00000
  0.00000		 -0.00000
  0.00000		 -0.00000
 -0.00000		 -0.00000
 -0.00000		 -0.00000
 -0.00000		 -0.00000
 -0.00000		 -0.00000
 -0.00000		  0.00000
 -0.00000		  0.00000
 -0.00000		  0.00000
 -0.00000		  0.00000
  0.00000		  0.00000
  0.00000		  0.00000
  0.00000		  0.00000
  0.00000		  0.00000
  0.00000		  0.00000
  0.00000		 -0.00000
  0.00000		 -0.00000
  0.00000		 -0.00000
  0.00000		 -0.00000
 -0.00000		 -0.00000
 -0.00000		 -0.00000
 -0.00000		 -0.00000
 -0.00000		 -0.00000
 -0.00000		  0.00000
 -0.00000		  0.00000
 -0.00000		  0.00000
  0.00000		  0.00000
  0.00000		  0.00000
  0.00000		  0.00000
  0.00000		 -0.00000
  0.00000		 -0.00000
 -0.00000		 -0.00000
 -0.00000		 -0.00000
 -0.00000		 -0.00000
 -0.00000		  0.00000
 -0.00000		  0.00000
 -0.00000		  0.00000
 -0.00000		  0.00000
  0.00000		  0.00000
  0.00000		  0.00000
  0.00000		  0.00000
  0.00000		  0.00000
  0.00000		 -0.00000
  0.00000		 -0.00000
  0.00000		 -0.00000
  0.00000		 -0.00000
 -0.00000		 -0.00000
 -0.00000		 -0.00000
 -0.00000		 -0.00000
 -0.00000		 -0.00000
 -0.00000		 -0.00000
 -0.00000		  0.00000
 -0.00000		  0.00000
 -0.00000		  0.00000
 -0.00000		  0.00000
  0.00000		  0.00000
  0.00000		  0.00000
  0.00000		  0.00000
  0.00000		  0.00000
  0.00000		  0.00000
  0.00000		  0.00000
  0.00000		  0.00000
  0.00000		  0.00000
  0.00000		 -0.00000
  0.00000		 -0.00000
  0.00000		 -0.00000
  0.00000		 -0.00000
  0.00000		 -0.00000
  0.00000		 -0.00000
  0.00000		 -0.00000
 -0.00000		 -0.00000
 -0.00000		 -0.00000
 -0.00000		 -0.00000
 -0.00000		 -0.00000
 -0.00000		 -0.00000
 -0.00000		  0.00000
 -0.00000		  0.00000
 -0.00000		  0.00000
 -0.00000		  0.00000
  0.00000		  0.00000
  0.00000		  0.00000
  0.00000		  0.00000
  0.00000		  0.00000
  0.00000		  0.00000
  0.00000		 -0.00000
  0.00000		 -0.00000
  0.00000		 -0.00000
  0.00000		 -0.00000
 -0.00000		 -0.00000
 -0.00000		 -0.00000
 -0.00000		 -0.00000
 -0.00000		 -0.00000
 -0.00000		 -0.00000
 -0.00000		  0.00000
 -0.00000		  0.00000
 -0.00000		  0.00000
 -0.00000		  0.00000
 -0.00000		 -0.00000
 -0.00000		 -0.00000
 -0.00000		 -0.00000
 -0.00000		 -0.00000
 -0.00000		  0.00000
 -0.00000		  0.00000
 -0.00000		  0.00000
 -0.00000		  0.00000
 -0.00000		  0.00000
  0.00000		  0.00000
  0.00000		  0.00000
  0.00000		  0.00000
  0.00000		  0.00000
  0.00000		 -0.00000
  0.00000		 -0.00000
  0.00000		 -0.00000
  0.00000		 -0.00000
  0.00000		 -0.00000
 -0.00000		 -0.00000
 -0.00000		 -0.00000
 -0.00000		 -0.00000
 -0.00000		 -0.00000
 -0.00000		 -0.00000
 -0.00000		  0.00000
 -0.00000		  0.00000
 -0.00000		  0.00000
 -0.00000		  0.00000
  0.00000		  0.00000
  0.00000		  0.00000
  0.00000		  0.00000
  0.00000		  0.00000
  0.00000		  0.00000
  0.00000		 -0.00000
  0.00000		 -0.00000
  0.00000		 -0.00000
  0.00000		 -0.00000
  0.00000		 -0.00000
  0.00000		 -0.00000
 -0.00000		 -0.00000
 -0.00000		 -0.00000
 -0.00000		 -0.00000
 -0.00000		 -0.00000
 -0.00000		 -0.00000
 -0.00000		 -0.00000
 -0.00000		 -0.00000
 -0.00000		 -0.00000
 -0.00000		 -0.00000
 -0.00000		  0.00000
 -0.00000		  0.00000
 -0.00000		  0.00000
 -0.00000		  0.00000
 -0.00000		  0.00000
 -0.00000		  0.00000
 -0.00000		  0.00000
  0.00000		  0.00000
  0.00000		  0.00000
  0.00000		  0.00000
  0.00000		  0.00000
  0.00000		  0.00000
  0.00000		  0.00000
  0.00000		 -0.00000
  0.00000		 -0.00000
  0.00000		 -0.00000
  0.00000		 -0.00000
  0.00000		 -0.00000
 -0.00000		 -0.00000
 -0.00000		 -0.00000
 -0.00000		 -0.00000
 -0.00000		 -0.00000
 -0.00000		 -0.00000
 -0.00000		  0.00000
 -0.00000		  0.00000
 -0.00000		  0.00000
 -0.00000		  0.00000
 -0.00000		  0.00000
  0.00000		  0.00000
  0.00000		  0.00000
  0.00000		  0.00000
  0.00000		  0.00000
  0.00000		  0.00000
  0.00000		 -0.00000
  0.00000		 -0.00000
  0.00000		 -0.00000
  0.00000		 -0.00000
  0.00000		 -0.00000
 -0.00000		 -0.00000
 -0.00000		 -0.00000
 -0.00000		 -0.00000
 -0.00000		 -0.00000
 -0.00000		 -0.00000
 -0.00000		  0.00000
 -0.00000		  0.00000
 -0.00000		  0.00000
 -0.00000		  0.00000
 -0.00000		  0.00000
 -0.00000		  0.00000
  0.00000		  0.00000
  0.00000		  0.00000
 -0.00000		  0.00000
 -0.00000		  0.00000
 -0.00000		  0.00000
 -0.00000		  0.00000
  0.00000		  0.00000
  0.00000		  0.00000
  0.00000		  0.00000
  0.00000		  0.00000
  0.00000		  0.00000
  0.00000		  0.00000
  0.00000		 -0.00000
  0.00000		 -0.00000
  0.00000		 -0.00000
  0.00000		 -0.00000
  0.00000		 -0.00000
 -0.00000		 -0.00000
 -0.00000		 -0.00000
 -0.00000		 -0.00000
 -0.00000		 -0.00000
 -0.00000		 -0.00000
 -0.00000		  0.00000
 -0.00000		  0.00000
 -0.00000		  0.00000
 -0.00000		  0.00000
  0.00000		  0.00000
  0.00000		  0.00000
  0.00000		  0.00000
  0.00000		  0.00000
  0.00000		  0.00000
  0.00000		 -0.00000
  0.00000		 -0.00000
  0.00000		 -0.00000
  0.00000		 -0.00000
  0.00000		 -0.00000
  0.00000		 -0.00000
 -0.00000		 -0.00000
 -0.00000		 -0.00000
 -0.00000		 -0.00000
 -0.00000		 -0.00000
 -0.00000		 -0.00000
 -0.00000		  0.00000
 -0.00000		  0.00000
 -0.00000		  0.00000
 -0.00000		  0.00000
 -0.00000		  0.00000
  0.00000		  0.00000
  0.00000		  0.00000
  0.00000		  0.00000
  0.00000		  0.00000
  0.00000		  0.00000
  0.00000		  0.00000
  0.00000		 -0.00000
  0.00000		 -0.00000
  0.00000		 -0.00000
  0.00000		 -0.00000
  0.00000		 -0.00000
  0.00000		 -0.00000
  0.00000		 -0.00000
  0.00000		 -0.00000
  0.00000		 -0.00000
  0.00000		 -0.00000
  0.00000		 -0.00000
  0.00000		 -0.00000
 -0.00000		 -0.00000
 -0.00000		 -0.00000
 -0.00000		 -0.00000
 -0.00000		 -0.00000
 -0.00000		 -0.00000
 -0.00000		  0.00000
 -0.00000		  0.00000
 -0.00000		  0.00000
 -0.00000		  0.00000
 -0.00000		  0.00000
 -0.00000		  0.00000
  0.00000		  0.00000
  0.00000		  0.00000
  0.00000		  0.00000
  0.00000		  0.00000
  0.00000		 -0.00000
  0.00000		 -0.00000
  0.00000		 -0.00000
  0.00000		 -0.00000
  0.00000		 -0.00000
 -0.00000		 -0.00000
 -0.00000		 -0.00000
 -0.00000		 -0.00000
 -0.00000		 -0.00000
 -0.00000		 -0.00000
 -0.00000		  0.00000
 -0.00000		  0.00000
 -0.00000		  0.00000
 -0.00000		  0.00000
 -0.00000		  0.00000
  0.00000		  0.00000
  0.00000		  0.00000
  0.00000		  0.00000
  0.00000		  0.00000
  0.00000		 -0.00000
  0.00000		 -0.00000
  0.00000		 -0.00000
  0.00000		 -0.00000
  0.00000		 -0.00000
 -0.00000		 -0.00000
 -0.00000		 -0.00000
 -0.00000		 -0.00000
 -0.00000		 -0.00000
 -0.00000		  0.00000
 -0.00000		  0.00000
 -0.00000		  0.00000
  0.00000		  0.00000
  0.00000		  0.00000
  0.00000		  0.00000
  0.00000		 -0.00000
  0.00000		 -0.00000
  0.00000		 -0.00000
 -0.00000		 -0.00000
 -0.00000		 -0.00000
 -0.00000		 -0.00000
 -0.00000		 -0.00000
 -0.00000		  0.00000
 -0.00000		  0.00000
 -0.00000		  0.00000
 -0.00000		  0.00000
  0.00000		  0.00000
  0.00000		  0.00000
  0.00000		  0.00000
  0.00000		  0.00000
  0.00000		 -0.00000
  0.00000		 -0.00000
  0.00000		 -0.00000
  0.00000		 -0.00000
 -0.00000		 -0.00000
 -0.00000		 -0.00000
 -0.00000		 -0.00000
 -0.00000		 -0.00000
 -0.00000		 -0.00000
 -0.00000		  0.00000
 -0.00000		  0.00000
 -0.00000		  0.00000
 -0.00000		  0.00000
  0.00000		  0.00000
  0.00000		  0.00000
  0.00000		  0.00000
  0.00000		  0.00000
  0.00000		 -0.00000
  0.00000		 -0.00000
  0.00000		 -0.00000
  0.00000		 -0.00000
 -0.00000		 -0.00000
 -0.00000		 -0.00000
 -0.00000		 -0.00000
 -0.00000		 -0.00000
 -0.00000		  0.00000
 -0.00000		  0.00000
 -0.00000		  0.00000
 -0.00000		  0.00000
  0.00000		  0.00000
  0.00000		  0.00000
  0.00000		  0.00000
  0.00000		 -0.00000
  0.00000		 -0.00000
  0.00000		 -0.00000
  0.00000		 -0.00000
 -0.00000		 -0.00000
 -0.00000		 -0.00000
 -0.00000		 -0.00000
 -0.00000		  0.00000
 -0.00000		  0.00000
 -0.00000		  0.00000
 -0.00000		  0.00000
  0.00000		  0.00000
  0.00000		  0.00000
  0.00000		  0.00000
  0.00000		  0.00000
  0.00000		 -0.00000
  0.00000		 -0.00000
  0.00000		 -0.00000
  0.00000		 -0.00000
 -0.00000		 -0.00000
 -0.00000		 -0.00000
 -0.00000		 -0.00000
 -0.00000		 -0.00000
 -0.00000		 -0.00000
 -0.00000		  0.00000
 -0.00000		  0.00000
 -0.00000		  0.00000
 -0.00000		  0.00000
 -0.00000		  0.00000
 -0.00000		  0.00000
 -0.00000		  0.00000
 -0.00000		  0.00000
  0.00000		  0.00000
  0.00000		  0.00000
  0.00000		  0.00000
  0.00000		  0.00000
  0.00000		  0.00000
  0.00000		 -0.00000
  0.00000		 -0.00000
  0.00000		 -0.00000
  0.00000		 -0.00000
  0.00000		 -0.00000
 -0.00000		 -0.00000
 -0.00000		 -0.00000
 -0.00000		 -0.00000
 -0.00000		 -0.00000
 -0.00000		  0.00000
 -0.00000		  0.00000
 -0.00000		  0.00000
 -0.00000		  0.00000
  0.00000		  0.00000
  0.00000		  0.00000
  0.00000		  0.00000
  0.00000		 -0.00000
  0.00000		 -0.00000
  0.00000		 -0.00000
  0.00000		 -0.00000
 -0.00000		 -0.00000
 -0.00000		 -0.00000
 -0.00000		 -0.00000
 -0.00000		 -0.00000
 -0.00000		  0.00000
 -0.00000		  0.00000
 -0.00000		  0.00000
 -0.00000		  0.00000
  0.00000		  0.00000
  0.00000		  0.00000
  0.00000		  0.00000
  0.00000		  0.00000
  0.00000		 -0.00000
  0.00000		 -0.00000
  0.00000		 -0.00000
 -0.00000		 -0.00000
 -0.00000		 -0.00000
 -0.00000		 -0.00000
 -0.00000		 -0.00000
 -0.00000		  0.00000
 -0.00000		  0.00000
 -0.00000		  0.00000
 -0.00000		  0.00000
  0.00000		  0.00000
  0.00000		  0.00000
  0.00000		  0.00000
  0.00000		  0.00000
  0.00000		 -0.00000
  0.00000		 -0.00000
  0.00000		 -0.00000
 -0.00000		 -0.00000
 -0.00000		 -0.00000
 -0.00000		 -0.00000
 -0.00000		 -0.00000
 -0.00000		  0.00000
 -0.00000		  0.00000
 -0.00000		  0.00000
 -0.00000		  0.00000
  0.00000		  0.00000
  0.00000		  0.00000
  0.00000		  0.00000
  0.00000		  0.00000
  0.00000		 -0.00000
  0.00000		 -0.00000
  0.00000		 -0.00000
 -0.00000		 -0.00000
 -0.00000		 -0.00000
 -0.00000		 -0.00000
 -0.00000		 -0.00000
 -0.00000		  0.00000
 -0.00000		  0.00000
 -0.00000		  0.00000
 -0.00000		  0.00000
  0.00000		  0.00000
  0.00000		  0.00000
  0.00000		  0.00000
  0.00000		  0.00000
  0.00000		 -0.00000
  0.00000		 -0.00000
  0.00000		 -0.00000
  0.00000		 -0.00000
 -0.00000		 -0.00000
 -0.00000		 -0.00000
 -0.00000		 -0.00000
 -0.00000		 -0.00000
 -0.00000		  0.00000
 -0.00000		  0.00000
  0.00000		  0.00000
  0.00000		  0.00000
  0.00000		 -0.00000
  0.00000		 -0.00000
 -0.00000		 -0.00000
 -0.00000		 -0.00000
 -0.00000		 -0.00000
 -0.00000		 -0.00000
 -0.00000		  0.00000
 -0.00000		  0.00000
 -0.00000		  0.00000
 -0.00000		  0.00000
  0.00000		  0.00000
  0.00000		  0.00000
  0.00000		  0.00000
  0.00000		  0.00000
  0.00000		 -0.00000
  0.00000		 -0.00000
  0.00000		 -0.00000
  0.00000		 -0.00000
 -0.00000		 -0.00000
 -0.00000		 -0.00000
 -0.00000		 -0.00000
 -0.00000		 -0.00000
 -0.00000		  0.00000
 -0.00000		  0.00000
 -0.00000		  0.00000
  0.00000		  0.00000
  0.00000		  0.00000
  0.00000		  0.00000
  0.00000		 -0.00000
  0.00000		 -0.00000
 -0.00000		 -0.00000
 -0.00000		 -0.00000
 -0.00000		 -0.00000
 -0.00000		  0.00000
 -0.00000		  0.00000
 -0.00000		  0.00000
 -0.00000		  0.00000
  0.00000		  0.00000
  0.00000		  0.00000
  0.00000		  0.00000
  0.00000		  0.00000
  0.00000		 -0.00000
  0.00000		 -0.00000
  0.00000		 -0.00000
  0.00000		 -0.00000
 -0.00000		 -0.00000
 -0.00000		 -0.00000
 -0.00000		 -0.00000
 -0.00000		 -0.00000
 -0.00000		 -0.00000
 -0.00000		  0.00000
 -0.00000		  0.00000
 -0.00000		  0.00000
 -0.00000		  0.00000
  0.00000		  0.00000
  0.00000		  0.00000
  0.00000		  0.00000
  0.00000		  0.00000
  0.00000		  0.00000
  0.00000		 -0.00000
  0.00000		 -0.00000
  0.00000		 -0.00000
  0.00000		 -0.00000
  0.00000		 -0.00000
  0.00000		 -0.00000
  0.00000		 -0.00000
 -0.00000		 -0.00000
 -0.00000		 -0.00000
 -0.00000		 -0.00000
 -0.00000		 -0.00000
 -0.00000		 -0.00000
 -0.00000		 -0.00000
 -0.00000		 -0.00000
 -0.00000		 -0.00000
 -0.00000		  0.00000
 -0.00000		  0.00000
 -0.00000		  0.00000
 -0.00000		  0.00000
 -0.00000		  0.00000
  0.00000		  0.00000
  0.00000		  0.00000
  0.00000		  0.00000
  0.00000		  0.00000
  0.00000		  0.00000
  0.00000		 -0.00000
  0.00000		 -0.00000
  0.00000		 -0.00000
  0.00000		 -0.00000
  0.00000		 -0.00000
 -0.00000		 -0.00000
 -0.00000		 -0.00000
 -0.00000		 -0.00000
 -0.00000		 -0.00000
 -0.00000		 -0.00000
 -0.00000		 -0.00000
 -0.00000		 -0.00000
 -0.00000		  0.00000
 -0.00000		  0.00000
 -0.00000		  0.00000
 -0.00000		  0.00000
 -0.00000		  0.00000
 -0.00000		  0.00000
 -0.00000		  0.00000
 -0.00000		  0.00000
  0.00000		  0.00000
  0.00000		  0.00000
  0.00000		  0.00000
  0.00000		  0.00000
  0.00000		  0.00000
  0.00000		 -0.00000
  0.00000		 -0.00000
  0.00000		 -0.00000
  0.00000		 -0.00000
  0.00000		 -0.00000
 -0.00000		 -0.00000
 -0.00000		 -0.00000
 -0.00000		 -0.00000
 -0.00000		 -0.00000
 -0.00000		 -0.00000
 -0.00000		  0.00000
 -0.00000		  0.00000
 -0.00000		  0.00000
 -0.00000		  0.00000
 -0.00000		  0.00000
  0.00000		  0.00000
  0.00000		  0.00000
  0.00000		  0.00000
  0.00000		  0.00000
  0.00000		  0.00000
  0.00000		  0.00000
  0.00000		  0.00000
  0.00000		  0.00000
  0.00000		 -0.00000
  0.00000		 -0.00000
  0.00000		 -0.00000
