  0.00335		  0.01110
  0.00933		  0.01751
  0.01061		  0.01265
  0.01061		  0.00796
  0.00941		  0.00371
  0.00717		  0.00016
  0.00411		 -0.00246
  0.00048		 -0.00402
 -0.00346		 -0.00439
 -0.00738		 -0.00355
 -0.01103		 -0.00153
 -0.01409		  0.00156
 -0.01635		  0.00560
 -0.01755		  0.01036
 -0.01757		  0.01558
 -0.01627		  0.02101
 -0.01364		  0.02631
 -0.00968		  0.03120
 -0.00448		  0.03538
  0.00180		  0.03856
  0.00894		  0.04052
  0.01670		  0.04104
  0.02476		  0.04000
  0.03282		  0.03732
  0.04051		  0.03301
  0.04753		  0.02711
  0.05353		  0.01976
  0.05824		  0.01116
  0.06138		  0.00156
  0.06279		 -0.00872
  0.06229		 -0.01936
  0.05985		 -0.02997
  0.05546		 -0.04020
  0.04922		 -0.04968
  0.04126		 -0.05803
  0.03181		 -0.06495
  0.02115		 -0.07017
  0.00961		 -0.07348
 -0.00245		 -0.07472
 -0.01461		 -0.07382
 -0.02651		 -0.07079
 -0.03775		 -0.06569
 -0.04793		 -0.05870
 -0.05674		 -0.05001
 -0.06388		 -0.03992
 -0.06912		 -0.02876
 -0.07230		 -0.01690
 -0.07333		 -0.00473
 -0.07221		  0.00734
 -0.06898		  0.01893
 -0.06381		  0.02966
 -0.05688		  0.03918
 -0.04847		  0.04721
 -0.03890		  0.05351
 -0.02852		  0.05792
 -0.01770		  0.06034
 -0.00683		  0.06075
  0.00372		  0.05921
  0.01359		  0.05583
  0.02244		  0.05082
  0.03003		  0.04441
  0.03611		  0.03689
  0.04054		  0.02861
  0.04323		  0.01989
  0.04415		  0.01109
  0.04337		  0.00256
  0.04100		 -0.00538
  0.03722		 -0.01244
  0.03225		 -0.01837
  0.02638		 -0.02299
  0.01989		 -0.02617
  0.01312		 -0.02782
  0.00636		 -0.02797
 -0.00006		 -0.02668
 -0.00586		 -0.02405
 -0.01078		 -0.02028
 -0.01463		 -0.01559
 -0.01724		 -0.01025
 -0.01851		 -0.00452
 -0.01841		  0.00130
 -0.01696		  0.00689
 -0.01424		  0.01200
 -0.01039		  0.01635
 -0.00560		  0.01973
 -0.00009		  0.02194
  0.00587		  0.02288
  0.01200		  0.02246
  0.01803		  0.02067
  0.02366		  0.01755
  0.02862		  0.01320
  0.03268		  0.00777
  0.03562		  0.00146
  0.03729		 -0.00549
  0.03754		 -0.01283
  0.03634		 -0.02028
  0.03367		 -0.02753
  0.02957		 -0.03433
  0.02416		 -0.04037
  0.01758		 -0.04544
  0.01003		 -0.04930
  0.00175		 -0.05180
 -0.00700		 -0.05279
 -0.01595		 -0.05223
 -0.02480		 -0.05006
 -0.03327		 -0.04634
 -0.04107		 -0.04115
 -0.04794		 -0.03461
 -0.05366		 -0.02691
 -0.05805		 -0.01827
 -0.06093		 -0.00893
 -0.06222		  0.00083
 -0.06186		  0.01075
 -0.05983		  0.02052
 -0.05619		  0.02986
 -0.05104		  0.03852
 -0.04451		  0.04623
 -0.03679		  0.05279
 -0.02808		  0.05799
 -0.01864		  0.06172
 -0.00872		  0.06386
  0.00141		  0.06437
  0.01147		  0.06322
  0.02118		  0.06049
  0.03029		  0.05624
  0.03857		  0.05061
  0.04578		  0.04375
  0.05177		  0.03589
  0.05638		  0.02722
  0.05951		  0.01801
  0.06111		  0.00850
  0.06116		 -0.00104
  0.05969		 -0.01036
  0.05677		 -0.01921
  0.05252		 -0.02737
  0.04708		 -0.03463
  0.04063		 -0.04082
  0.03339		 -0.04579
  0.02555		 -0.04945
  0.01739		 -0.05175
  0.00911		 -0.05264
  0.00096		 -0.05218
 -0.00682		 -0.05042
 -0.01404		 -0.04746
 -0.02050		 -0.04343
 -0.02606		 -0.03851
 -0.03058		 -0.03289
 -0.03398		 -0.02676
 -0.03622		 -0.02035
 -0.03730		 -0.01387
 -0.03724		 -0.00753
 -0.03612		 -0.00154
 -0.03404		  0.00394
 -0.03114		  0.00875
 -0.02760		  0.01276
 -0.02358		  0.01589
 -0.01927		  0.01810
 -0.01488		  0.01937
 -0.01059		  0.01973
 -0.00657		  0.01924
 -0.00299		  0.01802
  0.00003		  0.01617
  0.00238		  0.01387
  0.00400		  0.01127
  0.00486		  0.00856
  0.00498		  0.00590
  0.00439		  0.00347
  0.00319		  0.00143
  0.00149		 -0.00011
 -0.00058		 -0.00102
 -0.00283		 -0.00125
 -0.00511		 -0.00077
 -0.00723		  0.00043
 -0.00903		  0.00228
 -0.01033		  0.00471
 -0.01101		  0.00760
 -0.01096		  0.01079
 -0.01009		  0.01410
 -0.00838		  0.01736
 -0.00583		  0.02036
 -0.00248		  0.02291
  0.00156		  0.02482
  0.00617		  0.02595
  0.01118		  0.02615
  0.01639		  0.02531
  0.02159		  0.02341
  0.02655		  0.02041
  0.03104		  0.01636
  0.03484		  0.01136
  0.03774		  0.00552
  0.03958		 -0.00097
  0.04021		 -0.00789
  0.03954		 -0.01502
  0.03753		 -0.02210
  0.03417		 -0.02884
  0.02954		 -0.03501
  0.02375		 -0.04034
  0.01696		 -0.04460
  0.00938		 -0.04761
  0.00124		 -0.04922
 -0.00716		 -0.04932
 -0.01554		 -0.04788
 -0.02362		 -0.04491
 -0.03109		 -0.04048
 -0.03769		 -0.03473
 -0.04317		 -0.02782
 -0.04732		 -0.01998
 -0.05000		 -0.01150
 -0.05109		 -0.00264
 -0.05055		  0.00629
 -0.04839		  0.01495
 -0.04470		  0.02308
 -0.03960		  0.03037
 -0.03327		  0.03658
 -0.02596		  0.04150
 -0.01791		  0.04496
 -0.00944		  0.04687
 -0.00083		  0.04718
  0.00759		  0.04589
  0.01554		  0.04310
  0.02274		  0.03892
  0.02895		  0.03354
  0.03396		  0.02718
  0.03763		  0.02009
  0.03985		  0.01256
  0.04058		  0.00487
  0.03985		 -0.00269
  0.03773		 -0.00983
  0.03434		 -0.01632
  0.02985		 -0.02191
  0.02447		 -0.02644
  0.01844		 -0.02977
  0.01202		 -0.03182
  0.00547		 -0.03256
 -0.00094		 -0.03201
 -0.00699		 -0.03024
 -0.01242		 -0.02738
 -0.01707		 -0.02360
 -0.02078		 -0.01906
 -0.02342		 -0.01402
 -0.02496		 -0.00867
 -0.02536		 -0.00327
 -0.02468		  0.00198
 -0.02297		  0.00684
 -0.02037		  0.01115
 -0.01701		  0.01473
 -0.01308		  0.01748
 -0.00877		  0.01930
 -0.00428		  0.02017
  0.00020		  0.02008
  0.00447		  0.01909
  0.00836		  0.01726
  0.01171		  0.01472
  0.01441		  0.01160
  0.01636		  0.00805
  0.01751		  0.00426
  0.01784		  0.00038
  0.01738		 -0.00342
  0.01617		 -0.00697
  0.01428		 -0.01013
  0.01184		 -0.01280
  0.00895		 -0.01487
  0.00577		 -0.01628
  0.00242		 -0.01701
 -0.00095		 -0.01705
 -0.00419		 -0.01642
 -0.00719		 -0.01517
 -0.00984		 -0.01339
 -0.01203		 -0.01116
 -0.01372		 -0.00860
 -0.01486		 -0.00581
 -0.01542		 -0.00291
 -0.01542		 -0.00001
 -0.01488		  0.00277
 -0.01386		  0.00534
 -0.01240		  0.00762
 -0.01060		  0.00955
 -0.00852		  0.01106
 -0.00627		  0.01215
 -0.00393		  0.01280
 -0.00159		  0.01301
  0.00068		  0.01281
  0.00281		  0.01224
  0.00474		  0.01134
  0.00643		  0.01016
  0.00784		  0.00876
  0.00895		  0.00721
  0.00976		  0.00556
  0.01027		  0.00387
  0.01050		  0.00218
  0.01046		  0.00055
  0.01018		 -0.00100
  0.00970		 -0.00244
  0.00903		 -0.00374
  0.00822		 -0.00490
  0.00729		 -0.00589
  0.00627		 -0.00673
  0.00517		 -0.00742
  0.00403		 -0.00795
  0.00286		 -0.00833
  0.00166		 -0.00856
  0.00046		 -0.00865
 -0.00074		 -0.00860
 -0.00192		 -0.00840
 -0.00308		 -0.00807
 -0.00421		 -0.00759
 -0.00527		 -0.00697
 -0.00627		 -0.00621
 -0.00718		 -0.00530
 -0.00797		 -0.00426
 -0.00863		 -0.00309
 -0.00913		 -0.00180
 -0.00944		 -0.00042
 -0.00954		  0.00103
 -0.00941		  0.00252
 -0.00905		  0.00401
 -0.00843		  0.00547
 -0.00757		  0.00684
 -0.00647		  0.00809
 -0.00514		  0.00916
 -0.00361		  0.01003
 -0.00192		  0.01064
 -0.00011		  0.01096
  0.00177		  0.01097
  0.00367		  0.01065
  0.00551		  0.01000
  0.00725		  0.00903
  0.00882		  0.00775
  0.01017		  0.00619
  0.01124		  0.00440
  0.01199		  0.00242
  0.01238		  0.00033
  0.01241		 -0.00183
  0.01205		 -0.00397
  0.01131		 -0.00603
  0.01021		 -0.00794
  0.00879		 -0.00964
  0.00708		 -0.01106
  0.00514		 -0.01215
  0.00303		 -0.01289
  0.00082		 -0.01324
 -0.00141		 -0.01319
 -0.00360		 -0.01275
 -0.00567		 -0.01193
 -0.00756		 -0.01077
 -0.00920		 -0.00929
 -0.01055		 -0.00756
 -0.01158		 -0.00564
 -0.01224		 -0.00358
 -0.01254		 -0.00147
 -0.01246		  0.00064
 -0.01203		  0.00267
 -0.01127		  0.00457
 -0.01021		  0.00628
 -0.00891		  0.00775
 -0.00740		  0.00895
 -0.00575		  0.00985
 -0.00402		  0.01045
 -0.00227		  0.01073
 -0.00054		  0.01072
  0.00110		  0.01042
  0.00261		  0.00987
  0.00397		  0.00911
  0.00512		  0.00817
  0.00607		  0.00711
  0.00680		  0.00595
  0.00731		  0.00475
  0.00760		  0.00355
  0.00770		  0.00239
  0.00762		  0.00129
  0.00740		  0.00028
  0.00705		 -0.00063
  0.00661		 -0.00141
  0.00612		 -0.00208
  0.00558		 -0.00263
  0.00504		 -0.00307
  0.00451		 -0.00342
  0.00401		 -0.00368
  0.00354		 -0.00389
  0.00311		 -0.00406
  0.00271		 -0.00421
  0.00235		 -0.00435
  0.00200		 -0.00449
  0.00166		 -0.00464
  0.00132		 -0.00481
  0.00095		 -0.00499
  0.00055		 -0.00518
  0.00009		 -0.00537
 -0.00042		 -0.00553
 -0.00099		 -0.00567
 -0.00163		 -0.00574
 -0.00232		 -0.00575
 -0.00306		 -0.00566
 -0.00384		 -0.00546
 -0.00463		 -0.00514
 -0.00541		 -0.00468
 -0.00616		 -0.00408
 -0.00685		 -0.00334
 -0.00744		 -0.00247
 -0.00791		 -0.00147
 -0.00824		 -0.00037
 -0.00840		  0.00081
 -0.00838		  0.00203
 -0.00816		  0.00328
 -0.00773		  0.00452
 -0.00710		  0.00570
 -0.00627		  0.00679
 -0.00527		  0.00776
 -0.00410		  0.00857
 -0.00280		  0.00920
 -0.00140		  0.00962
  0.00007		  0.00981
  0.00156		  0.00977
  0.00304		  0.00948
  0.00447		  0.00896
  0.00579		  0.00822
  0.00699		  0.00727
  0.00801		  0.00614
  0.00884		  0.00486
  0.00945		  0.00346
  0.00982		  0.00199
  0.00995		  0.00048
  0.00984		 -0.00102
  0.00948		 -0.00247
  0.00889		 -0.00383
  0.00810		 -0.00507
  0.00712		 -0.00615
  0.00600		 -0.00705
  0.00476		 -0.00775
  0.00344		 -0.00822
  0.00208		 -0.00847
  0.00072		 -0.00850
 -0.00059		 -0.00830
 -0.00184		 -0.00791
 -0.00297		 -0.00732
 -0.00398		 -0.00657
 -0.00482		 -0.00569
 -0.00548		 -0.00471
 -0.00596		 -0.00367
 -0.00625		 -0.00259
 -0.00635		 -0.00151
 -0.00627		 -0.00047
 -0.00602		  0.00051
 -0.00562		  0.00139
 -0.00509		  0.00216
 -0.00446		  0.00280
 -0.00376		  0.00330
 -0.00302		  0.00365
 -0.00226		  0.00384
 -0.00151		  0.00390
 -0.00081		  0.00381
 -0.00016		  0.00361
  0.00040		  0.00330
  0.00087		  0.00291
  0.00122		  0.00246
  0.00147		  0.00198
  0.00160		  0.00149
  0.00162		  0.00101
  0.00154		  0.00057
  0.00137		  0.00018
  0.00113		 -0.00014
  0.00083		 -0.00037
  0.00050		 -0.00052
  0.00015		 -0.00057
 -0.00019		 -0.00053
 -0.00050		 -0.00040
 -0.00077		 -0.00020
 -0.00097		  0.00008
 -0.00110		  0.00040
 -0.00115		  0.00076
 -0.00111		  0.00114
 -0.00098		  0.00151
 -0.00077		  0.00185
 -0.00047		  0.00216
 -0.00010		  0.00241
  0.00033		  0.00258
  0.00080		  0.00268
  0.00129		  0.00268
  0.00179		  0.00258
  0.00228		  0.00239
  0.00275		  0.00211
  0.00316		  0.00174
  0.00351		  0.00130
  0.00378		  0.00079
  0.00397		  0.00023
  0.00405		 -0.00036
  0.00404		 -0.00097
  0.00393		 -0.00158
  0.00372		 -0.00216
  0.00341		 -0.00271
  0.00301		 -0.00321
  0.00254		 -0.00364
  0.00200		 -0.00399
  0.00141		 -0.00426
  0.00078		 -0.00444
  0.00014		 -0.00451
 -0.00051		 -0.00449
 -0.00115		 -0.00438
 -0.00177		 -0.00417
 -0.00234		 -0.00387
 -0.00287		 -0.00350
 -0.00333		 -0.00306
 -0.00372		 -0.00257
 -0.00404		 -0.00202
 -0.00428		 -0.00144
 -0.00444		 -0.00085
 -0.00451		 -0.00024
 -0.00450		  0.00037
 -0.00440		  0.00097
 -0.00423		  0.00154
 -0.00399		  0.00209
 -0.00368		  0.00259
 -0.00331		  0.00304
 -0.00289		  0.00344
 -0.00242		  0.00378
 -0.00191		  0.00406
 -0.00137		  0.00426
 -0.00081		  0.00440
 -0.00024		  0.00446
  0.00034		  0.00445
  0.00091		  0.00436
  0.00147		  0.00420
  0.00200		  0.00396
  0.00250		  0.00366
  0.00295		  0.00330
  0.00336		  0.00287
  0.00370		  0.00240
  0.00398		  0.00188
  0.00419		  0.00133
  0.00432		  0.00075
  0.00437		  0.00016
  0.00434		 -0.00044
  0.00422		 -0.00102
  0.00402		 -0.00158
  0.00375		 -0.00211
  0.00340		 -0.00259
  0.00299		 -0.00302
  0.00251		 -0.00338
  0.00200		 -0.00366
  0.00145		 -0.00386
  0.00087		 -0.00398
  0.00029		 -0.00400
 -0.00028		 -0.00394
 -0.00083		 -0.00380
 -0.00135		 -0.00357
 -0.00182		 -0.00327
 -0.00223		 -0.00290
 -0.00258		 -0.00248
 -0.00285		 -0.00201
 -0.00304		 -0.00152
 -0.00315		 -0.00101
 -0.00318		 -0.00051
 -0.00313		 -0.00001
 -0.00300		  0.00046
 -0.00281		  0.00089
 -0.00255		  0.00128
 -0.00225		  0.00161
 -0.00190		  0.00187
 -0.00153		  0.00207
 -0.00115		  0.00219
 -0.00076		  0.00225
 -0.00039		  0.00225
 -0.00004		  0.00218
  0.00028		  0.00206
  0.00056		  0.00189
  0.00079		  0.00169
  0.00098		  0.00146
  0.00111		  0.00121
  0.00119		  0.00095
  0.00121		  0.00071
  0.00119		  0.00047
  0.00113		  0.00025
  0.00104		  0.00007
  0.00091		 -0.00009
  0.00077		 -0.00020
  0.00061		 -0.00028
  0.00045		 -0.00032
  0.00030		 -0.00032
  0.00015		 -0.00029
  0.00003		 -0.00022
 -0.00007		 -0.00013
 -0.00014		 -0.00003
 -0.00018		  0.00009
 -0.00018		  0.00021
 -0.00016		  0.00034
 -0.00010		  0.00045
 -0.00002		  0.00055
  0.00009		  0.00062
  0.00021		  0.00068
  0.00036		  0.00070
  0.00051		  0.00070
  0.00066		  0.00067
  0.00080		  0.00060
  0.00094		  0.00051
  0.00107		  0.00039
  0.00117		  0.00024
  0.00125		  0.00008
  0.00130		 -0.00011
  0.00133		 -0.00030
  0.00132		 -0.00050
  0.00128		 -0.00070
  0.00121		 -0.00089
  0.00110		 -0.00108
  0.00097		 -0.00125
  0.00081		 -0.00140
  0.00063		 -0.00153
  0.00043		 -0.00163
  0.00021		 -0.00171
 -0.00002		 -0.00175
 -0.00026		 -0.00176
 -0.00050		 -0.00173
 -0.00074		 -0.00167
 -0.00097		 -0.00158
 -0.00120		 -0.00145
 -0.00140		 -0.00129
 -0.00159		 -0.00110
 -0.00175		 -0.00088
 -0.00188		 -0.00064
 -0.00197		 -0.00038
 -0.00204		 -0.00010
 -0.00206		  0.00018
 -0.00205		  0.00047
 -0.00199		  0.00077
 -0.00190		  0.00105
 -0.00176		  0.00133
 -0.00159		  0.00158
 -0.00138		  0.00181
 -0.00113		  0.00202
 -0.00086		  0.00219
 -0.00056		  0.00232
 -0.00024		  0.00240
  0.00009		  0.00244
  0.00043		  0.00244
  0.00077		  0.00238
  0.00110		  0.00228
  0.00141		  0.00212
  0.00170		  0.00192
  0.00196		  0.00168
  0.00218		  0.00140
  0.00236		  0.00109
  0.00250		  0.00076
  0.00258		  0.00040
  0.00261		  0.00004
  0.00259		 -0.00033
  0.00251		 -0.00069
  0.00238		 -0.00104
  0.00220		 -0.00136
  0.00197		 -0.00165
  0.00171		 -0.00190
  0.00141		 -0.00211
  0.00108		 -0.00228
  0.00074		 -0.00239
  0.00038		 -0.00245
  0.00002		 -0.00246
 -0.00033		 -0.00241
 -0.00067		 -0.00231
 -0.00098		 -0.00217
 -0.00127		 -0.00198
 -0.00152		 -0.00175
 -0.00174		 -0.00150
 -0.00191		 -0.00121
 -0.00203		 -0.00091
 -0.00211		 -0.00060
 -0.00214		 -0.00029
 -0.00212		  0.00002
 -0.00206		  0.00032
 -0.00196		  0.00060
 -0.00182		  0.00086
 -0.00165		  0.00109
 -0.00145		  0.00128
 -0.00123		  0.00145
 -0.00100		  0.00158
 -0.00075		  0.00167
 -0.00050		  0.00173
 -0.00025		  0.00175
 -0.00001		  0.00173
  0.00023		  0.00168
  0.00044		  0.00161
  0.00065		  0.00150
  0.00083		  0.00138
  0.00098		  0.00123
  0.00112		  0.00107
  0.00122		  0.00089
  0.00130		  0.00071
  0.00136		  0.00053
  0.00139		  0.00034
  0.00139		  0.00015
  0.00137		 -0.00003
  0.00132		 -0.00020
  0.00126		 -0.00036
  0.00117		 -0.00050
  0.00107		 -0.00064
  0.00095		 -0.00075
  0.00083		 -0.00085
  0.00069		 -0.00092
  0.00054		 -0.00098
  0.00039		 -0.00101
  0.00024		 -0.00103
  0.00010		 -0.00102
 -0.00005		 -0.00099
 -0.00018		 -0.00094
 -0.00031		 -0.00088
 -0.00042		 -0.00080
 -0.00052		 -0.00070
 -0.00060		 -0.00060
 -0.00066		 -0.00048
 -0.00070		 -0.00036
 -0.00072		 -0.00024
 -0.00072		 -0.00012
 -0.00070		  0.00000
 -0.00067		  0.00011
 -0.00062		  0.00021
 -0.00055		  0.00029
 -0.00047		  0.00036
 -0.00039		  0.00042
 -0.00029		  0.00045
 -0.00020		  0.00047
 -0.00011		  0.00047
 -0.00002		  0.00045
  0.00005		  0.00042
  0.00012		  0.00037
  0.00017		  0.00031
  0.00021		  0.00025
  0.00023		  0.00018
  0.00024		  0.00011
  0.00023		  0.00005
  0.00021		 -0.00001
  0.00017		 -0.00006
  0.00013		 -0.00010
  0.00007		 -0.00013
  0.00001		 -0.00014
 -0.00005		 -0.00014
 -0.00010		 -0.00012
 -0.00015		 -0.00008
 -0.00019		 -0.00003
 -0.00022		  0.00002
 -0.00024		  0.00009
 -0.00023		  0.00016
 -0.00022		  0.00023
 -0.00018		  0.00030
 -0.00013		  0.00036
 -0.00007		  0.00041
  0.00001		  0.00045
  0.00010		  0.00047
  0.00019		  0.00047
  0.00029		  0.00046
  0.00038		  0.00042
  0.00047		  0.00037
  0.00054		  0.00030
  0.00061		  0.00021
  0.00066		  0.00011
  0.00068		  0.00001
  0.00069		 -0.00011
  0.00068		 -0.00023
  0.00064		 -0.00034
  0.00059		 -0.00045
  0.00051		 -0.00054
  0.00042		 -0.00062
  0.00031		 -0.00069
  0.00019		 -0.00073
  0.00007		 -0.00075
 -0.00006		 -0.00075
 -0.00019		 -0.00073
 -0.00031		 -0.00068
 -0.00042		 -0.00062
 -0.00051		 -0.00053
 -0.00059		 -0.00044
 -0.00065		 -0.00032
 -0.00069		 -0.00021
 -0.00071		 -0.00008
 -0.00071		  0.00004
 -0.00069		  0.00016
 -0.00065		  0.00027
 -0.00059		  0.00037
 -0.00051		  0.00046
 -0.00042		  0.00053
 -0.00033		  0.00058
 -0.00022		  0.00062
 -0.00012		  0.00064
 -0.00002		  0.00064
  0.00008		  0.00062
  0.00018		  0.00059
  0.00026		  0.00054
  0.00033		  0.00048
  0.00039		  0.00042
  0.00044		  0.00034
  0.00047		  0.00027
  0.00049		  0.00019
  0.00050		  0.00011
  0.00050		  0.00003
  0.00048		 -0.00004
  0.00046		 -0.00010
  0.00042		 -0.00016
  0.00039		 -0.00021
  0.00034		 -0.00025
  0.00030		 -0.00029
  0.00025		 -0.00032
  0.00020		 -0.00034
  0.00015		 -0.00035
  0.00010		 -0.00036
  0.00005		 -0.00036
  0.00000		 -0.00035
 -0.00004		 -0.00034
 -0.00008		 -0.00032
 -0.00012		 -0.00030
 -0.00016		 -0.00028
 -0.00019		 -0.00025
 -0.00022		 -0.00022
 -0.00024		 -0.00019
 -0.00026		 -0.00015
 -0.00028		 -0.00011
 -0.00029		 -0.00007
 -0.00030		 -0.00002
 -0.00030		  0.00002
 -0.00029		  0.00007
 -0.00028		  0.00011
 -0.00026		  0.00015
 -0.00023		  0.00019
 -0.00020		  0.00023
 -0.00016		  0.00026
 -0.00012		  0.00028
 -0.00007		  0.00030
 -0.00002		  0.00031
  0.00003		  0.00031
  0.00008		  0.00030
  0.00013		  0.00029
  0.00017		  0.00027
  0.00021		  0.00024
  0.00025		  0.00020
  0.00027		  0.00016
  0.00029		  0.00011
  0.00030		  0.00006
  0.00031		  0.00001
  0.00030		 -0.00004
  0.00028		 -0.00008
  0.00026		 -0.00012
  0.00023		 -0.00016
  0.00019		 -0.00019
  0.00015		 -0.00021
  0.00011		 -0.00023
  0.00007		 -0.00023
  0.00003		 -0.00023
 -0.00001		 -0.00022
 -0.00005		 -0.00020
 -0.00008		 -0.00018
 -0.00010		 -0.00015
 -0.00012		 -0.00012
 -0.00013		 -0.00009
 -0.00013		 -0.00006
 -0.00013		 -0.00004
 -0.00012		 -0.00001
 -0.00011		  0.00001
 -0.00009		  0.00002
 -0.00008		  0.00003
 -0.00006		  0.00004
 -0.00004		  0.00004
 -0.00003		  0.00003
 -0.00001		  0.00002
 -0.00001		  0.00001
 -0.00001		 -0.00000
 -0.00001		 -0.00002
 -0.00002		 -0.00003
 -0.00003		 -0.00004
 -0.00005		 -0.00004
 -0.00006		 -0.00004
 -0.00008		 -0.00004
 -0.00010		 -0.00003
 -0.00012		 -0.00001
 -0.00014		  0.00002
 -0.00015		  0.00004
 -0.00015		  0.00008
 -0.00015		  0.00011
 -0.00014		  0.00015
 -0.00012		  0.00018
 -0.00009		  0.00021
 -0.00005		  0.00024
 -0.00001		  0.00026
  0.00004		  0.00028
  0.00009		  0.00028
  0.00014		  0.00028
  0.00019		  0.00026
  0.00025		  0.00023
  0.00029		  0.00019
  0.00033		  0.00015
  0.00037		  0.00009
  0.00039		  0.00003
  0.00040		 -0.00004
  0.00039		 -0.00011
  0.00038		 -0.00018
  0.00035		 -0.00024
  0.00031		 -0.00030
  0.00025		 -0.00036
  0.00019		 -0.00040
  0.00012		 -0.00043
  0.00005		 -0.00045
 -0.00003		 -0.00045
 -0.00011		 -0.00044
 -0.00019		 -0.00042
 -0.00026		 -0.00038
 -0.00032		 -0.00033
 -0.00037		 -0.00027
 -0.00042		 -0.00020
 -0.00045		 -0.00013
 -0.00046		 -0.00005
 -0.00046		  0.00003
 -0.00045		  0.00011
 -0.00042		  0.00019
 -0.00038		  0.00026
 -0.00033		  0.00032
 -0.00027		  0.00037
 -0.00020		  0.00040
 -0.00013		  0.00043
 -0.00005		  0.00044
  0.00002		  0.00044
  0.00009		  0.00042
  0.00016		  0.00040
  0.00022		  0.00036
  0.00027		  0.00031
  0.00032		  0.00026
  0.00035		  0.00020
  0.00037		  0.00013
  0.00038		  0.00007
  0.00037		  0.00001
  0.00036		 -0.00005
  0.00034		 -0.00011
  0.00031		 -0.00016
  0.00027		 -0.00020
  0.00023		 -0.00024
  0.00018		 -0.00026
  0.00013		 -0.00028
  0.00008		 -0.00029
  0.00003		 -0.00029
 -0.00001		 -0.00028
 -0.00005		 -0.00027
 -0.00009		 -0.00025
 -0.00013		 -0.00022
 -0.00015		 -0.00019
 -0.00018		 -0.00016
 -0.00019		 -0.00013
 -0.00020		 -0.00009
 -0.00021		 -0.00006
 -0.00020		 -0.00003
 -0.00020		  0.00000
 -0.00019		  0.00003
 -0.00018		  0.00006
 -0.00016		  0.00008
 -0.00014		  0.00010
 -0.00012		  0.00012
 -0.00010		  0.00013
 -0.00008		  0.00014
 -0.00006		  0.00014
 -0.00004		  0.00015
 -0.00001		  0.00015
  0.00001		  0.00015
  0.00003		  0.00014
  0.00005		  0.00014
  0.00006		  0.00013
  0.00008		  0.00012
  0.00009		  0.00010
  0.00011		  0.00009
  0.00012		  0.00007
  0.00013		  0.00005
  0.00013		  0.00004
  0.00014		  0.00002
  0.00014		 -0.00001
  0.00014		 -0.00003
  0.00013		 -0.00005
  0.00012		 -0.00007
  0.00011		 -0.00009
  0.00010		 -0.00010
  0.00008		 -0.00012
  0.00006		 -0.00013
  0.00004		 -0.00014
  0.00002		 -0.00014
 -0.00001		 -0.00015
 -0.00003		 -0.00014
 -0.00006		 -0.00014
 -0.00008		 -0.00013
 -0.00010		 -0.00011
 -0.00012		 -0.00009
 -0.00014		 -0.00007
 -0.00015		 -0.00005
 -0.00016		 -0.00002
 -0.00016		  0.00001
 -0.00016		  0.00004
 -0.00015		  0.00007
 -0.00014		  0.00009
 -0.00012		  0.00012
 -0.00010		  0.00014
 -0.00007		  0.00015
 -0.00005		  0.00016
 -0.00002		  0.00017
  0.00001		  0.00017
  0.00004		  0.00017
  0.00007		  0.00016
  0.00010		  0.00015
  0.00013		  0.00013
  0.00015		  0.00011
  0.00017		  0.00008
  0.00018		  0.00005
  0.00019		  0.00002
  0.00019		 -0.00001
  0.00018		 -0.00005
  0.00017		 -0.00008
  0.00016		 -0.00011
  0.00014		 -0.00013
  0.00011		 -0.00016
  0.00008		 -0.00017
  0.00005		 -0.00019
  0.00002		 -0.00019
 -0.00001		 -0.00019
 -0.00004		 -0.00019
 -0.00008		 -0.00018
 -0.00010		 -0.00016
 -0.00013		 -0.00014
 -0.00015		 -0.00012
 -0.00017		 -0.00009
 -0.00018		 -0.00006
 -0.00019		 -0.00003
 -0.00019		  0.00000
 -0.00019		  0.00003
 -0.00018		  0.00007
 -0.00017		  0.00010
 -0.00015		  0.00012
 -0.00013		  0.00015
 -0.00010		  0.00016
 -0.00007		  0.00018
 -0.00004		  0.00019
 -0.00001		  0.00019
  0.00002		  0.00019
  0.00005		  0.00018
  0.00008		  0.00017
  0.00011		  0.00016
  0.00013		  0.00014
  0.00015		  0.00011
  0.00016		  0.00009
  0.00017		  0.00006
  0.00018		  0.00003
  0.00018		 -0.00000
  0.00018		 -0.00003
  0.00017		 -0.00006
  0.00016		 -0.00009
  0.00014		 -0.00011
  0.00012		 -0.00013
  0.00009		 -0.00014
  0.00007		 -0.00016
  0.00004		 -0.00017
  0.00001		 -0.00017
 -0.00001		 -0.00017
 -0.00004		 -0.00016
 -0.00007		 -0.00015
 -0.00009		 -0.00014
 -0.00011		 -0.00012
 -0.00013		 -0.00010
 -0.00014		 -0.00008
 -0.00015		 -0.00005
 -0.00016		 -0.00003
 -0.00016		 -0.00000
 -0.00015		  0.00003
 -0.00015		  0.00005
 -0.00014		  0.00007
 -0.00012		  0.00009
 -0.00010		  0.00011
 -0.00008		  0.00013
 -0.00006		  0.00014
 -0.00004		  0.00014
 -0.00001		  0.00015
  0.00001		  0.00014
  0.00004		  0.00014
  0.00006		  0.00013
  0.00008		  0.00012
  0.00010		  0.00010
  0.00011		  0.00008
  0.00012		  0.00006
  0.00013		  0.00004
  0.00013		  0.00002
  0.00013		 -0.00000
  0.00013		 -0.00003
  0.00012		 -0.00005
  0.00011		 -0.00007
  0.00010		 -0.00009
  0.00008		 -0.00010
  0.00006		 -0.00011
  0.00004		 -0.00012
  0.00002		 -0.00012
 -0.00000		 -0.00012
 -0.00002		 -0.00012
 -0.00004		 -0.00012
 -0.00006		 -0.00011
 -0.00008		 -0.00009
 -0.00009		 -0.00008
 -0.00010		 -0.00006
 -0.00011		 -0.00004
 -0.00012		 -0.00002
 -0.00012		 -0.00000
 -0.00012		  0.00002
 -0.00011		  0.00004
 -0.00010		  0.00006
 -0.00009		  0.00007
 -0.00008		  0.00009
 -0.00006		  0.00010
 -0.00004		  0.00010
 -0.00003		  0.00011
 -0.00001		  0.00011
  0.00001		  0.00011
  0.00003		  0.00011
  0.00005		  0.00010
  0.00006		  0.00009
  0.00007		  0.00008
  0.00009		  0.00006
  0.00009		  0.00005
  0.00010		  0.00003
  0.00010		  0.00001
  0.00010		 -0.00000
  0.00010		 -0.00002
  0.00009		 -0.00004
  0.00008		 -0.00005
  0.00007		 -0.00006
  0.00006		 -0.00007
  0.00005		 -0.00008
  0.00003		 -0.00009
  0.00002		 -0.00009
  0.00000		 -0.00009
 -0.00001		 -0.00009
 -0.00003		 -0.00009
 -0.00004		 -0.00008
 -0.00005		 -0.00007
 -0.00006		 -0.00006
 -0.00007		 -0.00005
 -0.00008		 -0.00004
 -0.00008		 -0.00003
 -0.00009		 -0.00001
 -0.00009		  0.00000
 -0.00008		  0.00001
 -0.00008		  0.00003
 -0.00007		  0.00004
 -0.00007		  0.00005
 -0.00006		  0.00006
 -0.00005		  0.00007
 -0.00004		  0.00007
 -0.00002		  0.00007
 -0.00001		  0.00008
 -0.00000		  0.00008
  0.00001		  0.00007
  0.00002		  0.00007
  0.00003		  0.00007
  0.00004		  0.00006
  0.00005		  0.00005
  0.00005		  0.00004
  0.00006		  0.00004
  0.00006		  0.00003
  0.00007		  0.00002
  0.00007		  0.00001
  0.00007		 -0.00000
  0.00006		 -0.00001
  0.00006		 -0.00002
  0.00006		 -0.00003
  0.00005		 -0.00004
  0.00004		 -0.00004
  0.00004		 -0.00005
  0.00003		 -0.00005
  0.00002		 -0.00006
  0.00001		 -0.00006
  0.00000		 -0.00006
 -0.00001		 -0.00006
 -0.00002		 -0.00006
 -0.00002		 -0.00005
 -0.00003		 -0.00005
 -0.00004		 -0.00004
 -0.00004		 -0.00004
 -0.00005		 -0.00003
 -0.00005		 -0.00002
 -0.00006		 -0.00002
 -0.00006		 -0.00001
 -0.00006		  0.00000
 -0.00006		  0.00001
 -0.00006		  0.00002
 -0.00005		  0.00003
 -0.00005		  0.00003
 -0.00004		  0.00004
 -0.00004		  0.00005
 -0.00003		  0.00005
 -0.00002		  0.00006
 -0.00001		  0.00006
 -0.00000		  0.00006
  0.00001		  0.00006
  0.00002		  0.00006
  0.00002		  0.00005
  0.00003		  0.00005
  0.00004		  0.00004
  0.00005		  0.00004
  0.00005		  0.00003
  0.00005		  0.00002
  0.00006		  0.00001
  0.00006		  0.00000
  0.00006		 -0.00001
  0.00005		 -0.00002
  0.00005		 -0.00003
  0.00004		 -0.00003
  0.00004		 -0.00004
  0.00003		 -0.00005
  0.00002		 -0.00005
  0.00001		 -0.00005
  0.00000		 -0.00005
 -0.00001		 -0.00005
 -0.00002		 -0.00005
 -0.00003		 -0.00004
 -0.00003		 -0.00004
 -0.00004		 -0.00003
 -0.00004		 -0.00002
 -0.00005		 -0.00002
 -0.00005		 -0.00001
 -0.00005		  0.00000
 -0.00005		  0.00001
 -0.00004		  0.00002
 -0.00004		  0.00003
 -0.00003		  0.00003
 -0.00002		  0.00004
 -0.00002		  0.00004
 -0.00001		  0.00004
 -0.00000		  0.00004
  0.00001		  0.00004
  0.00002		  0.00004
  0.00002		  0.00003
  0.00003		  0.00003
  0.00003		  0.00002
  0.00003		  0.00001
  0.00004		  0.00001
  0.00004		 -0.00000
  0.00003		 -0.00001
  0.00003		 -0.00002
  0.00003		 -0.00002
  0.00002		 -0.00003
  0.00001		 -0.00003
  0.00001		 -0.00003
 -0.00000		 -0.00003
 -0.00001		 -0.00003
 -0.00002		 -0.00003
 -0.00002		 -0.00003
 -0.00003		 -0.00002
 -0.00003		 -0.00001
 -0.00004		 -0.00001
 -0.00004		  0.00000
 -0.00004		  0.00001
 -0.00004		  0.00002
 -0.00003		  0.00002
 -0.00003		  0.00003
 -0.00002		  0.00004
 -0.00001		  0.00004
 -0.00001		  0.00004
  0.00000		  0.00004
  0.00001		  0.00004
  0.00002		  0.00004
  0.00003		  0.00004
  0.00003		  0.00003
  0.00004		  0.00002
  0.00004		  0.00002
  0.00005		  0.00001
  0.00005		 -0.00000
  0.00005		 -0.00001
  0.00004		 -0.00002
  0.00004		 -0.00003
  0.00003		 -0.00003
  0.00003		 -0.00004
  0.00002		 -0.00004
  0.00001		 -0.00005
  0.00000		 -0.00005
 -0.00001		 -0.00005
 -0.00001		 -0.00005
 -0.00002		 -0.00004
 -0.00003		 -0.00004
 -0.00004		 -0.00003
 -0.00004		 -0.00003
 -0.00005		 -0.00002
 -0.00005		 -0.00001
 -0.00005		 -0.00000
 -0.00005		  0.00001
 -0.00005		  0.00002
 -0.00004		  0.00002
 -0.00004		  0.00003
 -0.00003		  0.00003
 -0.00003		  0.00004
 -0.00002		  0.00004
 -0.00001		  0.00004
 -0.00000		  0.00004
  0.00000		  0.00004
  0.00001		  0.00004
  0.00002		  0.00004
  0.00002		  0.00003
  0.00003		  0.00003
  0.00003		  0.00002
  0.00003		  0.00002
  0.00003		  0.00001
  0.00003		  0.00001
  0.00003		  0.00000
  0.00003		 -0.00000
  0.00003		 -0.00001
  0.00003		 -0.00001
  0.00002		 -0.00002
  0.00002		 -0.00002
  0.00001		 -0.00002
  0.00001		 -0.00002
  0.00001		 -0.00002
  0.00000		 -0.00002
 -0.00000		 -0.00002
 -0.00001		 -0.00002
 -0.00001		 -0.00002
 -0.00001		 -0.00002
 -0.00001		 -0.00001
 -0.00001		 -0.00001
 -0.00001		 -0.00001
 -0.00001		 -0.00001
 -0.00001		 -0.00000
 -0.00001		 -0.00000
 -0.00001		  0.00000
 -0.00001		  0.00000
 -0.00001		  0.00000
 -0.00001		  0.00000
 -0.00001		  0.00000
 -0.00001		  0.00000
 -0.00000		  0.00000
 -0.00000		  0.00000
 -0.00000		  0.00000
 -0.00000		  0.00000
 -0.00000		  0.00000
 -0.00000		  0.00000
 -0.00000		  0.00000
 -0.00000		  0.00000
 -0.00000		  0.00000
 -0.00000		  0.00000
 -0.00001		  0.00000
 -0.00001		  0.00000
 -0.00001		  0.00000
 -0.00001		  0.00000
 -0.00001		  0.00000
 -0.00001		  0.00001
 -0.00001		  0.00001
 -0.00001		  0.00001
 -0.00001		  0.00001
 -0.00001		  0.00001
 -0.00000		  0.00001
 -0.00000		  0.00001
 -0.00000		  0.00002
  0.00000		  0.00002
  0.00000		  0.00002
  0.00001		  0.00002
  0.00001		  0.00002
  0.00001		  0.00001
  0.00001		  0.00001
  0.00002		  0.00001
  0.00002		  0.00001
  0.00002		  0.00001
  0.00002		  0.00000
  0.00002		 -0.00000
  0.00002		 -0.00000
  0.00002		 -0.00001
  0.00002		 -0.00001
  0.00002		 -0.00002
  0.00002		 -0.00002
  0.00001		 -0.00002
  0.00001		 -0.00002
  0.00001		 -0.00003
  0.00000		 -0.00003
 -0.00000		 -0.00003
 -0.00001		 -0.00003
 -0.00001		 -0.00003
 -0.00002		 -0.00002
 -0.00002		 -0.00002
 -0.00002		 -0.00002
 -0.00003		 -0.00001
 -0.00003		 -0.00001
 -0.00003		 -0.00000
 -0.00003		  0.00000
 -0.00003		  0.00001
 -0.00003		  0.00001
 -0.00003		  0.00001
 -0.00002		  0.00002
 -0.00002		  0.00002
 -0.00002		  0.00003
 -0.00001		  0.00003
 -0.00001		  0.00003
 -0.00000		  0.00003
  0.00000		  0.00003
  0.00001		  0.00003
  0.00001		  0.00003
  0.00002		  0.00003
  0.00002		  0.00002
  0.00002		  0.00002
  0.00002		  0.00001
  0.00003		  0.00001
  0.00003		  0.00001
  0.00003		  0.00000
  0.00003		 -0.00000
  0.00003		 -0.00001
  0.00002		 -0.00001
  0.00002		 -0.00001
  0.00002		 -0.00002
  0.00001		 -0.00002
  0.00001		 -0.00002
  0.00001		 -0.00002
  0.00000		 -0.00002
 -0.00000		 -0.00002
 -0.00000		 -0.00002
 -0.00001		 -0.00002
 -0.00001		 -0.00002
 -0.00001		 -0.00002
 -0.00001		 -0.00001
 -0.00002		 -0.00001
 -0.00002		 -0.00001
 -0.00002		 -0.00000
 -0.00002		 -0.00000
 -0.00002		  0.00000
 -0.00002		  0.00000
 -0.00002		  0.00001
 -0.00001		  0.00001
 -0.00001		  0.00001
 -0.00001		  0.00001
 -0.00001		  0.00001
 -0.00001		  0.00001
 -0.00001		  0.00001
 -0.00000		  0.00001
 -0.00000		  0.00001
 -0.00000		  0.00001
  0.00000		  0.00001
  0.00000		  0.00001
  0.00000		  0.00001
  0.00001		  0.00001
  0.00001		  0.00001
  0.00001		  0.00001
  0.00001		  0.00001
  0.00001		  0.00001
  0.00001		  0.00001
  0.00001		  0.00000
  0.00001		  0.00000
  0.00001		  0.00000
  0.00001		 -0.00000
  0.00001		 -0.00000
  0.00001		 -0.00001
  0.00001		 -0.00001
  0.00001		 -0.00001
  0.00001		 -0.00001
  0.00001		 -0.00001
  0.00001		 -0.00001
  0.00000		 -0.00002
  0.00000		 -0.00002
 -0.00000		 -0.00002
 -0.00000		 -0.00002
 -0.00001		 -0.00002
 -0.00001		 -0.00002
 -0.00001		 -0.00001
 -0.00001		 -0.00001
 -0.00002		 -0.00001
 -0.00002		 -0.00001
 -0.00002		 -0.00000
 -0.00002		 -0.00000
 -0.00002		  0.00000
 -0.00002		  0.00001
 -0.00002		  0.00001
 -0.00002		  0.00001
 -0.00002		  0.00002
 -0.00001		  0.00002
 -0.00001		  0.00002
 -0.00001		  0.00002
 -0.00000		  0.00002
  0.00000		  0.00002
  0.00001		  0.00002
  0.00001		  0.00002
  0.00001		  0.00002
  0.00002		  0.00002
  0.00002		  0.00001
  0.00002		  0.00001
  0.00002		  0.00001
  0.00002		  0.00000
  0.00002		  0.00000
  0.00002		 -0.00000
  0.00002		 -0.00001
  0.00002		 -0.00001
  0.00002		 -0.00001
  0.00001		 -0.00002
  0.00001		 -0.00002
  0.00001		 -0.00002
  0.00000		 -0.00002
  0.00000		 -0.00002
 -0.00000		 -0.00002
 -0.00001		 -0.00002
 -0.00001		 -0.00002
 -0.00001		 -0.00002
 -0.00001		 -0.00001
 -0.00002		 -0.00001
 -0.00002		 -0.00001
 -0.00002		 -0.00000
 -0.00002		 -0.00000
 -0.00002		  0.00000
 -0.00002		  0.00000
 -0.00002		  0.00001
 -0.00001		  0.00001
 -0.00001		  0.00001
 -0.00001		  0.00001
 -0.00001		  0.00001
 -0.00000		  0.00001
 -0.00000		  0.00001
 -0.00000		  0.00001
  0.00000		  0.00001
  0.00000		  0.00001
  0.00000		  0.00001
  0.00001		  0.00001
  0.00001		  0.00001
  0.00001		  0.00000
  0.00001		  0.00000
  0.00001		  0.00000
  0.00001		  0.00000
  0.00001		 -0.00000
  0.00001		 -0.00000
  0.00000		 -0.00000
  0.00000		 -0.00000
  0.00000		 -0.00000
  0.00000		 -0.00000
  0.00000		 -0.00000
  0.00000		 -0.00000
  0.00000		 -0.00000
  0.00000		 -0.00000
  0.00000		 -0.00000
  0.00000		  0.00000
  0.00000		  0.00000
  0.00000		  0.00000
  0.00000		  0.00000
  0.00000		  0.00000
  0.00000		  0.00000
  0.00000		  0.00000
  0.00000		  0.00000
  0.00000		  0.00000
  0.00000		 -0.00000
  0.00000		 -0.00000
  0.00000		 -0.00000
  0.00000		 -0.00000
  0.00000		 -0.00000
  0.00000		 -0.00000
  0.00000		 -0.00000
  0.00000		 -0.00001
  0.00000		 -0.00001
  0.00000		 -0.00001
 -0.00000		 -0.00001
 -0.00000		 -0.00001
 -0.00000		 -0.00001
 -0.00000		 -0.00001
 -0.00000		 -0.00001
 -0.00000		 -0.00000
 -0.00001		 -0.00000
 -0.00001		 -0.00000
 -0.00001		 -0.00000
 -0.00001		 -0.00000
 -0.00001		 -0.00000
 -0.00001		  0.00000
 -0.00001		  0.00000
 -0.00001		  0.00000
 -0.00001		  0.00000
 -0.00001		  0.00000
 -0.00001		  0.00001
 -0.00001		  0.00001
 -0.00000		  0.00001
 -0.00000		  0.00001
 -0.00000		  0.00001
 -0.00000		  0.00001
 -0.00000		  0.00001
 -0.00000		  0.00001
  0.00000		  0.00001
  0.00000		  0.00001
  0.00000		  0.00001
  0.00000		  0.00001
  0.00000		  0.00001
  0.00001		  0.00001
  0.00001		  0.00001
  0.00001		  0.00000
  0.00001		  0.00000
  0.00001		  0.00000
  0.00001		  0.00000
  0.00001		  0.00000
  0.00001		  0.00000
  0.00001		 -0.00000
  0.00001		 -0.00000
  0.00001		 -0.00000
  0.00001		 -0.00000
  0.00001		 -0.00001
  0.00001		 -0.00001
  0.00001		 -0.00001
  0.00001		 -0.00001
  0.00000		 -0.00001
  0.00000		 -0.00001
  0.00000		 -0.00001
 -0.00000		 -0.00001
 -0.00000		 -0.00001
 -0.00000		 -0.00001
 -0.00000		 -0.00001
 -0.00001		 -0.00001
 -0.00001		 -0.00001
 -0.00001		 -0.00001
 -0.00001		 -0.00001
 -0.00001		 -0.00000
 -0.00001		 -0.00000
 -0.00001		 -0.00000
 -0.00001		  0.00000
 -0.00001		  0.00000
 -0.00001		  0.00000
 -0.00001		  0.00001
 -0.00001		  0.00001
 -0.00001		  0.00001
 -0.00001		  0.00001
 -0.00001		  0.00001
 -0.00000		  0.00001
 -0.00000		  0.00001
 -0.00000		  0.00001
  0.00000		  0.00001
  0.00000		  0.00001
  0.00001		  0.00001
  0.00001		  0.00001
  0.00001		  0.00001
  0.00001		  0.00001
  0.00001		  0.00001
  0.00001		  0.00000
  0.00001		  0.00000
  0.00001		  0.00000
  0.00001		 -0.00000
  0.00001		 -0.00000
  0.00001		 -0.00000
  0.00001		 -0.00001
  0.00001		 -0.00001
  0.00001		 -0.00001
  0.00001		 -0.00001
  0.00000		 -0.00001
  0.00000		 -0.00001
  0.00000		 -0.00001
 -0.00000		 -0.00001
 -0.00000		 -0.00001
 -0.00000		 -0.00001
 -0.00001		 -0.00001
 -0.00001		 -0.00001
 -0.00001		 -0.00001
 -0.00001		 -0.00001
 -0.00001		 -0.00000
 -0.00001		 -0.00000
 -0.00001		 -0.00000
 -0.00001		  0.00000
 -0.00001		  0.00000
 -0.00001		  0.00000
 -0.00001		  0.00001
 -0.00001		  0.00001
 -0.00001		  0.00001
 -0.00000		  0.00001
 -0.00000		  0.00001
 -0.00000		  0.00001
 -0.00000		  0.00001
  0.00000		  0.00001
  0.00000		  0.00001
  0.00000		  0.00001
  0.00001		  0.00001
  0.00001		  0.00001
  0.00001		  0.00000
  0.00001		  0.00000
  0.00001		  0.00000
  0.00001		  0.00000
  0.00001		 -0.00000
  0.00001		 -0.00000
  0.00001		 -0.00000
  0.00001		 -0.00000
  0.00001		 -0.00001
  0.00000		 -0.00001
  0.00000		 -0.00001
  0.00000		 -0.00001
  0.00000		 -0.00001
 -0.00000		 -0.00001
 -0.00000		 -0.00001
 -0.00000		 -0.00001
 -0.00000		 -0.00001
 -0.00000		 -0.00001
 -0.00001		 -0.00000
 -0.00001		 -0.00000
 -0.00001		 -0.00000
 -0.00001		 -0.00000
 -0.00001		  0.00000
 -0.00001		  0.00000
 -0.00001		  0.00000
 -0.00001		  0.00000
 -0.00001		  0.00000
 -0.00000		  0.00001
 -0.00000		  0.00001
 -0.00000		  0.00001
 -0.00000		  0.00001
 -0.00000		  0.00001
  0.00000		  0.00001
  0.00000		  0.00001
  0.00000		  0.00001
  0.00000		  0.00001
  0.00000		  0.00000
  0.00001		  0.00000
  0.00001		  0.00000
  0.00001		  0.00000
  0.00001		  0.00000
  0.00001		 -0.00000
  0.00001		 -0.00000
  0.00001		 -0.00000
  0.00001		 -0.00000
  0.00000		 -0.00000
  0.00000		 -0.00000
  0.00000		 -0.00000
  0.00000		 -0.00000
  0.00000		 -0.00001
  0.00000		 -0.00001
  0.00000		 -0.00001
 -0.00000		 -0.00001
 -0.00000		 -0.00001
 -0.00000		 -0.00000
 -0.00000		 -0.00000
 -0.00000		 -0.00000
 -0.00000		 -0.00000
 -0.00000		 -0.00000
 -0.00000		 -0.00000
 -0.00000		 -0.00000
 -0.00000		 -0.00000
 -0.00000		 -0.00000
 -0.00000		 -0.00000
 -0.00000		  0.00000
 -0.00000		  0.00000
 -0.00000		  0.00000
 -0.00000		  0.00000
 -0.00000		  0.00000
 -0.00000		  0.00000
 -0.00000		  0.00000
 -0.00000		  0.00000
 -0.00000		  0.00000
 -0.00000		  0.00000
 -0.00000		  0.00000
 -0.00000		  0.00000
 -0.00000		  0.00000
 -0.00000		  0.00000
  0.00000		  0.00000
  0.00000		  0.00000
  0.00000		  0.00000
  0.00000		  0.00000
  0.00000		  0.00000
  0.00000		  0.00000
  0.00000		  0.00000
  0.00000		  0.00000
  0.00000		  0.00000
  0.00001		  0.00000
  0.00001		  0.00000
  0.00001		  0.00000
  0.00001		 -0.00000
  0.00001		 -0.00000
  0.00001		 -0.00000
  0.00001		 -0.00000
  0.00001		 -0.00000
  0.00000		 -0.00000
  0.00000		 -0.00001
  0.00000		 -0.00001
  0.00000		 -0.00001
  0.00000		 -0.00001
  0.00000		 -0.00001
 -0.00000		 -0.00001
 -0.00000		 -0.00001
 -0.00000		 -0.00001
 -0.00000		 -0.00001
 -0.00000		 -0.00001
 -0.00001		 -0.00000
 -0.00001		 -0.00000
 -0.00001		 -0.00000
 -0.00001		 -0.00000
 -0.00001		 -0.00000
 -0.00001		  0.00000
 -0.00001		  0.00000
 -0.00001		  0.00000
 -0.00001		  0.00000
 -0.00001		  0.00000
 -0.00000		  0.00000
 -0.00000		  0.00001
 -0.00000		  0.00001
 -0.00000		  0.00001
 -0.00000		  0.00001
 -0.00000		  0.00001
  0.00000		  0.00001
  0.00000		  0.00001
  0.00000		  0.00001
  0.00000		  0.00000
  0.00000		  0.00000
  0.00000		  0.00000
  0.00000		  0.00000
  0.00000		  0.00000
  0.00000		  0.00000
  0.00000		 -0.00000
  0.00000		 -0.00000
  0.00000		 -0.00000
  0.00000		 -0.00000
  0.00000		 -0.00000
  0.00000		 -0.00000
  0.00000		 -0.00000
  0.00000		 -0.00000
  0.00000		 -0.00000
  0.00000		 -0.00000
 -0.00000		 -0.00000
 -0.00000		 -0.00000
 -0.00000		 -0.00000
 -0.00000		 -0.00000
 -0.00000		 -0.00000
 -0.00000		 -0.00000
 -0.00000		 -0.00000
 -0.00000		 -0.00000
 -0.00000		  0.00000
 -0.00000		  0.00000
 -0.00000		  0.00000
 -0.00000		  0.00000
 -0.00000		  0.00000
 -0.00000		  0.00000
  0.00000		  0.00000
  0.00000		  0.00000
  0.00000		  0.00000
  0.00000		  0.00000
  0.00000		 -0.00000
  0.00000		 -0.00000
  0.00000		 -0.00000
  0.00000		 -0.00000
  0.00000		 -0.00000
  0.00000		 -0.00000
  0.00000		 -0.00000
 -0.00000		 -0.00000
 -0.00000		 -0.00000
 -0.00000		 -0.00000
 -0.00000		 -0.00000
 -0.00000		 -0.00000
 -0.00000		 -0.00000
 -0.00000		 -0.00000
 -0.00000		 -0.00000
 -0.00000		 -0.00000
 -0.00000		  0.00000
 -0.00000		  0.00000
 -0.00000		  0.00000
 -0.00000		  0.00000
 -0.00000		  0.00000
 -0.00000		  0.00000
 -0.00000		  0.00000
 -0.00000		  0.00000
 -0.00000		  0.00000
 -0.00000		  0.00000
 -0.00000		  0.00000
  0.00000		  0.00000
  0.00000		  0.00000
  0.00000		  0.00000
  0.00000		  0.00000
  0.00000		  0.00000
  0.00000		  0.00000
  0.00000		  0.00000
  0.00000		  0.00000
  0.00000		  0.00000
  0.00000		  0.00000
  0.00000		 -0.00000
  0.00000		 -0.00000
  0.00000		 -0.00000
  0.00000		 -0.00000
  0.00000		 -0.00000
  0.00000		 -0.00000
  0.00000		 -0.00000
  0.00000		 -0.00000
  0.00000		 -0.00000
  0.00000		 -0.00000
  0.00000		 -0.00000
 -0.00000		 -0.00000
 -0.00000		 -0.00000
 -0.00000		 -0.00000
 -0.00000		 -0.00000
 -0.00000		 -0.00000
 -0.00000		 -0.00000
 -0.00000		 -0.00000
 -0.00000		 -0.00000
 -0.00000		 -0.00000
 -0.00000		 -0.00000
 -0.00000		 -0.00000
 -0.00000		  0.00000
 -0.00000		  0.00000
 -0.00000		  0.00000
 -0.00000		  0.00000
 -0.00000		  0.00000
 -0.00000		  0.00000
 -0.00000		  0.00000
 -0.00000		  0.00000
 -0.00000		  0.00000
 -0.00000		  0.00000
 -0.00000		  0.00000
 -0.00000		  0.00000
  0.00000		  0.00000
  0.00000		  0.00000
  0.00000		  0.00000
  0.00000		  0.00000
  0.00000		  0.00000
  0.00000		  0.00000
  0.00000		  0.00000
  0.00000		  0.00000
  0.00000		  0.00000
  0.00000		  0.00000
  0.00000		  0.00000
  0.00000		  0.00000
  0.00000		 -0.00000
  0.00000		 -0.00000
  0.00000		 -0.00000
  0.00000		 -0.00000
  0.00000		 -0.00000
  0.00000		 -0.00000
  0.00000		 -0.00000
  0.00000		 -0.00000
  0.00000		 -0.00000
  0.00000		 -0.00000
  0.00000		 -0.00000
  0.00000		 -0.00000
 -0.00000		 -0.00000
 -0.00000		 -0.00000
 -0.00000		 -0.00000
 -0.00000		 -0.00000
 -0.00000		 -0.00000
 -0.00000		 -0.00000
 -0.00000		 -0.00000
 -0.00000		 -0.00000
 -0.00000		 -0.00000
 -0.00000		 -0.00000
 -0.00000		 -0.00000
 -0.00000		 -0.00000
 -0.00000		 -0.00000
 -0.00000		  0.00000
 -0.00000		  0.00000
 -0.00000		  0.00000
 -0.00000		  0.00000
 -0.00000		  0.00000
 -0.00000		  0.00000
 -0.00000		  0.00000
 -0.00000		  0.00000
 -0.00000		  0.00000
 -0.00000		  0.00000
 -0.00000		  0.00000
 -0.00000		  0.00000
  0.00000		  0.00000
  0.00000		  0.00000
  0.00000		  0.00000
  0.00000		  0.00000
  0.00000		  0.00000
  0.00000		  0.00000
  0.00000		  0.00000
  0.00000		  0.00000
  0.00000		  0.00000
  0.00000		  0.00000
  0.00000		  0.00000
  0.00000		 -0.00000
  0.00000		 -0.00000
  0.00000		 -0.00000
  0.00000		 -0.00000
  0.00000		 -0.00000
  0.00000		 -0.00000
  0.00000		 -0.00000
  0.00000		 -0.00000
  0.00000		 -0.00000
  0.00000		 -0.00000
  0.00000		 -0.00000
 -0.00000		 -0.00000
 -0.00000		 -0.00000
 -0.00000		 -0.00000
 -0.00000		 -0.00000
 -0.00000		 -0.00000
 -0.00000		 -0.00000
 -0.00000		 -0.00000
 -0.00000		 -0.00000
 -0.00000		 -0.00000
 -0.00000		 -0.00000
 -0.00000		 -0.00000
 -0.00000		  0.00000
 -0.00000		  0.00000
 -0.00000		  0.00000
 -0.00000		  0.00000
 -0.00000		  0.00000
 -0.00000		  0.00000
 -0.00000		  0.00000
 -0.00000		  0.00000
 -0.00000		  0.00000
 -0.00000		  0.00000
 -0.00000		  0.00000
  0.00000		  0.00000
  0.00000		  0.00000
  0.00000		  0.00000
  0.00000		  0.00000
  0.00000		  0.00000
  0.00000		  0.00000
  0.00000		  0.00000
  0.00000		  0.00000
  0.00000		  0.00000
  0.00000		  0.00000
  0.00000		  0.00000
  0.00000		 -0.00000
  0.00000		 -0.00000
  0.00000		 -0.00000
  0.00000		 -0.00000
  0.00000		 -0.00000
  0.00000		 -0.00000
  0.00000		 -0.00000
  0.00000		 -0.00000
  0.00000		 -0.00000
  0.00000		 -0.00000
  0.00000		 -0.00000
  0.00000		 -0.00000
 -0.00000		 -0.00000
 -0.00000		 -0.00000
 -0.00000		 -0.00000
 -0.00000		 -0.00000
 -0.00000		 -0.00000
 -0.00000		 -0.00000
 -0.00000		 -0.00000
 -0.00000		 -0.00000
 -0.00000		 -0.00000
 -0.00000		 -0.00000
 -0.00000		 -0.00000
 -0.00000		 -0.00000
 -0.00000		  0.00000
 -0.00000		  0.00000
 -0.00000		  0.00000
 -0.00000		  0.00000
 -0.00000		  0.00000
 -0.00000		  0.00000
 -0.00000		  0.00000
 -0.00000		  0.00000
 -0.00000		  0.00000
 -0.00000		  0.00000
 -0.00000		  0.00000
  0.00000		  0.00000
  0.00000		  0.00000
  0.00000		  0.00000
  0.00000		  0.00000
  0.00000		  0.00000
  0.00000		  0.00000
  0.00000		  0.00000
  0.00000		  0.00000
  0.00000		  0.00000
  0.00000		  0.00000
  0.00000		  0.00000
  0.00000		 -0.00000
  0.00000		 -0.00000
  0.00000		 -0.00000
  0.00000		 -0.00000
  0.00000		 -0.00000
  0.00000		 -0.00000
  0.00000		 -0.00000
  0.00000		 -0.00000
  0.00000		 -0.00000
  0.00000		 -0.00000
  0.00000		 -0.00000
  0.00000		 -0.00000
  0.00000		 -0.00000
  0.00000		 -0.00000
 -0.00000		 -0.00000
 -0.00000		 -0.00000
 -0.00000		 -0.00000
 -0.00000		 -0.00000
 -0.00000		 -0.00000
 -0.00000		 -0.00000
 -0.00000		 -0.00000
 -0.00000		 -0.00000
 -0.00000		 -0.00000
 -0.00000		 -0.00000
 -0.00000		 -0.00000
 -0.00000		 -0.00000
 -0.00000		 -0.00000
 -0.00000		 -0.00000
 -0.00000		 -0.00000
 -0.00000		 -0.00000
 -0.00000		 -0.00000
 -0.00000		 -0.00000
 -0.00000		 -0.00000
 -0.00000		  0.00000
 -0.00000		  0.00000
 -0.00000		  0.00000
 -0.00000		  0.00000
 -0.00000		  0.00000
 -0.00000		  0.00000
 -0.00000		  0.00000
 -0.00000		  0.00000
 -0.00000		  0.00000
 -0.00000		  0.00000
 -0.00000		  0.00000
 -0.00000		  0.00000
  0.00000		  0.00000
  0.00000		  0.00000
  0.00000		  0.00000
  0.00000		  0.00000
  0.00000		  0.00000
  0.00000		  0.00000
  0.00000		  0.00000
  0.00000		  0.00000
  0.00000		  0.00000
  0.00000		  0.00000
  0.00000		  0.00000
  0.00000		  0.00000
  0.00000		 -0.00000
  0.00000		 -0.00000
  0.00000		 -0.00000
  0.00000		 -0.00000
  0.00000		 -0.00000
  0.00000		 -0.00000
  0.00000		 -0.00000
  0.00000		 -0.00000
  0.00000		 -0.00000
  0.00000		 -0.00000
  0.00000		 -0.00000
 -0.00000		 -0.00000
 -0.00000		 -0.00000
 -0.00000		 -0.00000
 -0.00000		 -0.00000
 -0.00000		 -0.00000
 -0.00000		 -0.00000
 -0.00000		 -0.00000
 -0.00000		 -0.00000
 -0.00000		 -0.00000
 -0.00000		 -0.00000
 -0.00000		 -0.00000
 -0.00000		  0.00000
 -0.00000		  0.00000
 -0.00000		  0.00000
 -0.00000		  0.00000
 -0.00000		  0.00000
 -0.00000		  0.00000
 -0.00000		  0.00000
 -0.00000		  0.00000
 -0.00000		  0.00000
 -0.00000		  0.00000
 -0.00000		  0.00000
 -0.00000		  0.00000
  0.00000		  0.00000
  0.00000		  0.00000
  0.00000		  0.00000
  0.00000		  0.00000
  0.00000		  0.00000
  0.00000		  0.00000
  0.00000		  0.00000
  0.00000		  0.00000
  0.00000		  0.00000
  0.00000		  0.00000
  0.00000		  0.00000
  0.00000		 -0.00000
  0.00000		 -0.00000
  0.00000		 -0.00000
  0.00000		 -0.00000
  0.00000		 -0.00000
  0.00000		 -0.00000
  0.00000		 -0.00000
  0.00000		 -0.00000
  0.00000		 -0.00000
  0.00000		 -0.00000
  0.00000		 -0.00000
 -0.00000		 -0.00000
 -0.00000		 -0.00000
 -0.00000		 -0.00000
 -0.00000		 -0.00000
 -0.00000		 -0.00000
 -0.00000		 -0.00000
 -0.00000		 -0.00000
 -0.00000		 -0.00000
 -0.00000		 -0.00000
 -0.00000		 -0.00000
 -0.00000		 -0.00000
 -0.00000		  0.00000
 -0.00000		  0.00000
 -0.00000		  0.00000
 -0.00000		  0.00000
 -0.00000		  0.00000
 -0.00000		  0.00000
 -0.00000		  0.00000
 -0.00000		  0.00000
 -0.00000		  0.00000
 -0.00000		  0.00000
 -0.00000		  0.00000
 -0.00000		  0.00000
  0.00000		  0.00000
  0.00000		  0.00000
  0.00000		  0.00000
  0.00000		  0.00000
  0.00000		  0.00000
  0.00000		  0.00000
  0.00000		  0.00000
  0.00000		  0.00000
  0.00000		  0.00000
  0.00000		  0.00000
  0.00000		  0.00000
  0.00000		  0.00000
  0.00000		  0.00000
  0.00000		  0.00000
  0.00000		  0.00000
  0.00000		  0.00000
  0.00000		  0.00000
  0.00000		  0.00000
  0.00000		  0.00000
  0.00000		  0.00000
  0.00000		  0.00000
  0.00000		 -0.00000
  0.00000		 -0.00000
  0.00000		 -0.00000
  0.00000		 -0.00000
  0.00000		 -0.00000
  0.00000		 -0.00000
  0.00000		 -0.00000
  0.00000		 -0.00000
  0.00000		 -0.00000
  0.00000		 -0.00000
  0.00000		 -0.00000
  0.00000		 -0.00000
  0.00000		 -0.00000
  0.00000		 -0.00000
 -0.00000		 -0.00000
 -0.00000		 -0.00000
 -0.00000		 -0.00000
 -0.00000		 -0.00000
 -0.00000		 -0.00000
 -0.00000		 -0.00000
 -0.00000		 -0.00000
 -0.00000		 -0.00000
 -0.00000		 -0.00000
 -0.00000		 -0.00000
 -0.00000		 -0.00000
 -0.00000		 -0.00000
 -0.00000		  0.00000
 -0.00000		  0.00000
 -0.00000		  0.00000
 -0.00000		  0.00000
 -0.00000		  0.00000
 -0.00000		  0.00000
 -0.00000		  0.00000
 -0.00000		  0.00000
 -0.00000		  0.00000
 -0.00000		  0.00000
 -0.00000		  0.00000
 -0.00000		  0.00000
 -0.00000		  0.00000
 -0.00000		  0.00000
  0.00000		  0.00000
  0.00000		  0.00000
  0.00000		  0.00000
  0.00000		  0.00000
  0.00000		  0.00000
  0.00000		  0.00000
  0.00000		  0.00000
  0.00000		  0.00000
  0.00000		  0.00000
  0.00000		  0.00000
  0.00000		  0.00000
  0.00000		  0.00000
  0.00000		  0.00000
  0.00000		 -0.00000
  0.00000		 -0.00000
  0.00000		 -0.00000
  0.00000		 -0.00000
  0.00000		 -0.00000
  0.00000		 -0.00000
  0.00000		 -0.00000
  0.00000		 -0.00000
  0.00000		 -0.00000
  0.00000		 -0.00000
  0.00000		 -0.00000
  0.00000		 -0.00000
 -0.00000		 -0.00000
 -0.00000		 -0.00000
 -0.00000		 -0.00000
 -0.00000		 -0.00000
 -0.00000		 -0.00000
 -0.00000		 -0.00000
 -0.00000		 -0.00000
 -0.00000		 -0.00000
 -0.00000		 -0.00000
 -0.00000		 -0.00000
 -0.00000		  0.00000
 -0.00000		  0.00000
 -0.00000		  0.00000
 -0.00000		  0.00000
 -0.00000		  0.00000
 -0.00000		  0.00000
 -0.00000		  0.00000
 -0.00000		  0.00000
 -0.00000		  0.00000
 -0.00000		  0.00000
  0.00000		  0.00000
  0.00000		  0.00000
  0.00000		  0.00000
  0.00000		  0.00000
  0.00000		  0.00000
  0.00000		  0.00000
  0.00000		  0.00000
  0.00000		  0.00000
  0.00000		  0.00000
  0.00000		 -0.00000
  0.00000		 -0.00000
  0.00000		 -0.00000
  0.00000		 -0.00000
  0.00000		 -0.00000
  0.00000		 -0.00000
  0.00000		 -0.00000
  0.00000		 -0.00000
  0.00000		 -0.00000
  0.00000		 -0.00000
 -0.00000		 -0.00000
 -0.00000		 -0.00000
 -0.00000		 -0.00000
 -0.00000		 -0.00000
 -0.00000		 -0.00000
 -0.00000		 -0.00000
 -0.00000		 -0.00000
 -0.00000		 -0.00000
 -0.00000		  0.00000
 -0.00000		  0.00000
 -0.00000		  0.00000
 -0.00000		  0.00000
 -0.00000		  0.00000
 -0.00000		  0.00000
 -0.00000		  0.00000
 -0.00000		  0.00000
 -0.00000		  0.00000
  0.00000		  0.00000
  0.00000		  0.00000
  0.00000		  0.00000
  0.00000		  0.00000
  0.00000		  0.00000
  0.00000		  0.00000
  0.00000		  0.00000
  0.00000		  0.00000
  0.00000		 -0.00000
  0.00000		 -0.00000
  0.00000		 -0.00000
  0.00000		 -0.00000
  0.00000		 -0.00000
  0.00000		 -0.00000
  0.00000		 -0.00000
  0.00000		 -0.00000
  0.00000		 -0.00000
 -0.00000		 -0.00000
 -0.00000		 -0.00000
 -0.00000		 -0.00000
 -0.00000		 -0.00000
 -0.00000		 -0.00000
 -0.00000		 -0.00000
 -0.00000		 -0.00000
 -0.00000		 -0.00000
 -0.00000		 -0.00000
 -0.00000		 -0.00000
 -0.00000		  0.00000
 -0.00000		  0.00000
 -0.00000		  0.00000
 -0.00000		  0.00000
 -0.00000		  0.00000
 -0.00000		  0.00000
 -0.00000		  0.00000
 -0.00000		  0.00000
 -0.00000		  0.00000
 -0.00000		  0.00000
 -0.00000		  0.00000
 -0.00000		  0.00000
  0.00000		  0.00000
  0.00000		  0.00000
  0.00000		  0.00000
  0.00000		  0.00000
  0.00000		  0.00000
  0.00000		  0.00000
  0.00000		  0.00000
  0.00000		  0.00000
  0.00000		  0.00000
  0.00000		  0.00000
  0.00000		  0.00000
  0.00000		  0.00000
  0.00000		  0.00000
  0.00000		  0.00000
  0.00000		 -0.00000
  0.00000		 -0.00000
  0.00000		 -0.00000
  0.00000		 -0.00000
  0.00000		 -0.00000
  0.00000		 -0.00000
  0.00000		 -0.00000
  0.00000		 -0.00000
  0.00000		 -0.00000
  0.00000		 -0.00000
  0.00000		 -0.00000
  0.00000		 -0.00000
 -0.00000		 -0.00000
 -0.00000		 -0.00000
 -0.00000		 -0.00000
 -0.00000		 -0.00000
 -0.00000		 -0.00000
 -0.00000		 -0.00000
 -0.00000		 -0.00000
 -0.00000		 -0.00000
 -0.00000		 -0.00000
 -0.00000		 -0.00000
 -0.00000		 -0.00000
 -0.00000		 -0.00000
 -0.00000		 -0.00000
 -0.00000		 -0.00000
 -0.00000		  0.00000
 -0.00000		  0.00000
 -0.00000		  0.00000
 -0.00000		  0.00000
 -0.00000		  0.00000
 -0.00000		  0.00000
 -0.00000		  0.00000
 -0.00000		  0.00000
 -0.00000		  0.00000
 -0.00000		  0.00000
 -0.00000		  0.00000
 -0.00000		  0.00000
 -0.00000		  0.00000
 -0.00000		  0.00000
 -0.00000		  0.00000
 -0.00000		  0.00000
 -0.00000		  0.00000
 -0.00000		  0.00000
 -0.00000		  0.00000
  0.00000		  0.00000
  0.00000		  0.00000
  0.00000		  0.00000
  0.00000		  0.00000
  0.00000		  0.00000
  0.00000		  0.00000
  0.00000		  0.00000
  0.00000		  0.00000
  0.00000		  0.00000
  0.00000		  0.00000
  0.00000		 -0.00000
  0.00000		 -0.00000
  0.00000		 -0.00000
  0.00000		 -0.00000
  0.00000		 -0.00000
  0.00000		 -0.00000
  0.00000		 -0.00000
  0.00000		 -0.00000
  0.00000		 -0.00000
  0.00000		 -0.00000
 -0.00000		 -0.00000
 -0.00000		 -0.00000
 -0.00000		 -0.00000
 -0.00000		 -0.00000
 -0.00000		 -0.00000
 -0.00000		 -0.00000
 -0.00000		 -0.00000
 -0.00000		 -0.00000
 -0.00000		 -0.00000
 -0.00000		  0.00000
 -0.00000		  0.00000
 -0.00000		  0.00000
 -0.00000		  0.00000
 -0.00000		  0.00000
 -0.00000		  0.00000
 -0.00000		  0.00000
 -0.00000		  0.00000
 -0.00000		  0.00000
  0.00000		  0.00000
  0.00000		  0.00000
  0.00000		  0.00000
  0.00000		  0.00000
  0.00000		  0.00000
  0.00000		  0.00000
  0.00000		  0.00000
  0.00000		  0.00000
  0.00000		  0.00000
  0.00000		 -0.00000
  0.00000		 -0.00000
  0.00000		 -0.00000
  0.00000		 -0.00000
  0.00000		 -0.00000
  0.00000		 -0.00000
  0.00000		 -0.00000
  0.00000		 -0.00000
 -0.00000		 -0.00000
 -0.00000		 -0.00000
 -0.00000		 -0.00000
 -0.00000		 -0.00000
 -0.00000		 -0.00000
 -0.00000		 -0.00000
 -0.00000		 -0.00000
 -0.00000		 -0.00000
 -0.00000		  0.00000
 -0.00000		  0.00000
 -0.00000		  0.00000
 -0.00000		  0.00000
 -0.00000		  0.00000
 -0.00000		  0.00000
 -0.00000		  0.00000
  0.00000		  0.00000
  0.00000		  0.00000
  0.00000		  0.00000
  0.00000		  0.00000
  0.00000		  0.00000
  0.00000		  0.00000
  0.00000		  0.00000
  0.00000		 -0.00000
  0.00000		 -0.00000
  0.00000		 -0.00000
  0.00000		 -0.00000
  0.00000		 -0.00000
  0.00000		 -0.00000
  0.00000		 -0.00000
  0.00000		 -0.00000
  0.00000		 -0.00000
 -0.00000		 -0.00000
 -0.00000		 -0.00000
 -0.00000		 -0.00000
 -0.00000		 -0.00000
 -0.00000		 -0.00000
 -0.00000		 -0.00000
 -0.00000		 -0.00000
 -0.00000		 -0.00000
 -0.00000		 -0.00000
 -0.00000		 -0.00000
 -0.00000		 -0.00000
 -0.00000		  0.00000
 -0.00000		  0.00000
 -0.00000		  0.00000
 -0.00000		  0.00000
 -0.00000		  0.00000
 -0.00000		  0.00000
 -0.00000		  0.00000
 -0.00000		  0.00000
 -0.00000		  0.00000
 -0.00000		  0.00000
 -0.00000		  0.00000
 -0.00000		  0.00000
  0.00000		  0.00000
  0.00000		  0.00000
  0.00000		  0.00000
  0.00000		  0.00000
  0.00000		  0.00000
  0.00000		  0.00000
  0.00000		  0.00000
  0.00000		  0.00000
  0.00000		  0.00000
  0.00000		  0.00000
  0.00000		  0.00000
  0.00000		  0.00000
  0.00000		 -0.00000
  0.00000		 -0.00000
  0.00000		 -0.00000
  0.00000		 -0.00000
  0.00000		 -0.00000
  0.00000		 -0.00000
  0.00000		 -0.00000
  0.00000		 -0.00000
  0.00000		 -0.00000
  0.00000		 -0.00000
  0.00000		 -0.00000
  0.00000		 -0.00000
 -0.00000		 -0.00000
 -0.00000		 -0.00000
 -0.00000		 -0.00000
 -0.00000		 -0.00000
 -0.00000		 -0.00000
 -0.00000		 -0.00000
 -0.00000		 -0.00000
 -0.00000		 -0.00000
 -0.00000		 -0.00000
 -0.00000		 -0.00000
 -0.00000		 -0.00000
 -0.00000		 -0.00000
 -0.00000		  0.00000
 -0.00000		  0.00000
 -0.00000		  0.00000
 -0.00000		  0.00000
 -0.00000		  0.00000
 -0.00000		  0.00000
 -0.00000		  0.00000
 -0.00000		  0.00000
 -0.00000		  0.00000
 -0.00000		  0.00000
 -0.00000		  0.00000
 -0.00000		  0.00000
 -0.00000		  0.00000
 -0.00000		  0.00000
  0.00000		  0.00000
  0.00000		  0.00000
  0.00000		  0.00000
  0.00000		  0.00000
  0.00000		  0.00000
  0.00000		  0.00000
  0.00000		  0.00000
  0.00000		  0.00000
  0.00000		  0.00000
  0.00000		  0.00000
  0.00000		  0.00000
  0.00000		  0.00000
  0.00000		  0.00000
  0.00000		  0.00000
  0.00000		  0.00000
  0.00000		  0.00000
  0.00000		 -0.00000
  0.00000		 -0.00000
  0.00000		 -0.00000
  0.00000		 -0.00000
  0.00000		 -0.00000
  0.00000		 -0.00000
  0.00000		 -0.00000
  0.00000		 -0.00000
  0.00000		 -0.00000
  0.00000		 -0.00000
  0.00000		 -0.00000
  0.00000		 -0.00000
  0.00000		 -0.00000
 -0.00000		 -0.00000
 -0.00000		 -0.00000
 -0.00000		 -0.00000
 -0.00000		 -0.00000
 -0.00000		 -0.00000
 -0.00000		 -0.00000
 -0.00000		 -0.00000
 -0.00000		 -0.00000
 -0.00000		 -0.00000
 -0.00000		 -0.00000
 -0.00000		 -0.00000
 -0.00000		 -0.00000
 -0.00000		 -0.00000
 -0.00000		  0.00000
 -0.00000		  0.00000
 -0.00000		  0.00000
 -0.00000		  0.00000
 -0.00000		  0.00000
 -0.00000		  0.00000
 -0.00000		  0.00000
 -0.00000		  0.00000
 -0.00000		  0.00000
 -0.00000		  0.00000
 -0.00000		  0.00000
 -0.00000		  0.00000
  0.00000		  0.00000
  0.00000		  0.00000
  0.00000		  0.00000
  0.00000		  0.00000
  0.00000		  0.00000
  0.00000		  0.00000
  0.00000		  0.00000
  0.00000		  0.00000
  0.00000		  0.00000
  0.00000		  0.00000
  0.00000		  0.00000
  0.00000		  0.00000
  0.00000		 -0.00000
  0.00000		 -0.00000
  0.00000		 -0.00000
  0.00000		 -0.00000
  0.00000		 -0.00000
  0.00000		 -0.00000
  0.00000		 -0.00000
  0.00000		 -0.00000
  0.00000		 -0.00000
  0.00000		 -0.00000
  0.00000		 -0.00000
 -0.00000		 -0.00000
 -0.00000		 -0.00000
 -0.00000		 -0.00000
 -0.00000		 -0.00000
 -0.00000		 -0.00000
 -0.00000		 -0.00000
 -0.00000		 -0.00000
 -0.00000		 -0.00000
 -0.00000		 -0.00000
 -0.00000		 -0.00000
 -0.00000		 -0.00000
 -0.00000		  0.00000
 -0.00000		  0.00000
 -0.00000		  0.00000
 -0.00000		  0.00000
 -0.00000		  0.00000
 -0.00000		  0.00000
 -0.00000		  0.00000
 -0.00000		  0.00000
 -0.00000		  0.00000
 -0.00000		  0.00000
 -0.00000		  0.00000
  0.00000		  0.00000
  0.00000		  0.00000
  0.00000		  0.00000
  0.00000		  0.00000
  0.00000		  0.00000
  0.00000		  0.00000
  0.00000		  0.00000
  0.00000		  0.00000
  0.00000		  0.00000
  0.00000		  0.00000
  0.00000		  0.00000
  0.00000		  0.00000
  0.00000		 -0.00000
  0.00000		 -0.00000
  0.00000		 -0.00000
  0.00000		 -0.00000
  0.00000		 -0.00000
  0.00000		 -0.00000
  0.00000		 -0.00000
  0.00000		 -0.00000
  0.00000		 -0.00000
  0.00000		 -0.00000
  0.00000		 -0.00000
  0.00000		 -0.00000
  0.00000		 -0.00000
  0.00000		 -0.00000
  0.00000		 -0.00000
  0.00000		 -0.00000
 -0.00000		 -0.00000
 -0.00000		 -0.00000
 -0.00000		 -0.00000
 -0.00000		 -0.00000
 -0.00000		 -0.00000
 -0.00000		 -0.00000
 -0.00000		 -0.00000
 -0.00000		 -0.00000
 -0.00000		 -0.00000
 -0.00000		 -0.00000
 -0.00000		 -0.00000
 -0.00000		 -0.00000
 -0.00000		 -0.00000
 -0.00000		  0.00000
 -0.00000		  0.00000
 -0.00000		  0.00000
 -0.00000		  0.00000
 -0.00000		  0.00000
 -0.00000		  0.00000
 -0.00000		  0.00000
 -0.00000		  0.00000
 -0.00000		  0.00000
 -0.00000		  0.00000
 -0.00000		  0.00000
  0.00000		  0.00000
  0.00000		  0.00000
  0.00000		  0.00000
  0.00000		  0.00000
  0.00000		  0.00000
  0.00000		  0.00000
  0.00000		  0.00000
  0.00000		  0.00000
  0.00000		  0.00000
  0.00000		  0.00000
  0.00000		  0.00000
  0.00000		 -0.00000
  0.00000		 -0.00000
  0.00000		 -0.00000
  0.00000		 -0.00000
  0.00000		 -0.00000
  0.00000		 -0.00000
  0.00000		 -0.00000
  0.00000		 -0.00000
  0.00000		 -0.00000
  0.00000		 -0.00000
  0.00000		 -0.00000
 -0.00000		 -0.00000
 -0.00000		 -0.00000
 -0.00000		 -0.00000
 -0.00000		 -0.00000
 -0.00000		 -0.00000
 -0.00000		 -0.00000
 -0.00000		 -0.00000
 -0.00000		 -0.00000
 -0.00000		 -0.00000
 -0.00000		 -0.00000
 -0.00000		 -0.00000
 -0.00000		 -0.00000
 -0.00000		  0.00000
 -0.00000		  0.00000
 -0.00000		  0.00000
 -0.00000		  0.00000
 -0.00000		  0.00000
 -0.00000		  0.00000
 -0.00000		  0.00000
 -0.00000		  0.00000
 -0.00000		  0.00000
 -0.00000		  0.00000
 -0.00000		  0.00000
 -0.00000		  0.00000
 -0.00000		  0.00000
  0.00000		  0.00000
  0.00000		  0.00000
  0.00000		  0.00000
  0.00000		  0.00000
  0.00000		  0.00000
  0.00000		  0.00000
  0.00000		  0.00000
  0.00000		  0.00000
  0.00000		  0.00000
  0.00000		  0.00000
  0.00000		  0.00000
  0.00000		  0.00000
  0.00000		  0.00000
  0.00000		  0.00000
  0.00000		 -0.00000
  0.00000		 -0.00000
  0.00000		 -0.00000
  0.00000		 -0.00000
  0.00000		 -0.00000
  0.00000		 -0.00000
  0.00000		 -0.00000
  0.00000		 -0.00000
  0.00000		 -0.00000
  0.00000		 -0.00000
  0.00000		 -0.00000
  0.00000		 -0.00000
  0.00000		 -0.00000
  0.00000		 -0.00000
  0.00000		 -0.00000
 -0.00000		 -0.00000
 -0.00000		 -0.00000
 -0.00000		 -0.00000
 -0.00000		 -0.00000
 -0.00000		 -0.00000
 -0.00000		 -0.00000
 -0.00000		 -0.00000
 -0.00000		 -0.00000
 -0.00000		 -0.00000
 -0.00000		 -0.00000
 -0.00000		 -0.00000
 -0.00000		 -0.00000
 -0.00000		 -0.00000
 -0.00000		  0.00000
 -0.00000		  0.00000
 -0.00000		  0.00000
 -0.00000		  0.00000
 -0.00000		  0.00000
 -0.00000		  0.00000
 -0.00000		  0.00000
 -0.00000		  0.00000
 -0.00000		  0.00000
 -0.00000		  0.00000
 -0.00000		  0.00000
  0.00000		  0.00000
  0.00000		  0.00000
  0.00000		  0.00000
  0.00000		  0.00000
  0.00000		  0.00000
  0.00000		  0.00000
  0.00000		  0.00000
  0.00000		  0.00000
  0.00000		  0.00000
  0.00000		  0.00000
  0.00000		  0.00000
  0.00000		 -0.00000
  0.00000		 -0.00000
  0.00000		 -0.00000
  0.00000		 -0.00000
  0.00000		 -0.00000
  0.00000		 -0.00000
  0.00000		 -0.00000
  0.00000		 -0.00000
  0.00000		 -0.00000
 -0.00000		 -0.00000
 -0.00000		 -0.00000
 -0.00000		 -0.00000
 -0.00000		 -0.00000
 -0.00000		 -0.00000
 -0.00000		 -0.00000
 -0.00000		 -0.00000
 -0.00000		 -0.00000
 -0.00000		 -0.00000
 -0.00000		 -0.00000
 -0.00000		  0.00000
 -0.00000		  0.00000
 -0.00000		  0.00000
 -0.00000		  0.00000
 -0.00000		  0.00000
 -0.00000		  0.00000
 -0.00000		  0.00000
 -0.00000		  0.00000
 -0.00000		  0.00000
  0.00000		  0.00000
  0.00000		  0.00000
  0.00000		  0.00000
  0.00000		  0.00000
  0.00000		  0.00000
  0.00000		  0.00000
  0.00000		  0.00000
  0.00000		  0.00000
  0.00000		 -0.00000
  0.00000		 -0.00000
  0.00000		 -0.00000
  0.00000		 -0.00000
  0.00000		 -0.00000
  0.00000		 -0.00000
  0.00000		 -0.00000
  0.00000		 -0.00000
  0.00000		 -0.00000
 -0.00000		 -0.00000
 -0.00000		 -0.00000
 -0.00000		 -0.00000
 -0.00000		 -0.00000
 -0.00000		 -0.00000
 -0.00000		 -0.00000
 -0.00000		 -0.00000
 -0.00000		  0.00000
 -0.00000		  0.00000
 -0.00000		  0.00000
 -0.00000		  0.00000
 -0.00000		  0.00000
 -0.00000		  0.00000
  0.00000		  0.00000
  0.00000		  0.00000
  0.00000		  0.00000
  0.00000		  0.00000
  0.00000		  0.00000
  0.00000		  0.00000
  0.00000		  0.00000
  0.00000		 -0.00000
  0.00000		 -0.00000
  0.00000		 -0.00000
  0.00000		 -0.00000
  0.00000		 -0.00000
  0.00000		 -0.00000
 -0.00000		 -0.00000
 -0.00000		 -0.00000
 -0.00000		 -0.00000
 -0.00000		 -0.00000
 -0.00000		 -0.00000
 -0.00000		 -0.00000
 -0.00000		 -0.00000
 -0.00000		 -0.00000
 -0.00000		  0.00000
 -0.00000		  0.00000
 -0.00000		  0.00000
 -0.00000		  0.00000
 -0.00000		  0.00000
 -0.00000		  0.00000
 -0.00000		  0.00000
 -0.00000		  0.00000
  0.00000		  0.00000
  0.00000		  0.00000
  0.00000		  0.00000
  0.00000		  0.00000
  0.00000		  0.00000
  0.00000		  0.00000
  0.00000		  0.00000
  0.00000		  0.00000
  0.00000		 -0.00000
  0.00000		 -0.00000
  0.00000		 -0.00000
  0.00000		 -0.00000
  0.00000		 -0.00000
  0.00000		 -0.00000
  0.00000		 -0.00000
  0.00000		 -0.00000
  0.00000		 -0.00000
 -0.00000		 -0.00000
 -0.00000		 -0.00000
 -0.00000		 -0.00000
 -0.00000		 -0.00000
 -0.00000		 -0.00000
 -0.00000		 -0.00000
 -0.00000		 -0.00000
 -0.00000		 -0.00000
 -0.00000		  0.00000
 -0.00000		  0.00000
 -0.00000		  0.00000
 -0.00000		  0.00000
 -0.00000		  0.00000
 -0.00000		  0.00000
 -0.00000		  0.00000
 -0.00000		  0.00000
  0.00000		  0.00000
  0.00000		  0.00000
  0.00000		  0.00000
  0.00000		  0.00000
  0.00000		  0.00000
  0.00000		  0.00000
  0.00000		  0.00000
  0.00000		  0.00000
  0.00000		 -0.00000
  0.00000		 -0.00000
  0.00000		 -0.00000
  0.00000		 -0.00000
  0.00000		 -0.00000
  0.00000		 -0.00000
 -0.00000		 -0.00000
 -0.00000		 -0.00000
 -0.00000		 -0.00000
 -0.00000		 -0.00000
 -0.00000		 -0.00000
 -0.00000		  0.00000
 -0.00000		  0.00000
 -0.00000		  0.00000
 -0.00000		  0.00000
 -0.00000		  0.00000
 -0.00000		  0.00000
  0.00000		  0.00000
  0.00000		  0.00000
  0.00000		  0.00000
  0.00000		  0.00000
  0.00000		  0.00000
  0.00000		  0.00000
  0.00000		  0.00000
  0.00000		  0.00000
  0.00000		 -0.00000
  0.00000		 -0.00000
  0.00000		 -0.00000
  0.00000		 -0.00000
  0.00000		 -0.00000
  0.00000		 -0.00000
  0.00000		 -0.00000
  0.00000		 -0.00000
  0.00000		 -0.00000
 -0.00000		 -0.00000
 -0.00000		 -0.00000
 -0.00000		 -0.00000
 -0.00000		 -0.00000
 -0.00000		 -0.00000
 -0.00000		 -0.00000
 -0.00000		 -0.00000
 -0.00000		 -0.00000
 -0.00000		 -0.00000
 -0.00000		  0.00000
 -0.00000		  0.00000
 -0.00000		  0.00000
 -0.00000		  0.00000
 -0.00000		  0.00000
 -0.00000		  0.00000
 -0.00000		  0.00000
 -0.00000		  0.00000
 -0.00000		  0.00000
 -0.00000		  0.00000
 -0.00000		  0.00000
 -0.00000		  0.00000
  0.00000		  0.00000
  0.00000		  0.00000
  0.00000		  0.00000
  0.00000		  0.00000
  0.00000		  0.00000
  0.00000		  0.00000
  0.00000		  0.00000
  0.00000		  0.00000
  0.00000		  0.00000
  0.00000		  0.00000
  0.00000		  0.00000
  0.00000		  0.00000
  0.00000		  0.00000
  0.00000		  0.00000
  0.00000		 -0.00000
  0.00000		 -0.00000
  0.00000		 -0.00000
  0.00000		 -0.00000
  0.00000		 -0.00000
  0.00000		 -0.00000
  0.00000		 -0.00000
  0.00000		 -0.00000
  0.00000		 -0.00000
  0.00000		 -0.00000
  0.00000		 -0.00000
 -0.00000		 -0.00000
 -0.00000		 -0.00000
 -0.00000		 -0.00000
 -0.00000		 -0.00000
 -0.00000		 -0.00000
 -0.00000		 -0.00000
 -0.00000		 -0.00000
 -0.00000		 -0.00000
 -0.00000		 -0.00000
 -0.00000		 -0.00000
 -0.00000		  0.00000
 -0.00000		  0.00000
 -0.00000		  0.00000
 -0.00000		  0.00000
 -0.00000		  0.00000
 -0.00000		  0.00000
 -0.00000		  0.00000
 -0.00000		  0.00000
 -0.00000		  0.00000
  0.00000		  0.00000
  0.00000		  0.00000
  0.00000		  0.00000
  0.00000		  0.00000
  0.00000		  0.00000
  0.00000		  0.00000
  0.00000		  0.00000
  0.00000		  0.00000
  0.00000		 -0.00000
  0.00000		 -0.00000
  0.00000		 -0.00000
  0.00000		 -0.00000
  0.00000		 -0.00000
  0.00000		 -0.00000
  0.00000		 -0.00000
  0.00000		 -0.00000
 -0.00000		 -0.00000
 -0.00000		 -0.00000
 -0.00000		 -0.00000
 -0.00000		 -0.00000
 -0.00000		 -0.00000
 -0.00000		 -0.00000
 -0.00000		 -0.00000
 -0.00000		  0.00000
 -0.00000		  0.00000
 -0.00000		  0.00000
 -0.00000		  0.00000
 -0.00000		  0.00000
 -0.00000		  0.00000
  0.00000		  0.00000
  0.00000		  0.00000
  0.00000		  0.00000
  0.00000		  0.00000
  0.00000		  0.00000
  0.00000		  0.00000
  0.00000		 -0.00000
  0.00000		 -0.00000
  0.00000		 -0.00000
  0.00000		 -0.00000
  0.00000		 -0.00000
  0.00000		 -0.00000
 -0.00000		 -0.00000
 -0.00000		 -0.00000
 -0.00000		 -0.00000
 -0.00000		 -0.00000
 -0.00000		 -0.00000
 -0.00000		 -0.00000
 -0.00000		 -0.00000
 -0.00000		  0.00000
 -0.00000		  0.00000
 -0.00000		  0.00000
 -0.00000		  0.00000
 -0.00000		  0.00000
 -0.00000		  0.00000
 -0.00000		  0.00000
  0.00000		  0.00000
  0.00000		  0.00000
  0.00000		  0.00000
  0.00000		  0.00000
  0.00000		  0.00000
  0.00000		  0.00000
  0.00000		  0.00000
  0.00000		 -0.00000
  0.00000		 -0.00000
  0.00000		 -0.00000
  0.00000		 -0.00000
  0.00000		 -0.00000
  0.00000		 -0.00000
 -0.00000		 -0.00000
 -0.00000		 -0.00000
 -0.00000		 -0.00000
 -0.00000		 -0.00000
 -0.00000		 -0.00000
 -0.00000		 -0.00000
 -0.00000		 -0.00000
 -0.00000		  0.00000
 -0.00000		  0.00000
 -0.00000		  0.00000
 -0.00000		  0.00000
 -0.00000		  0.00000
 -0.00000		  0.00000
 -0.00000		  0.00000
 -0.00000		  0.00000
  0.00000		  0.00000
  0.00000		  0.00000
  0.00000		  0.00000
  0.00000		  0.00000
  0.00000		  0.00000
  0.00000		  0.00000
  0.00000		  0.00000
  0.00000		  0.00000
  0.00000		  0.00000
  0.00000		 -0.00000
  0.00000		 -0.00000
  0.00000		 -0.00000
  0.00000		 -0.00000
  0.00000		 -0.00000
  0.00000		 -0.00000
  0.00000		 -0.00000
  0.00000		 -0.00000
  0.00000		 -0.00000
  0.00000		 -0.00000
 -0.00000		 -0.00000
 -0.00000		 -0.00000
 -0.00000		 -0.00000
 -0.00000		 -0.00000
 -0.00000		 -0.00000
 -0.00000		 -0.00000
 -0.00000		 -0.00000
 -0.00000		 -0.00000
 -0.00000		 -0.00000
 -0.00000		 -0.00000
 -0.00000		  0.00000
 -0.00000		  0.00000
 -0.00000		  0.00000
 -0.00000		  0.00000
 -0.00000		  0.00000
 -0.00000		  0.00000
 -0.00000		  0.00000
 -0.00000		  0.00000
 -0.00000		  0.00000
 -0.00000		  0.00000
 -0.00000		  0.00000
  0.00000		  0.00000
  0.00000		  0.00000
  0.00000		  0.00000
  0.00000		  0.00000
  0.00000		  0.00000
  0.00000		  0.00000
  0.00000		  0.00000
  0.00000		  0.00000
  0.00000		  0.00000
  0.00000		  0.00000
  0.00000		  0.00000
  0.00000		 -0.00000
  0.00000		 -0.00000
  0.00000		 -0.00000
  0.00000		 -0.00000
  0.00000		 -0.00000
  0.00000		 -0.00000
  0.00000		 -0.00000
  0.00000		 -0.00000
  0.00000		 -0.00000
  0.00000		 -0.00000
  0.00000		 -0.00000
 -0.00000		 -0.00000
 -0.00000		 -0.00000
 -0.00000		 -0.00000
 -0.00000		 -0.00000
 -0.00000		 -0.00000
 -0.00000		 -0.00000
 -0.00000		 -0.00000
 -0.00000		 -0.00000
 -0.00000		 -0.00000
 -0.00000		 -0.00000
 -0.00000		  0.00000
 -0.00000		  0.00000
 -0.00000		  0.00000
 -0.00000		  0.00000
 -0.00000		  0.00000
 -0.00000		  0.00000
 -0.00000		  0.00000
 -0.00000		  0.00000
 -0.00000		  0.00000
 -0.00000		  0.00000
 -0.00000		  0.00000
 -0.00000		  0.00000
  0.00000		  0.00000
  0.00000		  0.00000
  0.00000		  0.00000
  0.00000		  0.00000
  0.00000		  0.00000
  0.00000		  0.00000
  0.00000		  0.00000
  0.00000		  0.00000
  0.00000		  0.00000
  0.00000		  0.00000
  0.00000		  0.00000
  0.00000		  0.00000
  0.00000		 -0.00000
  0.00000		 -0.00000
  0.00000		 -0.00000
  0.00000		 -0.00000
  0.00000		 -0.00000
  0.00000		 -0.00000
  0.00000		 -0.00000
  0.00000		 -0.00000
  0.00000		 -0.00000
  0.00000		 -0.00000
  0.00000		 -0.00000
  0.00000		 -0.00000
 -0.00000		 -0.00000
 -0.00000		 -0.00000
 -0.00000		 -0.00000
 -0.00000		 -0.00000
 -0.00000		 -0.00000
 -0.00000		 -0.00000
 -0.00000		 -0.00000
 -0.00000		 -0.00000
 -0.00000		 -0.00000
 -0.00000		 -0.00000
 -0.00000		 -0.00000
 -0.00000		  0.00000
 -0.00000		  0.00000
 -0.00000		  0.00000
 -0.00000		  0.00000
 -0.00000		  0.00000
 -0.00000		  0.00000
 -0.00000		  0.00000
 -0.00000		  0.00000
 -0.00000		  0.00000
 -0.00000		  0.00000
  0.00000		  0.00000
  0.00000		  0.00000
  0.00000		  0.00000
  0.00000		  0.00000
  0.00000		  0.00000
  0.00000		  0.00000
  0.00000		  0.00000
  0.00000		  0.00000
  0.00000		  0.00000
  0.00000		  0.00000
  0.00000		 -0.00000
  0.00000		 -0.00000
  0.00000		 -0.00000
  0.00000		 -0.00000
  0.00000		 -0.00000
  0.00000		 -0.00000
  0.00000		 -0.00000
  0.00000		 -0.00000
  0.00000		 -0.00000
  0.00000		 -0.00000
 -0.00000		 -0.00000
 -0.00000		 -0.00000
 -0.00000		 -0.00000
 -0.00000		 -0.00000
 -0.00000		 -0.00000
 -0.00000		 -0.00000
 -0.00000		 -0.00000
 -0.00000		 -0.00000
 -0.00000		 -0.00000
 -0.00000		  0.00000
 -0.00000		  0.00000
 -0.00000		  0.00000
 -0.00000		  0.00000
 -0.00000		  0.00000
 -0.00000		  0.00000
 -0.00000		  0.00000
 -0.00000		  0.00000
 -0.00000		  0.00000
 -0.00000		  0.00000
  0.00000		  0.00000
  0.00000		  0.00000
  0.00000		  0.00000
  0.00000		  0.00000
  0.00000		  0.00000
  0.00000		  0.00000
  0.00000		  0.00000
  0.00000		  0.00000
  0.00000		  0.00000
  0.00000		  0.00000
  0.00000		  0.00000
  0.00000		 -0.00000
  0.00000		 -0.00000
  0.00000		 -0.00000
  0.00000		 -0.00000
  0.00000		 -0.00000
  0.00000		 -0.00000
  0.00000		 -0.00000
  0.00000		 -0.00000
  0.00000		 -0.00000
  0.00000		 -0.00000
 -0.00000		 -0.00000
 -0.00000		 -0.00000
 -0.00000		 -0.00000
 -0.00000		 -0.00000
 -0.00000		 -0.00000
 -0.00000		 -0.00000
 -0.00000		 -0.00000
 -0.00000		 -0.00000
 -0.00000		 -0.00000
 -0.00000		 -0.00000
 -0.00000		  0.00000
 -0.00000		  0.00000
 -0.00000		  0.00000
 -0.00000		  0.00000
 -0.00000		  0.00000
 -0.00000		  0.00000
 -0.00000		  0.00000
 -0.00000		  0.00000
 -0.00000		  0.00000
 -0.00000		  0.00000
  0.00000		  0.00000
  0.00000		  0.00000
  0.00000		  0.00000
  0.00000		  0.00000
  0.00000		  0.00000
  0.00000		  0.00000
  0.00000		  0.00000
  0.00000		  0.00000
  0.00000		  0.00000
  0.00000		  0.00000
  0.00000		 -0.00000
  0.00000		 -0.00000
  0.00000		 -0.00000
  0.00000		 -0.00000
  0.00000		 -0.00000
  0.00000		 -0.00000
  0.00000		 -0.00000
  0.00000		 -0.00000
  0.00000		 -0.00000
  0.00000		 -0.00000
 -0.00000		 -0.00000
 -0.00000		 -0.00000
 -0.00000		 -0.00000
 -0.00000		 -0.00000
 -0.00000		 -0.00000
 -0.00000		 -0.00000
 -0.00000		 -0.00000
 -0.00000		 -0.00000
 -0.00000		 -0.00000
 -0.00000		 -0.00000
 -0.00000		  0.00000
 -0.00000		  0.00000
 -0.00000		  0.00000
 -0.00000		  0.00000
 -0.00000		  0.00000
 -0.00000		  0.00000
 -0.00000		  0.00000
 -0.00000		  0.00000
 -0.00000		  0.00000
 -0.00000		  0.00000
 -0.00000		  0.00000
 -0.00000		  0.00000
 -0.00000		  0.00000
  0.00000		  0.00000
  0.00000		  0.00000
  0.00000		  0.00000
  0.00000		  0.00000
  0.00000		  0.00000
  0.00000		  0.00000
  0.00000		  0.00000
  0.00000		  0.00000
  0.00000		  0.00000
  0.00000		  0.00000
  0.00000		  0.00000
  0.00000		  0.00000
  0.00000		  0.00000
  0.00000		  0.00000
  0.00000		  0.00000
  0.00000		  0.00000
  0.00000		  0.00000
  0.00000		  0.00000
  0.00000		  0.00000
  0.00000		  0.00000
  0.00000		  0.00000
  0.00000		  0.00000
  0.00000		 -0.00000
  0.00000		 -0.00000
  0.00000		 -0.00000
  0.00000		 -0.00000
  0.00000		 -0.00000
  0.00000		 -0.00000
  0.00000		 -0.00000
  0.00000		 -0.00000
  0.00000		 -0.00000
  0.00000		 -0.00000
 -0.00000		 -0.00000
 -0.00000		 -0.00000
 -0.00000		 -0.00000
 -0.00000		 -0.00000
 -0.00000		 -0.00000
 -0.00000		 -0.00000
 -0.00000		 -0.00000
 -0.00000		 -0.00000
 -0.00000		 -0.00000
 -0.00000		 -0.00000
 -0.00000		  0.00000
 -0.00000		  0.00000
 -0.00000		  0.00000
 -0.00000		  0.00000
 -0.00000		  0.00000
 -0.00000		  0.00000
 -0.00000		  0.00000
 -0.00000		  0.00000
 -0.00000		  0.00000
 -0.00000		  0.00000
  0.00000		  0.00000
  0.00000		  0.00000
  0.00000		  0.00000
  0.00000		  0.00000
  0.00000		  0.00000
  0.00000		  0.00000
  0.00000		  0.00000
  0.00000		  0.00000
  0.00000		  0.00000
  0.00000		  0.00000
  0.00000		 -0.00000
  0.00000		 -0.00000
  0.00000		 -0.00000
  0.00000		 -0.00000
  0.00000		 -0.00000
  0.00000		 -0.00000
  0.00000		 -0.00000
  0.00000		 -0.00000
  0.00000		 -0.00000
 -0.00000		 -0.00000
 -0.00000		 -0.00000
 -0.00000		 -0.00000
 -0.00000		 -0.00000
 -0.00000		 -0.00000
 -0.00000		 -0.00000
 -0.00000		 -0.00000
 -0.00000		 -0.00000
 -0.00000		 -0.00000
 -0.00000		 -0.00000
 -0.00000		  0.00000
 -0.00000		  0.00000
 -0.00000		  0.00000
 -0.00000		  0.00000
 -0.00000		  0.00000
 -0.00000		  0.00000
 -0.00000		  0.00000
 -0.00000		  0.00000
 -0.00000		  0.00000
  0.00000		  0.00000
  0.00000		  0.00000
  0.00000		  0.00000
  0.00000		  0.00000
  0.00000		  0.00000
  0.00000		  0.00000
  0.00000		  0.00000
  0.00000		  0.00000
  0.00000		  0.00000
  0.00000		 -0.00000
  0.00000		 -0.00000
  0.00000		 -0.00000
  0.00000		 -0.00000
  0.00000		 -0.00000
 -0.00000		 -0.00000
 -0.00000		 -0.00000
 -0.00000		  0.00000
 -0.00000		  0.00000
 -0.00000		  0.00000
 -0.00000		  0.00000
 -0.00000		  0.00000
 -0.00000		  0.00000
  0.00000		  0.00000
  0.00000		  0.00000
  0.00000		  0.00000
  0.00000		  0.00000
  0.00000		  0.00000
  0.00000		  0.00000
  0.00000		  0.00000
  0.00000		  0.00000
  0.00000		  0.00000
  0.00000		  0.00000
  0.00000		  0.00000
  0.00000		 -0.00000
  0.00000		 -0.00000
  0.00000		 -0.00000
  0.00000		 -0.00000
  0.00000		 -0.00000
  0.00000		 -0.00000
  0.00000		 -0.00000
  0.00000		 -0.00000
  0.00000		 -0.00000
  0.00000		 -0.00000
  0.00000		 -0.00000
 -0.00000		 -0.00000
 -0.00000		 -0.00000
 -0.00000		 -0.00000
 -0.00000		 -0.00000
 -0.00000		 -0.00000
 -0.00000		 -0.00000
 -0.00000		 -0.00000
 -0.00000		 -0.00000
 -0.00000		 -0.00000
 -0.00000		 -0.00000
 -0.00000		 -0.00000
 -0.00000		  0.00000
 -0.00000		  0.00000
 -0.00000		  0.00000
 -0.00000		  0.00000
 -0.00000		  0.00000
 -0.00000		  0.00000
 -0.00000		  0.00000
 -0.00000		  0.00000
 -0.00000		  0.00000
 -0.00000		  0.00000
  0.00000		  0.00000
  0.00000		  0.00000
  0.00000		  0.00000
  0.00000		  0.00000
  0.00000		  0.00000
  0.00000		  0.00000
  0.00000		  0.00000
  0.00000		  0.00000
  0.00000		  0.00000
  0.00000		 -0.00000
  0.00000		 -0.00000
  0.00000		 -0.00000
  0.00000		 -0.00000
  0.00000		 -0.00000
  0.00000		 -0.00000
  0.00000		 -0.00000
  0.00000		 -0.00000
  0.00000		 -0.00000
 -0.00000		 -0.00000
 -0.00000		 -0.00000
 -0.00000		 -0.00000
 -0.00000		 -0.00000
 -0.00000		 -0.00000
 -0.00000		 -0.00000
 -0.00000		 -0.00000
 -0.00000		 -0.00000
 -0.00000		  0.00000
 -0.00000		  0.00000
 -0.00000		  0.00000
 -0.00000		  0.00000
 -0.00000		  0.00000
 -0.00000		  0.00000
 -0.00000		  0.00000
 -0.00000		  0.00000
  0.00000		  0.00000
  0.00000		  0.00000
  0.00000		  0.00000
  0.00000		  0.00000
  0.00000		  0.00000
  0.00000		  0.00000
  0.00000		  0.00000
  0.00000		  0.00000
  0.00000		 -0.00000
  0.00000		 -0.00000
  0.00000		 -0.00000
  0.00000		 -0.00000
  0.00000		 -0.00000
  0.00000		 -0.00000
  0.00000		 -0.00000
  0.00000		 -0.00000
 -0.00000		 -0.00000
 -0.00000		 -0.00000
 -0.00000		 -0.00000
 -0.00000		 -0.00000
 -0.00000		 -0.00000
 -0.00000		 -0.00000
 -0.00000		  0.00000
 -0.00000		  0.00000
 -0.00000		  0.00000
 -0.00000		  0.00000
 -0.00000		  0.00000
 -0.00000		  0.00000
 -0.00000		  0.00000
  0.00000		  0.00000
  0.00000		  0.00000
  0.00000		  0.00000
  0.00000		  0.00000
  0.00000		  0.00000
  0.00000		  0.00000
  0.00000		  0.00000
  0.00000		 -0.00000
  0.00000		 -0.00000
  0.00000		 -0.00000
  0.00000		 -0.00000
  0.00000		 -0.00000
  0.00000		 -0.00000
  0.00000		 -0.00000
 -0.00000		 -0.00000
 -0.00000		 -0.00000
 -0.00000		 -0.00000
 -0.00000		 -0.00000
 -0.00000		 -0.00000
 -0.00000		 -0.00000
 -0.00000		 -0.00000
 -0.00000		 -0.00000
 -0.00000		 -0.00000
 -0.00000		  0.00000
 -0.00000		  0.00000
 -0.00000		  0.00000
 -0.00000		  0.00000
 -0.00000		  0.00000
 -0.00000		  0.00000
 -0.00000		  0.00000
 -0.00000		  0.00000
 -0.00000		  0.00000
  0.00000		  0.00000
  0.00000		  0.00000
  0.00000		  0.00000
  0.00000		  0.00000
  0.00000		  0.00000
  0.00000		  0.00000
  0.00000		  0.00000
  0.00000		  0.00000
  0.00000		  0.00000
  0.00000		  0.00000
  0.00000		 -0.00000
  0.00000		 -0.00000
  0.00000		 -0.00000
  0.00000		 -0.00000
  0.00000		 -0.00000
  0.00000		 -0.00000
  0.00000		 -0.00000
  0.00000		 -0.00000
  0.00000		 -0.00000
  0.00000		 -0.00000
 -0.00000		 -0.00000
 -0.00000		 -0.00000
 -0.00000		 -0.00000
 -0.00000		 -0.00000
 -0.00000		 -0.00000
 -0.00000		 -0.00000
 -0.00000		 -0.00000
 -0.00000		 -0.00000
 -0.00000		 -0.00000
 -0.00000		 -0.00000
 -0.00000		 -0.00000
 -0.00000		 -0.00000
 -0.00000		  0.00000
 -0.00000		  0.00000
 -0.00000		  0.00000
 -0.00000		  0.00000
 -0.00000		  0.00000
 -0.00000		  0.00000
 -0.00000		  0.00000
 -0.00000		  0.00000
 -0.00000		  0.00000
 -0.00000		  0.00000
 -0.00000		  0.00000
 -0.00000		  0.00000
 -0.00000		  0.00000
  0.00000		  0.00000
  0.00000		  0.00000
  0.00000		  0.00000
  0.00000		  0.00000
  0.00000		  0.00000
  0.00000		  0.00000
  0.00000		  0.00000
  0.00000		  0.00000
  0.00000		  0.00000
  0.00000		  0.00000
  0.00000		  0.00000
  0.00000		  0.00000
  0.00000		 -0.00000
  0.00000		 -0.00000
  0.00000		 -0.00000
  0.00000		 -0.00000
  0.00000		 -0.00000
  0.00000		 -0.00000
  0.00000		 -0.00000
  0.00000		 -0.00000
  0.00000		 -0.00000
  0.00000		 -0.00000
  0.00000		 -0.00000
 -0.00000		 -0.00000
 -0.00000		 -0.00000
 -0.00000		 -0.00000
 -0.00000		 -0.00000
 -0.00000		 -0.00000
 -0.00000		 -0.00000
 -0.00000		 -0.00000
 -0.00000		 -0.00000
 -0.00000		 -0.00000
 -0.00000		 -0.00000
 -0.00000		 -0.00000
 -0.00000		  0.00000
 -0.00000		  0.00000
 -0.00000		  0.00000
 -0.00000		  0.00000
 -0.00000		  0.00000
 -0.00000		  0.00000
 -0.00000		  0.00000
 -0.00000		  0.00000
 -0.00000		  0.00000
 -0.00000		  0.00000
 -0.00000		  0.00000
  0.00000		  0.00000
  0.00000		  0.00000
  0.00000		  0.00000
  0.00000		  0.00000
  0.00000		  0.00000
  0.00000		  0.00000
  0.00000		  0.00000
  0.00000		  0.00000
  0.00000		  0.00000
  0.00000		  0.00000
  0.00000		  0.00000
  0.00000		  0.00000
  0.00000		 -0.00000
  0.00000		 -0.00000
  0.00000		 -0.00000
  0.00000		 -0.00000
  0.00000		 -0.00000
  0.00000		 -0.00000
  0.00000		 -0.00000
  0.00000		 -0.00000
  0.00000		 -0.00000
  0.00000		 -0.00000
  0.00000		 -0.00000
 -0.00000		 -0.00000
 -0.00000		 -0.00000
 -0.00000		 -0.00000
 -0.00000		 -0.00000
 -0.00000		 -0.00000
 -0.00000		 -0.00000
 -0.00000		 -0.00000
 -0.00000		 -0.00000
 -0.00000		 -0.00000
 -0.00000		 -0.00000
 -0.00000		 -0.00000
 -0.00000		 -0.00000
 -0.00000		  0.00000
 -0.00000		  0.00000
 -0.00000		  0.00000
 -0.00000		  0.00000
 -0.00000		  0.00000
 -0.00000		  0.00000
 -0.00000		  0.00000
 -0.00000		  0.00000
 -0.00000		  0.00000
 -0.00000		  0.00000
  0.00000		  0.00000
  0.00000		  0.00000
  0.00000		  0.00000
  0.00000		  0.00000
  0.00000		  0.00000
  0.00000		  0.00000
  0.00000		  0.00000
  0.00000		  0.00000
  0.00000		  0.00000
  0.00000		  0.00000
  0.00000		 -0.00000
  0.00000		 -0.00000
  0.00000		 -0.00000
  0.00000		 -0.00000
  0.00000		 -0.00000
  0.00000		 -0.00000
  0.00000		 -0.00000
  0.00000		 -0.00000
  0.00000		 -0.00000
 -0.00000		 -0.00000
 -0.00000		 -0.00000
 -0.00000		 -0.00000
 -0.00000		 -0.00000
 -0.00000		 -0.00000
 -0.00000		 -0.00000
 -0.00000		 -0.00000
 -0.00000		 -0.00000
 -0.00000		  0.00000
 -0.00000		  0.00000
 -0.00000		  0.00000
 -0.00000		  0.00000
 -0.00000		  0.00000
 -0.00000		  0.00000
 -0.00000		  0.00000
 -0.00000		  0.00000
  0.00000		  0.00000
  0.00000		  0.00000
  0.00000		  0.00000
  0.00000		  0.00000
  0.00000		  0.00000
  0.00000		  0.00000
  0.00000		  0.00000
  0.00000		 -0.00000
  0.00000		 -0.00000
  0.00000		 -0.00000
  0.00000		 -0.00000
  0.00000		 -0.00000
  0.00000		 -0.00000
  0.00000		 -0.00000
  0.00000		 -0.00000
 -0.00000		 -0.00000
 -0.00000		 -0.00000
 -0.00000		 -0.00000
 -0.00000		 -0.00000
 -0.00000		 -0.00000
 -0.00000		 -0.00000
 -0.00000		 -0.00000
 -0.00000		 -0.00000
 -0.00000		 -0.00000
 -0.00000		 -0.00000
 -0.00000		  0.00000
 -0.00000		  0.00000
 -0.00000		  0.00000
 -0.00000		  0.00000
 -0.00000		  0.00000
 -0.00000		  0.00000
 -0.00000		  0.00000
 -0.00000		  0.00000
 -0.00000		  0.00000
 -0.00000		  0.00000
 -0.00000		  0.00000
  0.00000		  0.00000
  0.00000		  0.00000
  0.00000		  0.00000
  0.00000		  0.00000
  0.00000		  0.00000
  0.00000		  0.00000
  0.00000		  0.00000
  0.00000		  0.00000
  0.00000		  0.00000
  0.00000		  0.00000
  0.00000		  0.00000
  0.00000		 -0.00000
  0.00000		 -0.00000
  0.00000		 -0.00000
  0.00000		 -0.00000
  0.00000		 -0.00000
  0.00000		 -0.00000
  0.00000		 -0.00000
  0.00000		 -0.00000
  0.00000		 -0.00000
  0.00000		 -0.00000
 -0.00000		 -0.00000
 -0.00000		 -0.00000
 -0.00000		 -0.00000
 -0.00000		 -0.00000
 -0.00000		 -0.00000
 -0.00000		 -0.00000
 -0.00000		 -0.00000
 -0.00000		 -0.00000
 -0.00000		 -0.00000
 -0.00000		 -0.00000
 -0.00000		 -0.00000
 -0.00000		  0.00000
 -0.00000		  0.00000
 -0.00000		  0.00000
 -0.00000		  0.00000
 -0.00000		  0.00000
 -0.00000		  0.00000
 -0.00000		  0.00000
 -0.00000		  0.00000
 -0.00000		  0.00000
 -0.00000		  0.00000
 -0.00000		  0.00000
  0.00000		  0.00000
  0.00000		  0.00000
  0.00000		  0.00000
  0.00000		  0.00000
  0.00000		  0.00000
  0.00000		  0.00000
  0.00000		  0.00000
  0.00000		  0.00000
  0.00000		  0.00000
  0.00000		  0.00000
  0.00000		 -0.00000
  0.00000		 -0.00000
  0.00000		 -0.00000
  0.00000		 -0.00000
  0.00000		 -0.00000
  0.00000		 -0.00000
  0.00000		 -0.00000
  0.00000		 -0.00000
 -0.00000		 -0.00000
 -0.00000		 -0.00000
 -0.00000		 -0.00000
 -0.00000		 -0.00000
 -0.00000		 -0.00000
 -0.00000		 -0.00000
 -0.00000		 -0.00000
 -0.00000		 -0.00000
 -0.00000		 -0.00000
 -0.00000		  0.00000
 -0.00000		  0.00000
 -0.00000		  0.00000
 -0.00000		  0.00000
 -0.00000		  0.00000
 -0.00000		  0.00000
 -0.00000		  0.00000
 -0.00000		  0.00000
 -0.00000		  0.00000
 -0.00000		  0.00000
  0.00000		  0.00000
  0.00000		  0.00000
  0.00000		  0.00000
  0.00000		  0.00000
  0.00000		  0.00000
  0.00000		  0.00000
  0.00000		  0.00000
  0.00000		  0.00000
  0.00000		  0.00000
  0.00000		 -0.00000
  0.00000		 -0.00000
  0.00000		 -0.00000
  0.00000		 -0.00000
  0.00000		 -0.00000
  0.00000		 -0.00000
  0.00000		 -0.00000
  0.00000		 -0.00000
  0.00000		 -0.00000
 -0.00000		 -0.00000
 -0.00000		 -0.00000
 -0.00000		 -0.00000
 -0.00000		 -0.00000
 -0.00000		 -0.00000
 -0.00000		 -0.00000
 -0.00000		 -0.00000
 -0.00000		 -0.00000
 -0.00000		 -0.00000
 -0.00000		 -0.00000
 -0.00000		 -0.00000
 -0.00000		 -0.00000
 -0.00000		  0.00000
 -0.00000		  0.00000
 -0.00000		  0.00000
 -0.00000		  0.00000
 -0.00000		  0.00000
 -0.00000		  0.00000
 -0.00000		  0.00000
 -0.00000		  0.00000
 -0.00000		  0.00000
 -0.00000		  0.00000
 -0.00000		  0.00000
 -0.00000		  0.00000
 -0.00000		  0.00000
 -0.00000		  0.00000
 -0.00000		  0.00000
  0.00000		  0.00000
  0.00000		  0.00000
  0.00000		  0.00000
  0.00000		  0.00000
  0.00000		  0.00000
  0.00000		  0.00000
  0.00000		  0.00000
  0.00000		  0.00000
  0.00000		  0.00000
  0.00000		  0.00000
  0.00000		  0.00000
  0.00000		  0.00000
  0.00000		  0.00000
  0.00000		 -0.00000
  0.00000		 -0.00000
  0.00000		 -0.00000
  0.00000		 -0.00000
  0.00000		 -0.00000
  0.00000		 -0.00000
  0.00000		 -0.00000
  0.00000		 -0.00000
  0.00000		 -0.00000
  0.00000		 -0.00000
  0.00000		 -0.00000
 -0.00000		 -0.00000
 -0.00000		 -0.00000
 -0.00000		 -0.00000
 -0.00000		 -0.00000
 -0.00000		 -0.00000
 -0.00000		 -0.00000
 -0.00000		 -0.00000
 -0.00000		 -0.00000
 -0.00000		 -0.00000
 -0.00000		 -0.00000
 -0.00000		 -0.00000
 -0.00000		  0.00000
 -0.00000		  0.00000
 -0.00000		  0.00000
 -0.00000		  0.00000
 -0.00000		  0.00000
 -0.00000		  0.00000
 -0.00000		  0.00000
 -0.00000		  0.00000
 -0.00000		  0.00000
 -0.00000		  0.00000
 -0.00000		  0.00000
  0.00000		  0.00000
  0.00000		  0.00000
  0.00000		  0.00000
  0.00000		  0.00000
  0.00000		  0.00000
  0.00000		  0.00000
  0.00000		  0.00000
  0.00000		  0.00000
  0.00000		  0.00000
  0.00000		  0.00000
  0.00000		 -0.00000
  0.00000		 -0.00000
  0.00000		 -0.00000
  0.00000		 -0.00000
  0.00000		 -0.00000
  0.00000		 -0.00000
  0.00000		 -0.00000
  0.00000		 -0.00000
  0.00000		 -0.00000
  0.00000		 -0.00000
  0.00000		 -0.00000
 -0.00000		 -0.00000
 -0.00000		 -0.00000
 -0.00000		 -0.00000
 -0.00000		 -0.00000
 -0.00000		 -0.00000
 -0.00000		 -0.00000
 -0.00000		 -0.00000
 -0.00000		 -0.00000
 -0.00000		 -0.00000
 -0.00000		 -0.00000
 -0.00000		 -0.00000
 -0.00000		 -0.00000
 -0.00000		  0.00000
 -0.00000		  0.00000
 -0.00000		  0.00000
 -0.00000		  0.00000
 -0.00000		  0.00000
 -0.00000		 -0.00000
 -0.00000		 -0.00000
 -0.00000		 -0.00000
 -0.00000		 -0.00000
 -0.00000		 -0.00000
 -0.00000		 -0.00000
 -0.00000		 -0.00000
 -0.00000		 -0.00000
 -0.00000		  0.00000
 -0.00000		  0.00000
 -0.00000		  0.00000
 -0.00000		  0.00000
 -0.00000		  0.00000
 -0.00000		  0.00000
 -0.00000		  0.00000
 -0.00000		  0.00000
 -0.00000		  0.00000
 -0.00000		  0.00000
 -0.00000		  0.00000
 -0.00000		  0.00000
  0.00000		  0.00000
  0.00000		  0.00000
  0.00000		  0.00000
  0.00000		  0.00000
  0.00000		  0.00000
  0.00000		  0.00000
  0.00000		  0.00000
  0.00000		  0.00000
  0.00000		  0.00000
  0.00000		  0.00000
  0.00000		 -0.00000
  0.00000		 -0.00000
  0.00000		 -0.00000
  0.00000		 -0.00000
  0.00000		 -0.00000
  0.00000		 -0.00000
  0.00000		 -0.00000
