  0.02914		  0.00080
  0.05787		 -0.01333
  0.05259		 -0.02790
  0.04273		 -0.04030
  0.02927		 -0.04887
  0.01382		 -0.05245
 -0.00162		 -0.05058
 -0.01503		 -0.04362
 -0.02461		 -0.03270
 -0.02913		 -0.01961
 -0.02816		 -0.00648
 -0.02216		  0.00453
 -0.01239		  0.01160
 -0.00078		  0.01351
  0.01042		  0.00993
  0.01900		  0.00145
  0.02310		 -0.01050
  0.02160		 -0.02383
  0.01424		 -0.03618
  0.00178		 -0.04522
 -0.01421		 -0.04909
 -0.03147		 -0.04665
 -0.04752		 -0.03774
 -0.05993		 -0.02316
 -0.06673		 -0.00459
 -0.06678		  0.01563
 -0.05987		  0.03493
 -0.04680		  0.05081
 -0.02923		  0.06127
 -0.00946		  0.06510
  0.00993		  0.06203
  0.02651		  0.05277
  0.03830		  0.03892
  0.04407		  0.02264
  0.04356		  0.00636
  0.03741		 -0.00761
  0.02709		 -0.01743
  0.01461		 -0.02199
  0.00221		 -0.02104
 -0.00799		 -0.01523
 -0.01435		 -0.00594
 -0.01591		  0.00493
 -0.01253		  0.01534
 -0.00490		  0.02336
  0.00565		  0.02753
  0.01733		  0.02704
  0.02820		  0.02187
  0.03655		  0.01274
  0.04105		  0.00093
  0.04104		 -0.01186
  0.03653		 -0.02388
  0.02823		 -0.03355
  0.01736		 -0.03970
  0.00543		 -0.04177
 -0.00598		 -0.03982
 -0.01551		 -0.03451
 -0.02220		 -0.02690
 -0.02561		 -0.01831
 -0.02586		 -0.01007
 -0.02356		 -0.00325
 -0.01964		  0.00144
 -0.01522		  0.00376
 -0.01130		  0.00395
 -0.00868		  0.00263
 -0.00775		  0.00065
 -0.00850		 -0.00108
 -0.01053		 -0.00179
 -0.01316		 -0.00098
 -0.01554		  0.00145
 -0.01691		  0.00525
 -0.01669		  0.00983
 -0.01461		  0.01441
 -0.01080		  0.01815
 -0.00574		  0.02036
 -0.00017		  0.02062
  0.00506		  0.01886
  0.00912		  0.01539
  0.01141		  0.01086
  0.01164		  0.00613
  0.00992		  0.00209
  0.00678		 -0.00046
  0.00297		 -0.00103
 -0.00052		  0.00050
 -0.00276		  0.00382
 -0.00300		  0.00825
 -0.00086		  0.01281
  0.00363		  0.01643
  0.00997		  0.01808
  0.01726		  0.01704
  0.02432		  0.01298
  0.02994		  0.00606
  0.03299		 -0.00306
  0.03269		 -0.01330
  0.02869		 -0.02331
  0.02124		 -0.03170
  0.01108		 -0.03723
 -0.00059		 -0.03901
 -0.01230		 -0.03669
 -0.02253		 -0.03046
 -0.02994		 -0.02111
 -0.03356		 -0.00988
 -0.03294		  0.00171
 -0.02826		  0.01208
 -0.02028		  0.01979
 -0.01022		  0.02383
  0.00036		  0.02369
  0.00986		  0.01950
  0.01683		  0.01199
  0.02018		  0.00235
  0.01938		 -0.00785
  0.01449		 -0.01700
  0.00620		 -0.02362
 -0.00429		 -0.02656
 -0.01547		 -0.02523
 -0.02568		 -0.01963
 -0.03338		 -0.01036
 -0.03736		  0.00143
 -0.03690		  0.01424
 -0.03191		  0.02640
 -0.02286		  0.03632
 -0.01079		  0.04269
  0.00287		  0.04465
  0.01648		  0.04193
  0.02842		  0.03481
  0.03729		  0.02419
  0.04207		  0.01134
  0.04229		 -0.00217
  0.03804		 -0.01475
  0.02998		 -0.02493
  0.01919		 -0.03158
  0.00712		 -0.03404
 -0.00471		 -0.03218
 -0.01483		 -0.02642
 -0.02199		 -0.01766
 -0.02539		 -0.00716
 -0.02469		  0.00365
 -0.02010		  0.01328
 -0.01230		  0.02043
 -0.00238		  0.02416
  0.00828		  0.02391
  0.01824		  0.01967
  0.02612		  0.01194
  0.03078		  0.00164
  0.03151		 -0.00996
  0.02804		 -0.02139
  0.02062		 -0.03122
  0.01003		 -0.03812
 -0.00259		 -0.04114
 -0.01580		 -0.03976
 -0.02807		 -0.03399
 -0.03793		 -0.02435
 -0.04418		 -0.01184
 -0.04603		  0.00216
 -0.04318		  0.01608
 -0.03591		  0.02833
 -0.02504		  0.03750
 -0.01179		  0.04252
  0.00226		  0.04281
  0.01544		  0.03839
  0.02618		  0.02984
  0.03320		  0.01826
  0.03565		  0.00515
  0.03331		 -0.00780
  0.02652		 -0.01887
  0.01626		 -0.02662
  0.00393		 -0.03000
 -0.00875		 -0.02852
 -0.02000		 -0.02237
 -0.02819		 -0.01235
 -0.03210		  0.00019
 -0.03103		  0.01354
 -0.02498		  0.02583
 -0.01459		  0.03530
 -0.00114		  0.04052
  0.01368		  0.04060
  0.02793		  0.03531
  0.03970		  0.02515
  0.04740		  0.01126
  0.04990		 -0.00470
  0.04676		 -0.02078
  0.03826		 -0.03497
  0.02539		 -0.04549
  0.00970		 -0.05103
 -0.00689		 -0.05093
 -0.02232		 -0.04525
 -0.03474		 -0.03475
 -0.04266		 -0.02084
 -0.04522		 -0.00536
 -0.04226		  0.00969
 -0.03437		  0.02241
 -0.02275		  0.03122
 -0.00909		  0.03511
  0.00467		  0.03374
  0.01667		  0.02751
  0.02526		  0.01744
  0.02934		  0.00508
  0.02845		 -0.00777
  0.02278		 -0.01926
  0.01320		 -0.02776
  0.00108		 -0.03207
 -0.01187		 -0.03160
 -0.02390		 -0.02637
 -0.03335		 -0.01707
 -0.03897		 -0.00487
 -0.04001		  0.00866
 -0.03631		  0.02184
 -0.02834		  0.03307
 -0.01706		  0.04103
 -0.00379		  0.04481
  0.00989		  0.04407
  0.02248		  0.03899
  0.03261		  0.03028
  0.03932		  0.01901
  0.04202		  0.00650
  0.04065		 -0.00587
  0.03560		 -0.01680
  0.02763		 -0.02524
  0.01778		 -0.03048
  0.00723		 -0.03219
 -0.00284		 -0.03047
 -0.01139		 -0.02576
 -0.01760		 -0.01879
 -0.02094		 -0.01050
 -0.02123		 -0.00191
 -0.01860		  0.00597
 -0.01349		  0.01227
 -0.00657		  0.01628
  0.00129		  0.01755
  0.00915		  0.01592
  0.01605		  0.01153
  0.02113		  0.00480
  0.02368		 -0.00357
  0.02321		 -0.01270
  0.01955		 -0.02157
  0.01284		 -0.02912
  0.00359		 -0.03435
 -0.00739		 -0.03645
 -0.01903		 -0.03488
 -0.03009		 -0.02947
 -0.03928		 -0.02047
 -0.04544		 -0.00857
 -0.04762		  0.00516
 -0.04528		  0.01933
 -0.03839		  0.03239
 -0.02743		  0.04282
 -0.01344		  0.04931
  0.00214		  0.05091
  0.01755		  0.04725
  0.03096		  0.03862
  0.04070		  0.02590
  0.04548		  0.01059
  0.04460		 -0.00542
  0.03810		 -0.02005
  0.02676		 -0.03132
  0.01206		 -0.03764
 -0.00400		 -0.03801
 -0.01911		 -0.03225
 -0.03104		 -0.02102
 -0.03789		 -0.00581
 -0.03840		  0.01128
 -0.03218		  0.02772
 -0.01979		  0.04103
 -0.00270		  0.04899
  0.01685		  0.05007
  0.03616		  0.04367
  0.05243		  0.03020
  0.06315		  0.01112
  0.06650		 -0.01125
  0.06160		 -0.03403
  0.04870		 -0.05417
  0.02915		 -0.06884
  0.00531		 -0.07592
 -0.01983		 -0.07423
 -0.04301		 -0.06381
 -0.06115		 -0.04587
 -0.07184		 -0.02269
 -0.07364		  0.00266
 -0.06634		  0.02682
 -0.05097		  0.04652
 -0.02976		  0.05913
 -0.00571		  0.06299
  0.01772		  0.05768
  0.03718		  0.04411
  0.04986		  0.02434
  0.05393		  0.00139
  0.04883		 -0.02128
  0.03531		 -0.04021
  0.01539		 -0.05250
 -0.00799		 -0.05617
 -0.03131		 -0.05050
 -0.05106		 -0.03614
 -0.06419		 -0.01500
 -0.06859		  0.00998
 -0.06339		  0.03530
 -0.04908		  0.05737
 -0.02745		  0.07302
 -0.00136		  0.07998
  0.02572		  0.07720
  0.05017		  0.06499
  0.06873		  0.04496
  0.07902		  0.01981
  0.07978		 -0.00708
  0.07113		 -0.03215
  0.05446		 -0.05214
  0.03227		 -0.06457
  0.00776		 -0.06808
 -0.01564		 -0.06258
 -0.03474		 -0.04927
 -0.04707		 -0.03043
 -0.05120		 -0.00903
 -0.04694		  0.01166
 -0.03530		  0.02859
 -0.01835		  0.03933
  0.00111		  0.04246
  0.02001		  0.03769
  0.03542		  0.02592
  0.04501		  0.00906
  0.04735		 -0.01030
  0.04209		 -0.02923
  0.03000		 -0.04495
  0.01281		 -0.05519
 -0.00706		 -0.05850
 -0.02689		 -0.05447
 -0.04401		 -0.04369
 -0.05624		 -0.02769
 -0.06212		 -0.00864
 -0.06112		  0.01094
 -0.05368		  0.02859
 -0.04105		  0.04225
 -0.02513		  0.05048
 -0.00813		  0.05268
  0.00775		  0.04912
  0.02061		  0.04079
  0.02916		  0.02929
  0.03276		  0.01648
  0.03156		  0.00428
  0.02636		 -0.00571
  0.01846		 -0.01232
  0.00941		 -0.01501
  0.00079		 -0.01385
 -0.00604		 -0.00951
 -0.01011		 -0.00302
 -0.01098		  0.00430
 -0.00871		  0.01117
 -0.00383		  0.01649
  0.00280		  0.01945
  0.01012		  0.01969
  0.01710		  0.01724
  0.02284		  0.01253
  0.02670		  0.00621
  0.02837		 -0.00092
  0.02784		 -0.00807
  0.02538		 -0.01458
  0.02141		 -0.01997
  0.01645		 -0.02398
  0.01099		 -0.02656
  0.00541		 -0.02783
  0.00000		 -0.02796
 -0.00510		 -0.02715
 -0.00985		 -0.02556
 -0.01423		 -0.02327
 -0.01821		 -0.02027
 -0.02171		 -0.01655
 -0.02455		 -0.01208
 -0.02647		 -0.00691
 -0.02721		 -0.00122
 -0.02650		  0.00466
 -0.02422		  0.01031
 -0.02040		  0.01518
 -0.01529		  0.01872
 -0.00938		  0.02049
 -0.00332		  0.02023
  0.00213		  0.01794
  0.00622		  0.01394
  0.00834		  0.00882
  0.00814		  0.00344
  0.00562		 -0.00127
  0.00117		 -0.00437
 -0.00448		 -0.00514
 -0.01029		 -0.00316
 -0.01512		  0.00156
 -0.01785		  0.00853
 -0.01762		  0.01686
 -0.01392		  0.02530
 -0.00677		  0.03248
  0.00327		  0.03706
  0.01515		  0.03797
  0.02742		  0.03460
  0.03846		  0.02690
  0.04670		  0.01545
  0.05085		  0.00141
  0.05011		 -0.01365
  0.04432		 -0.02790
  0.03402		 -0.03955
  0.02036		 -0.04710
  0.00503		 -0.04958
 -0.01006		 -0.04668
 -0.02295		 -0.03885
 -0.03201		 -0.02723
 -0.03611		 -0.01351
 -0.03484		  0.00033
 -0.02858		  0.01226
 -0.01842		  0.02055
 -0.00606		  0.02398
  0.00646		  0.02208
  0.01705		  0.01518
  0.02392		  0.00439
  0.02578		 -0.00858
  0.02210		 -0.02161
  0.01321		 -0.03256
  0.00021		 -0.03950
 -0.01513		 -0.04109
 -0.03064		 -0.03672
 -0.04404		 -0.02664
 -0.05330		 -0.01194
 -0.05694		  0.00558
 -0.05423		  0.02370
 -0.04531		  0.04006
 -0.03120		  0.05252
 -0.01364		  0.05945
  0.00516		  0.05997
  0.02282		  0.05409
  0.03712		  0.04269
  0.04634		  0.02739
  0.04948		  0.01034
  0.04643		 -0.00612
  0.03791		 -0.01980
  0.02543		 -0.02894
  0.01103		 -0.03247
 -0.00305		 -0.03019
 -0.01463		 -0.02273
 -0.02198		 -0.01152
 -0.02403		  0.00153
 -0.02052		  0.01421
 -0.01205		  0.02441
  0.00006		  0.03041
  0.01392		  0.03112
  0.02738		  0.02624
  0.03834		  0.01630
  0.04504		  0.00258
  0.04636		 -0.01308
  0.04193		 -0.02856
  0.03218		 -0.04177
  0.01830		 -0.05093
  0.00202		 -0.05482
 -0.01460		 -0.05297
 -0.02949		 -0.04567
 -0.04087		 -0.03397
 -0.04746		 -0.01945
 -0.04869		 -0.00403
 -0.04470		  0.01030
 -0.03638		  0.02182
 -0.02512		  0.02924
 -0.01269		  0.03194
 -0.00091		  0.02996
  0.00859		  0.02403
  0.01458		  0.01541
  0.01643		  0.00568
  0.01416		 -0.00347
  0.00839		 -0.01053
  0.00027		 -0.01437
 -0.00874		 -0.01438
 -0.01707		 -0.01055
 -0.02330		 -0.00345
 -0.02635		  0.00584
 -0.02562		  0.01596
 -0.02107		  0.02543
 -0.01322		  0.03288
 -0.00304		  0.03725
  0.00820		  0.03792
  0.01910		  0.03478
  0.02836		  0.02825
  0.03493		  0.01916
  0.03816		  0.00865
  0.03786		 -0.00202
  0.03430		 -0.01163
  0.02818		 -0.01920
  0.02044		 -0.02407
  0.01218		 -0.02600
  0.00445		 -0.02516
 -0.00185		 -0.02208
 -0.00614		 -0.01754
 -0.00818		 -0.01245
 -0.00807		 -0.00769
 -0.00625		 -0.00401
 -0.00336		 -0.00192
 -0.00016		 -0.00159
  0.00260		 -0.00293
  0.00432		 -0.00557
  0.00457		 -0.00893
  0.00322		 -0.01236
  0.00037		 -0.01522
 -0.00364		 -0.01698
 -0.00831		 -0.01728
 -0.01306		 -0.01598
 -0.01731		 -0.01319
 -0.02060		 -0.00916
 -0.02260		 -0.00432
 -0.02316		  0.00084
 -0.02230		  0.00585
 -0.02023		  0.01030
 -0.01723		  0.01389
 -0.01367		  0.01648
 -0.00988		  0.01805
 -0.00617		  0.01868
 -0.00275		  0.01855
  0.00026		  0.01787
  0.00283		  0.01683
  0.00500		  0.01558
  0.00685		  0.01422
  0.00845		  0.01278
  0.00987		  0.01127
  0.01112		  0.00963
  0.01217		  0.00785
  0.01298		  0.00590
  0.01346		  0.00384
  0.01355		  0.00172
  0.01324		 -0.00033
  0.01253		 -0.00219
  0.01153		 -0.00375
  0.01036		 -0.00491
  0.00917		 -0.00568
  0.00813		 -0.00610
  0.00737		 -0.00631
  0.00694		 -0.00647
  0.00682		 -0.00679
  0.00688		 -0.00744
  0.00695		 -0.00853
  0.00676		 -0.01010
  0.00607		 -0.01206
  0.00465		 -0.01420
  0.00238		 -0.01624
 -0.00076		 -0.01782
 -0.00462		 -0.01859
 -0.00893		 -0.01826
 -0.01332		 -0.01664
 -0.01731		 -0.01370
 -0.02045		 -0.00957
 -0.02235		 -0.00456
 -0.02273		  0.00088
 -0.02150		  0.00622
 -0.01877		  0.01091
 -0.01483		  0.01449
 -0.01014		  0.01660
 -0.00527		  0.01709
 -0.00079		  0.01602
  0.00277		  0.01367
  0.00502		  0.01049
  0.00579		  0.00705
  0.00512		  0.00394
  0.00328		  0.00171
  0.00072		  0.00074
 -0.00195		  0.00122
 -0.00413		  0.00309
 -0.00527		  0.00606
 -0.00494		  0.00963
 -0.00298		  0.01316
  0.00056		  0.01598
  0.00533		  0.01750
  0.01078		  0.01727
  0.01624		  0.01506
  0.02095		  0.01096
  0.02425		  0.00528
  0.02561		 -0.00139
  0.02477		 -0.00833
  0.02173		 -0.01473
  0.01680		 -0.01985
  0.01054		 -0.02311
  0.00369		 -0.02417
 -0.00294		 -0.02296
 -0.00858		 -0.01975
 -0.01260		 -0.01506
 -0.01461		 -0.00958
 -0.01451		 -0.00412
 -0.01251		  0.00054
 -0.00909		  0.00379
 -0.00492		  0.00521
 -0.00080		  0.00470
  0.00252		  0.00244
  0.00443		 -0.00108
  0.00451		 -0.00520
  0.00268		 -0.00914
 -0.00089		 -0.01213
 -0.00570		 -0.01354
 -0.01107		 -0.01297
 -0.01619		 -0.01028
 -0.02026		 -0.00569
 -0.02263		  0.00032
 -0.02283		  0.00706
 -0.02071		  0.01370
 -0.01645		  0.01939
 -0.01048		  0.02343
 -0.00350		  0.02532
  0.00366		  0.02485
  0.01016		  0.02210
  0.01527		  0.01749
  0.01843		  0.01166
  0.01939		  0.00538
  0.01819		 -0.00051
  0.01517		 -0.00528
  0.01090		 -0.00839
  0.00613		 -0.00955
  0.00164		 -0.00877
 -0.00188		 -0.00635
 -0.00388		 -0.00283
 -0.00408		  0.00110
 -0.00250		  0.00467
  0.00058		  0.00723
  0.00464		  0.00824
  0.00899		  0.00744
  0.01290		  0.00482
  0.01569		  0.00067
  0.01683		 -0.00450
  0.01604		 -0.00999
  0.01329		 -0.01509
  0.00885		 -0.01908
  0.00321		 -0.02143
 -0.00297		 -0.02180
 -0.00895		 -0.02013
 -0.01404		 -0.01663
 -0.01765		 -0.01175
 -0.01944		 -0.00611
 -0.01928		 -0.00039
 -0.01732		  0.00471
 -0.01395		  0.00863
 -0.00972		  0.01100
 -0.00526		  0.01166
 -0.00121		  0.01071
  0.00189		  0.00848
  0.00368		  0.00547
  0.00399		  0.00225
  0.00292		 -0.00059
  0.00074		 -0.00255
 -0.00207		 -0.00329
 -0.00498		 -0.00265
 -0.00744		 -0.00073
 -0.00896		  0.00221
 -0.00923		  0.00573
 -0.00809		  0.00930
 -0.00561		  0.01239
 -0.00206		  0.01453
  0.00216		  0.01537
  0.00654		  0.01475
  0.01055		  0.01272
  0.01372		  0.00949
  0.01569		  0.00543
  0.01628		  0.00103
  0.01546		 -0.00323
  0.01342		 -0.00689
  0.01047		 -0.00958
  0.00701		 -0.01109
  0.00351		 -0.01138
  0.00038		 -0.01056
 -0.00204		 -0.00888
 -0.00354		 -0.00671
 -0.00405		 -0.00442
 -0.00366		 -0.00240
 -0.00258		 -0.00094
 -0.00111		 -0.00023
  0.00040		 -0.00034
  0.00163		 -0.00119
  0.00230		 -0.00259
  0.00226		 -0.00427
  0.00144		 -0.00591
 -0.00009		 -0.00721
 -0.00214		 -0.00792
 -0.00447		 -0.00788
 -0.00678		 -0.00702
 -0.00878		 -0.00541
 -0.01022		 -0.00320
 -0.01093		 -0.00061
 -0.01084		  0.00209
 -0.00997		  0.00462
 -0.00843		  0.00674
 -0.00641		  0.00828
 -0.00414		  0.00915
 -0.00185		  0.00932
  0.00024		  0.00887
  0.00196		  0.00795
  0.00321		  0.00671
  0.00397		  0.00535
  0.00427		  0.00405
  0.00419		  0.00293
  0.00388		  0.00209
  0.00346		  0.00155
  0.00306		  0.00130
  0.00279		  0.00126
  0.00272		  0.00135
  0.00285		  0.00146
  0.00316		  0.00149
  0.00361		  0.00137
  0.00412		  0.00104
  0.00459		  0.00051
  0.00495		 -0.00022
  0.00514		 -0.00109
  0.00511		 -0.00204
  0.00485		 -0.00301
  0.00436		 -0.00393
  0.00368		 -0.00473
  0.00283		 -0.00539
  0.00186		 -0.00586
  0.00081		 -0.00614
 -0.00027		 -0.00622
 -0.00135		 -0.00610
 -0.00240		 -0.00578
 -0.00338		 -0.00527
 -0.00425		 -0.00458
 -0.00499		 -0.00373
 -0.00555		 -0.00274
 -0.00590		 -0.00164
 -0.00601		 -0.00049
 -0.00586		  0.00066
 -0.00546		  0.00173
 -0.00482		  0.00266
 -0.00400		  0.00338
 -0.00306		  0.00385
 -0.00210		  0.00403
 -0.00119		  0.00395
 -0.00043		  0.00364
  0.00012		  0.00317
  0.00042		  0.00263
  0.00047		  0.00213
  0.00030		  0.00176
  0.00001		  0.00160
 -0.00032		  0.00168
 -0.00056		  0.00202
 -0.00062		  0.00257
 -0.00039		  0.00322
  0.00016		  0.00386
  0.00104		  0.00435
  0.00217		  0.00457
  0.00346		  0.00440
  0.00476		  0.00378
  0.00590		  0.00272
  0.00671		  0.00127
  0.00708		 -0.00044
  0.00691		 -0.00226
  0.00617		 -0.00398
  0.00493		 -0.00543
  0.00329		 -0.00643
  0.00144		 -0.00687
 -0.00043		 -0.00671
 -0.00211		 -0.00598
 -0.00341		 -0.00478
 -0.00419		 -0.00329
 -0.00440		 -0.00170
 -0.00404		 -0.00024
 -0.00321		  0.00091
 -0.00207		  0.00159
 -0.00083		  0.00172
  0.00030		  0.00132
  0.00111		  0.00047
  0.00146		 -0.00067
  0.00126		 -0.00188
  0.00051		 -0.00295
 -0.00070		 -0.00367
 -0.00219		 -0.00386
 -0.00376		 -0.00345
 -0.00517		 -0.00242
 -0.00618		 -0.00088
 -0.00662		  0.00102
 -0.00638		  0.00303
 -0.00545		  0.00492
 -0.00391		  0.00644
 -0.00192		  0.00738
  0.00029		  0.00761
  0.00245		  0.00710
  0.00431		  0.00592
  0.00565		  0.00421
  0.00631		  0.00220
  0.00625		  0.00015
  0.00550		 -0.00169
  0.00421		 -0.00308
  0.00257		 -0.00386
  0.00085		 -0.00396
 -0.00071		 -0.00341
 -0.00187		 -0.00234
 -0.00246		 -0.00093
 -0.00242		  0.00057
 -0.00176		  0.00190
 -0.00058		  0.00284
  0.00091		  0.00322
  0.00248		  0.00296
  0.00387		  0.00207
  0.00485		  0.00065
  0.00525		 -0.00110
  0.00498		 -0.00294
  0.00404		 -0.00463
  0.00253		 -0.00591
  0.00062		 -0.00661
 -0.00144		 -0.00662
 -0.00339		 -0.00593
 -0.00500		 -0.00461
 -0.00607		 -0.00284
 -0.00647		 -0.00084
 -0.00617		  0.00113
 -0.00524		  0.00284
 -0.00382		  0.00408
 -0.00213		  0.00472
 -0.00039		  0.00471
  0.00115		  0.00410
  0.00229		  0.00301
  0.00290		  0.00164
  0.00292		  0.00020
  0.00239		 -0.00107
  0.00142		 -0.00200
  0.00017		 -0.00243
 -0.00113		 -0.00231
 -0.00228		 -0.00167
 -0.00309		 -0.00060
 -0.00342		  0.00073
 -0.00321		  0.00212
 -0.00248		  0.00336
 -0.00131		  0.00427
  0.00014		  0.00471
  0.00168		  0.00462
  0.00312		  0.00398
  0.00425		  0.00289
  0.00496		  0.00148
  0.00514		 -0.00008
  0.00480		 -0.00160
  0.00398		 -0.00288
  0.00281		 -0.00380
  0.00145		 -0.00425
  0.00007		 -0.00421
 -0.00116		 -0.00372
 -0.00209		 -0.00288
 -0.00263		 -0.00182
 -0.00274		 -0.00071
 -0.00245		  0.00030
 -0.00184		  0.00107
 -0.00102		  0.00152
 -0.00014		  0.00159
  0.00067		  0.00132
  0.00127		  0.00075
  0.00159		 -0.00001
  0.00157		 -0.00083
  0.00122		 -0.00158
  0.00059		 -0.00214
 -0.00022		 -0.00244
 -0.00110		 -0.00242
 -0.00193		 -0.00208
 -0.00261		 -0.00145
 -0.00304		 -0.00063
 -0.00317		  0.00030
 -0.00298		  0.00122
 -0.00252		  0.00203
 -0.00182		  0.00264
 -0.00099		  0.00299
 -0.00011		  0.00306
  0.00072		  0.00285
  0.00142		  0.00241
  0.00191		  0.00180
  0.00217		  0.00110
  0.00219		  0.00041
  0.00200		 -0.00022
  0.00164		 -0.00070
  0.00118		 -0.00102
  0.00067		 -0.00114
  0.00020		 -0.00107
 -0.00018		 -0.00086
 -0.00043		 -0.00054
 -0.00053		 -0.00017
 -0.00047		  0.00019
 -0.00027		  0.00049
  0.00003		  0.00068
  0.00038		  0.00075
  0.00075		  0.00066
  0.00107		  0.00045
  0.00131		  0.00011
  0.00142		 -0.00030
  0.00140		 -0.00074
  0.00122		 -0.00118
  0.00091		 -0.00155
  0.00049		 -0.00182
 -0.00000		 -0.00195
 -0.00053		 -0.00193
 -0.00104		 -0.00176
 -0.00148		 -0.00143
 -0.00180		 -0.00100
 -0.00199		 -0.00048
 -0.00201		  0.00007
 -0.00187		  0.00060
 -0.00158		  0.00106
 -0.00117		  0.00139
 -0.00069		  0.00158
 -0.00018		  0.00161
  0.00029		  0.00147
  0.00068		  0.00120
  0.00094		  0.00082
  0.00104		  0.00038
  0.00099		 -0.00005
  0.00078		 -0.00041
  0.00045		 -0.00066
  0.00005		 -0.00077
 -0.00035		 -0.00071
 -0.00071		 -0.00048
 -0.00096		 -0.00013
 -0.00106		  0.00031
 -0.00098		  0.00077
 -0.00072		  0.00119
 -0.00030		  0.00150
  0.00022		  0.00166
  0.00078		  0.00162
  0.00132		  0.00137
  0.00177		  0.00095
  0.00205		  0.00038
  0.00213		 -0.00027
  0.00198		 -0.00091
  0.00163		 -0.00149
  0.00110		 -0.00191
  0.00045		 -0.00213
 -0.00023		 -0.00213
 -0.00086		 -0.00190
 -0.00137		 -0.00147
 -0.00170		 -0.00090
 -0.00181		 -0.00026
 -0.00168		  0.00036
 -0.00135		  0.00088
 -0.00086		  0.00124
 -0.00029		  0.00138
  0.00029		  0.00130
  0.00078		  0.00101
  0.00112		  0.00056
  0.00126		  0.00001
  0.00118		 -0.00056
  0.00088		 -0.00105
  0.00040		 -0.00140
 -0.00018		 -0.00154
 -0.00079		 -0.00146
 -0.00133		 -0.00115
 -0.00174		 -0.00065
 -0.00195		 -0.00002
 -0.00192		  0.00065
 -0.00165		  0.00128
 -0.00117		  0.00178
 -0.00055		  0.00209
  0.00015		  0.00217
  0.00083		  0.00200
  0.00141		  0.00161
  0.00182		  0.00105
  0.00201		  0.00039
  0.00196		 -0.00028
  0.00168		 -0.00088
  0.00122		 -0.00133
  0.00064		 -0.00158
  0.00003		 -0.00161
 -0.00054		 -0.00141
 -0.00098		 -0.00103
 -0.00124		 -0.00053
 -0.00128		  0.00003
 -0.00112		  0.00055
 -0.00077		  0.00096
 -0.00030		  0.00121
  0.00024		  0.00126
  0.00076		  0.00110
  0.00118		  0.00075
  0.00144		  0.00027
  0.00151		 -0.00028
  0.00137		 -0.00083
  0.00105		 -0.00130
  0.00057		 -0.00163
  0.00000		 -0.00177
 -0.00058		 -0.00170
 -0.00110		 -0.00144
 -0.00151		 -0.00102
 -0.00174		 -0.00048
 -0.00178		  0.00009
 -0.00162		  0.00063
 -0.00129		  0.00108
 -0.00084		  0.00139
 -0.00033		  0.00151
  0.00018		  0.00146
  0.00062		  0.00123
  0.00094		  0.00088
  0.00111		  0.00045
  0.00111		 -0.00000
  0.00095		 -0.00040
  0.00066		 -0.00071
  0.00029		 -0.00087
 -0.00011		 -0.00089
 -0.00048		 -0.00075
 -0.00077		 -0.00048
 -0.00093		 -0.00013
 -0.00095		  0.00026
 -0.00083		  0.00064
 -0.00057		  0.00095
 -0.00022		  0.00114
  0.00019		  0.00121
  0.00060		  0.00112
  0.00095		  0.00090
  0.00122		  0.00057
  0.00136		  0.00016
  0.00135		 -0.00026
  0.00121		 -0.00066
  0.00094		 -0.00099
  0.00059		 -0.00121
  0.00019		 -0.00130
 -0.00020		 -0.00125
 -0.00055		 -0.00108
 -0.00082		 -0.00081
 -0.00097		 -0.00048
 -0.00100		 -0.00013
 -0.00092		  0.00020
 -0.00073		  0.00046
 -0.00046		  0.00063
 -0.00017		  0.00070
  0.00012		  0.00065
  0.00036		  0.00049
  0.00053		  0.00027
  0.00059		 -0.00000
  0.00055		 -0.00027
  0.00040		 -0.00051
  0.00017		 -0.00068
 -0.00011		 -0.00075
 -0.00040		 -0.00072
 -0.00067		 -0.00058
 -0.00088		 -0.00035
 -0.00100		 -0.00005
 -0.00101		  0.00027
 -0.00091		  0.00059
 -0.00071		  0.00086
 -0.00043		  0.00105
 -0.00010		  0.00114
  0.00025		  0.00112
  0.00056		  0.00098
  0.00081		  0.00076
  0.00097		  0.00047
  0.00103		  0.00015
  0.00097		 -0.00016
  0.00082		 -0.00043
  0.00059		 -0.00062
  0.00032		 -0.00072
  0.00005		 -0.00072
 -0.00019		 -0.00062
 -0.00038		 -0.00044
 -0.00047		 -0.00021
 -0.00047		  0.00003
 -0.00038		  0.00024
 -0.00021		  0.00041
  0.00001		  0.00049
  0.00025		  0.00047
  0.00047		  0.00037
  0.00063		  0.00018
  0.00072		 -0.00006
  0.00072		 -0.00033
  0.00062		 -0.00058
  0.00042		 -0.00079
  0.00017		 -0.00093
 -0.00013		 -0.00097
 -0.00042		 -0.00091
 -0.00068		 -0.00075
 -0.00087		 -0.00052
 -0.00098		 -0.00024
 -0.00098		  0.00005
 -0.00089		  0.00033
 -0.00072		  0.00055
 -0.00050		  0.00070
 -0.00024		  0.00076
  0.00000		  0.00073
  0.00021		  0.00062
  0.00035		  0.00045
  0.00042		  0.00026
  0.00041		  0.00006
  0.00033		 -0.00011
  0.00019		 -0.00022
  0.00002		 -0.00026
 -0.00015		 -0.00023
 -0.00029		 -0.00013
 -0.00037		  0.00003
 -0.00039		  0.00021
 -0.00034		  0.00039
 -0.00022		  0.00054
 -0.00004		  0.00064
  0.00017		  0.00067
  0.00038		  0.00063
  0.00058		  0.00052
  0.00072		  0.00034
  0.00080		  0.00013
  0.00081		 -0.00010
  0.00075		 -0.00032
  0.00062		 -0.00050
  0.00044		 -0.00062
  0.00025		 -0.00069
  0.00005		 -0.00068
 -0.00013		 -0.00062
 -0.00026		 -0.00051
 -0.00034		 -0.00037
 -0.00036		 -0.00022
 -0.00033		 -0.00010
 -0.00027		 -0.00000
 -0.00017		  0.00005
 -0.00008		  0.00006
  0.00000		  0.00002
  0.00005		 -0.00005
  0.00006		 -0.00014
  0.00003		 -0.00023
 -0.00005		 -0.00030
 -0.00015		 -0.00034
 -0.00028		 -0.00034
 -0.00040		 -0.00028
 -0.00050		 -0.00019
 -0.00057		 -0.00006
 -0.00060		  0.00009
 -0.00057		  0.00025
 -0.00050		  0.00039
 -0.00039		  0.00051
 -0.00025		  0.00058
 -0.00010		  0.00061
  0.00005		  0.00059
  0.00018		  0.00053
  0.00027		  0.00045
  0.00034		  0.00034
  0.00036		  0.00024
  0.00035		  0.00014
  0.00031		  0.00006
  0.00026		  0.00002
  0.00021		 -0.00000
  0.00017		  0.00001
  0.00015		  0.00003
  0.00015		  0.00006
  0.00017		  0.00009
  0.00022		  0.00010
  0.00028		  0.00009
  0.00034		  0.00006
  0.00039		 -0.00001
  0.00042		 -0.00010
  0.00043		 -0.00020
  0.00040		 -0.00031
  0.00034		 -0.00041
  0.00024		 -0.00049
  0.00013		 -0.00054
  0.00000		 -0.00056
 -0.00012		 -0.00054
 -0.00024		 -0.00049
 -0.00033		 -0.00041
 -0.00039		 -0.00032
 -0.00042		 -0.00022
 -0.00042		 -0.00012
 -0.00039		 -0.00004
 -0.00035		  0.00003
 -0.00030		  0.00007
 -0.00026		  0.00009
 -0.00022		  0.00009
 -0.00020		  0.00007
 -0.00019		  0.00006
 -0.00021		  0.00005
 -0.00023		  0.00006
 -0.00026		  0.00009
 -0.00029		  0.00013
 -0.00030		  0.00019
 -0.00029		  0.00027
 -0.00026		  0.00035
 -0.00020		  0.00042
 -0.00012		  0.00048
 -0.00002		  0.00052
  0.00010		  0.00053
  0.00021		  0.00051
  0.00032		  0.00045
  0.00041		  0.00037
  0.00047		  0.00027
  0.00050		  0.00017
  0.00051		  0.00006
  0.00048		 -0.00004
  0.00044		 -0.00013
  0.00038		 -0.00019
  0.00031		 -0.00023
  0.00025		 -0.00025
  0.00019		 -0.00025
  0.00015		 -0.00024
  0.00012		 -0.00022
  0.00011		 -0.00021
  0.00011		 -0.00021
  0.00011		 -0.00022
  0.00011		 -0.00024
  0.00010		 -0.00027
  0.00008		 -0.00031
  0.00005		 -0.00034
 -0.00001		 -0.00038
 -0.00007		 -0.00040
 -0.00015		 -0.00041
 -0.00024		 -0.00039
 -0.00032		 -0.00035
 -0.00039		 -0.00029
 -0.00045		 -0.00022
 -0.00049		 -0.00013
 -0.00051		 -0.00003
 -0.00050		  0.00006
 -0.00048		  0.00016
 -0.00043		  0.00024
 -0.00038		  0.00030
 -0.00031		  0.00036
 -0.00024		  0.00039
 -0.00016		  0.00041
 -0.00009		  0.00042
 -0.00002		  0.00041
  0.00004		  0.00039
  0.00009		  0.00037
  0.00014		  0.00034
  0.00017		  0.00030
  0.00020		  0.00027
  0.00023		  0.00023
  0.00024		  0.00020
  0.00025		  0.00016
  0.00026		  0.00013
  0.00026		  0.00011
  0.00026		  0.00009
  0.00027		  0.00007
  0.00028		  0.00005
  0.00030		  0.00003
  0.00032		  0.00001
  0.00034		 -0.00003
  0.00036		 -0.00007
  0.00038		 -0.00013
  0.00038		 -0.00020
  0.00037		 -0.00029
  0.00034		 -0.00037
  0.00027		 -0.00046
  0.00019		 -0.00053
  0.00007		 -0.00059
 -0.00006		 -0.00061
 -0.00019		 -0.00059
 -0.00033		 -0.00054
 -0.00044		 -0.00045
 -0.00053		 -0.00033
 -0.00058		 -0.00019
 -0.00059		 -0.00005
 -0.00055		  0.00009
 -0.00047		  0.00021
 -0.00037		  0.00029
 -0.00025		  0.00033
 -0.00014		  0.00032
 -0.00004		  0.00028
  0.00002		  0.00020
  0.00004		  0.00011
  0.00002		  0.00003
 -0.00004		 -0.00003
 -0.00013		 -0.00005
 -0.00023		 -0.00003
 -0.00032		  0.00004
 -0.00038		  0.00016
 -0.00039		  0.00030
 -0.00034		  0.00046
 -0.00024		  0.00060
 -0.00008		  0.00071
  0.00012		  0.00076
  0.00034		  0.00074
  0.00056		  0.00065
  0.00073		  0.00049
  0.00085		  0.00027
  0.00090		  0.00002
  0.00086		 -0.00022
  0.00075		 -0.00045
  0.00057		 -0.00062
  0.00034		 -0.00072
  0.00011		 -0.00073
 -0.00011		 -0.00067
 -0.00029		 -0.00053
 -0.00039		 -0.00035
 -0.00042		 -0.00016
 -0.00036		  0.00003
 -0.00025		  0.00017
 -0.00008		  0.00024
  0.00010		  0.00023
  0.00026		  0.00015
  0.00037		 -0.00000
  0.00042		 -0.00019
  0.00037		 -0.00040
  0.00025		 -0.00059
  0.00005		 -0.00072
 -0.00020		 -0.00077
 -0.00046		 -0.00073
 -0.00070		 -0.00060
 -0.00089		 -0.00038
 -0.00100		 -0.00011
 -0.00101		  0.00020
 -0.00091		  0.00049
 -0.00073		  0.00073
 -0.00047		  0.00090
 -0.00018		  0.00097
  0.00012		  0.00093
  0.00037		  0.00080
  0.00056		  0.00060
  0.00066		  0.00035
  0.00066		  0.00010
  0.00057		 -0.00012
  0.00041		 -0.00029
  0.00021		 -0.00037
 -0.00000		 -0.00036
 -0.00018		 -0.00027
 -0.00031		 -0.00011
 -0.00035		  0.00009
 -0.00030		  0.00030
 -0.00017		  0.00047
  0.00002		  0.00058
  0.00025		  0.00060
  0.00049		  0.00054
  0.00069		  0.00038
  0.00083		  0.00016
  0.00088		 -0.00010
  0.00084		 -0.00038
  0.00071		 -0.00062
  0.00050		 -0.00081
  0.00024		 -0.00092
 -0.00004		 -0.00093
 -0.00030		 -0.00085
 -0.00051		 -0.00070
 -0.00066		 -0.00049
 -0.00071		 -0.00025
 -0.00069		 -0.00002
 -0.00059		  0.00017
 -0.00044		  0.00030
 -0.00026		  0.00036
 -0.00009		  0.00035
  0.00005		  0.00028
  0.00014		  0.00015
  0.00017		  0.00001
  0.00013		 -0.00012
  0.00004		 -0.00022
 -0.00010		 -0.00027
 -0.00024		 -0.00026
 -0.00038		 -0.00019
 -0.00048		 -0.00007
 -0.00053		  0.00009
 -0.00052		  0.00026
 -0.00045		  0.00042
 -0.00033		  0.00056
 -0.00017		  0.00064
  0.00001		  0.00067
  0.00019		  0.00064
  0.00034		  0.00055
  0.00046		  0.00043
  0.00053		  0.00029
  0.00055		  0.00014
  0.00052		 -0.00000
  0.00046		 -0.00011
  0.00038		 -0.00019
  0.00029		 -0.00023
  0.00020		 -0.00023
  0.00014		 -0.00022
  0.00010		 -0.00019
  0.00008		 -0.00015
  0.00008		 -0.00013
  0.00009		 -0.00012
  0.00011		 -0.00012
  0.00012		 -0.00014
  0.00012		 -0.00018
  0.00011		 -0.00021
  0.00007		 -0.00025
  0.00003		 -0.00027
 -0.00002		 -0.00029
 -0.00008		 -0.00028
 -0.00013		 -0.00026
 -0.00017		 -0.00024
 -0.00020		 -0.00020
 -0.00022		 -0.00016
 -0.00023		 -0.00013
 -0.00024		 -0.00010
 -0.00025		 -0.00008
 -0.00026		 -0.00006
 -0.00027		 -0.00004
 -0.00030		 -0.00001
 -0.00032		  0.00003
 -0.00034		  0.00009
 -0.00034		  0.00016
 -0.00033		  0.00024
 -0.00029		  0.00032
 -0.00022		  0.00039
 -0.00013		  0.00045
 -0.00002		  0.00048
  0.00010		  0.00047
  0.00021		  0.00043
  0.00031		  0.00036
  0.00038		  0.00025
  0.00041		  0.00013
  0.00040		  0.00001
  0.00035		 -0.00009
  0.00027		 -0.00017
  0.00017		 -0.00021
  0.00007		 -0.00020
 -0.00001		 -0.00016
 -0.00007		 -0.00008
 -0.00008		  0.00001
 -0.00005		  0.00010
  0.00002		  0.00017
  0.00012		  0.00020
  0.00024		  0.00019
  0.00034		  0.00012
  0.00043		  0.00001
  0.00047		 -0.00014
  0.00045		 -0.00030
  0.00037		 -0.00045
  0.00024		 -0.00058
  0.00007		 -0.00065
 -0.00013		 -0.00067
 -0.00033		 -0.00061
 -0.00050		 -0.00049
 -0.00062		 -0.00032
 -0.00067		 -0.00012
 -0.00065		  0.00009
 -0.00057		  0.00027
 -0.00043		  0.00041
 -0.00025		  0.00049
 -0.00006		  0.00050
  0.00011		  0.00044
  0.00023		  0.00032
  0.00030		  0.00017
  0.00030		  0.00001
  0.00024		 -0.00014
  0.00012		 -0.00024
 -0.00003		 -0.00029
 -0.00019		 -0.00027
 -0.00033		 -0.00018
 -0.00042		 -0.00004
 -0.00046		  0.00014
 -0.00042		  0.00032
 -0.00031		  0.00049
 -0.00015		  0.00060
  0.00005		  0.00066
  0.00027		  0.00063
  0.00046		  0.00053
  0.00062		  0.00037
  0.00070		  0.00017
  0.00071		 -0.00006
  0.00065		 -0.00027
  0.00052		 -0.00044
  0.00034		 -0.00056
  0.00014		 -0.00060
 -0.00006		 -0.00057
 -0.00023		 -0.00047
 -0.00034		 -0.00033
 -0.00039		 -0.00016
 -0.00037		  0.00000
 -0.00029		  0.00014
 -0.00017		  0.00023
 -0.00003		  0.00026
  0.00012		  0.00023
  0.00023		  0.00015
  0.00030		  0.00002
  0.00031		 -0.00013
  0.00026		 -0.00027
  0.00016		 -0.00039
  0.00002		 -0.00046
 -0.00015		 -0.00047
 -0.00031		 -0.00042
 -0.00044		 -0.00032
 -0.00054		 -0.00017
 -0.00057		  0.00000
 -0.00055		  0.00018
 -0.00046		  0.00033
 -0.00034		  0.00044
 -0.00018		  0.00050
 -0.00003		  0.00051
  0.00012		  0.00047
  0.00024		  0.00038
  0.00031		  0.00026
  0.00034		  0.00013
  0.00032		  0.00002
  0.00026		 -0.00008
  0.00017		 -0.00014
  0.00008		 -0.00016
 -0.00001		 -0.00014
 -0.00007		 -0.00009
 -0.00011		 -0.00001
 -0.00011		  0.00006
 -0.00007		  0.00013
 -0.00001		  0.00018
  0.00007		  0.00021
  0.00015		  0.00019
  0.00023		  0.00015
  0.00029		  0.00008
  0.00031		 -0.00000
  0.00031		 -0.00010
  0.00028		 -0.00018
  0.00022		 -0.00026
  0.00014		 -0.00030
  0.00006		 -0.00033
 -0.00003		 -0.00032
 -0.00010		 -0.00029
 -0.00016		 -0.00024
 -0.00020		 -0.00018
 -0.00022		 -0.00012
 -0.00022		 -0.00006
 -0.00020		 -0.00001
 -0.00017		  0.00002
 -0.00014		  0.00005
 -0.00011		  0.00006
 -0.00009		  0.00006
 -0.00007		  0.00005
 -0.00006		  0.00004
 -0.00006		  0.00004
 -0.00006		  0.00004
 -0.00007		  0.00004
 -0.00007		  0.00005
 -0.00007		  0.00006
 -0.00007		  0.00007
 -0.00007		  0.00008
 -0.00006		  0.00010
 -0.00004		  0.00011
 -0.00003		  0.00012
 -0.00001		  0.00012
  0.00000		  0.00013
  0.00002		  0.00013
  0.00004		  0.00013
  0.00006		  0.00013
  0.00008		  0.00012
  0.00010		  0.00011
  0.00013		  0.00010
  0.00015		  0.00008
  0.00017		  0.00005
  0.00019		  0.00002
  0.00019		 -0.00002
  0.00019		 -0.00007
  0.00017		 -0.00011
  0.00015		 -0.00015
  0.00011		 -0.00018
  0.00006		 -0.00019
  0.00001		 -0.00020
 -0.00004		 -0.00018
 -0.00008		 -0.00016
 -0.00011		 -0.00012
 -0.00012		 -0.00008
 -0.00012		 -0.00004
 -0.00011		 -0.00000
 -0.00008		  0.00002
 -0.00005		  0.00004
 -0.00002		  0.00003
  0.00001		  0.00002
  0.00003		 -0.00001
  0.00003		 -0.00005
  0.00001		 -0.00008
 -0.00002		 -0.00010
 -0.00006		 -0.00011
 -0.00011		 -0.00011
 -0.00015		 -0.00008
 -0.00019		 -0.00004
 -0.00021		  0.00001
 -0.00021		  0.00008
 -0.00019		  0.00014
 -0.00015		  0.00020
 -0.00009		  0.00024
 -0.00002		  0.00026
  0.00005		  0.00025
  0.00012		  0.00022
  0.00017		  0.00017
  0.00021		  0.00011
  0.00022		  0.00004
  0.00021		 -0.00003
  0.00017		 -0.00008
  0.00012		 -0.00012
  0.00006		 -0.00014
  0.00001		 -0.00013
 -0.00004		 -0.00010
 -0.00007		 -0.00006
 -0.00008		 -0.00001
 -0.00007		  0.00004
 -0.00004		  0.00008
  0.00000		  0.00010
  0.00006		  0.00011
  0.00011		  0.00009
  0.00015		  0.00005
  0.00018		 -0.00001
  0.00018		 -0.00007
  0.00016		 -0.00013
  0.00012		 -0.00019
  0.00006		 -0.00023
 -0.00001		 -0.00024
 -0.00008		 -0.00023
 -0.00015		 -0.00020
 -0.00020		 -0.00014
 -0.00023		 -0.00008
 -0.00024		 -0.00000
 -0.00022		  0.00007
 -0.00018		  0.00013
 -0.00012		  0.00017
 -0.00006		  0.00018
  0.00000		  0.00017
  0.00006		  0.00015
  0.00010		  0.00010
  0.00011		  0.00005
  0.00011		 -0.00000
  0.00008		 -0.00005
  0.00005		 -0.00008
 -0.00000		 -0.00009
 -0.00005		 -0.00008
 -0.00009		 -0.00005
 -0.00012		 -0.00001
 -0.00013		  0.00004
 -0.00012		  0.00009
 -0.00008		  0.00014
 -0.00004		  0.00017
  0.00002		  0.00019
  0.00008		  0.00018
  0.00014		  0.00015
  0.00018		  0.00010
  0.00021		  0.00004
  0.00021		 -0.00002
  0.00019		 -0.00009
  0.00015		 -0.00014
  0.00010		 -0.00017
  0.00004		 -0.00018
 -0.00002		 -0.00018
 -0.00007		 -0.00015
 -0.00011		 -0.00011
 -0.00012		 -0.00006
 -0.00012		 -0.00001
 -0.00011		  0.00003
 -0.00007		  0.00006
 -0.00003		  0.00008
  0.00001		  0.00008
  0.00004		  0.00006
  0.00007		  0.00003
  0.00008		 -0.00001
  0.00008		 -0.00005
  0.00005		 -0.00008
  0.00002		 -0.00011
 -0.00002		 -0.00012
 -0.00006		 -0.00011
 -0.00010		 -0.00009
 -0.00013		 -0.00005
 -0.00015		 -0.00001
 -0.00015		  0.00004
 -0.00013		  0.00008
 -0.00010		  0.00012
 -0.00006		  0.00014
 -0.00002		  0.00015
  0.00003		  0.00014
  0.00007		  0.00012
  0.00010		  0.00009
  0.00011		  0.00005
  0.00011		  0.00001
  0.00010		 -0.00002
  0.00008		 -0.00005
  0.00005		 -0.00006
  0.00002		 -0.00006
 -0.00001		 -0.00006
 -0.00003		 -0.00004
 -0.00004		 -0.00002
 -0.00004		  0.00001
 -0.00003		  0.00003
 -0.00001		  0.00004
  0.00001		  0.00005
  0.00003		  0.00005
  0.00005		  0.00004
  0.00007		  0.00002
  0.00008		 -0.00001
  0.00008		 -0.00003
  0.00007		 -0.00005
  0.00005		 -0.00007
  0.00003		 -0.00009
  0.00000		 -0.00009
 -0.00002		 -0.00009
 -0.00005		 -0.00008
 -0.00006		 -0.00006
 -0.00007		 -0.00004
 -0.00008		 -0.00002
 -0.00007		  0.00000
 -0.00006		  0.00002
 -0.00005		  0.00003
 -0.00004		  0.00004
 -0.00002		  0.00004
 -0.00001		  0.00004
 -0.00000		  0.00004
  0.00001		  0.00003
  0.00001		  0.00002
  0.00001		  0.00001
  0.00001		  0.00001
  0.00000		  0.00000
  0.00000		  0.00000
 -0.00000		  0.00000
 -0.00001		  0.00001
 -0.00001		  0.00001
 -0.00001		  0.00001
 -0.00001		  0.00002
 -0.00001		  0.00002
 -0.00000		  0.00003
  0.00000		  0.00003
  0.00001		  0.00003
  0.00002		  0.00003
  0.00003		  0.00003
  0.00004		  0.00002
  0.00004		  0.00002
  0.00005		  0.00001
  0.00005		 -0.00001
  0.00005		 -0.00002
  0.00005		 -0.00003
  0.00004		 -0.00004
  0.00003		 -0.00005
  0.00001		 -0.00005
 -0.00000		 -0.00006
 -0.00002		 -0.00005
 -0.00003		 -0.00004
 -0.00004		 -0.00003
 -0.00004		 -0.00002
 -0.00004		 -0.00000
 -0.00004		  0.00001
 -0.00003		  0.00002
 -0.00002		  0.00003
 -0.00001		  0.00003
  0.00001		  0.00002
  0.00002		  0.00002
  0.00002		  0.00000
  0.00002		 -0.00001
  0.00002		 -0.00002
  0.00000		 -0.00003
 -0.00001		 -0.00003
 -0.00002		 -0.00003
 -0.00004		 -0.00002
 -0.00005		 -0.00001
 -0.00005		  0.00001
 -0.00005		  0.00002
 -0.00005		  0.00004
 -0.00003		  0.00006
 -0.00001		  0.00007
  0.00001		  0.00007
  0.00003		  0.00006
  0.00005		  0.00005
  0.00006		  0.00003
  0.00007		  0.00001
  0.00006		 -0.00001
  0.00005		 -0.00003
  0.00004		 -0.00004
  0.00002		 -0.00005
  0.00000		 -0.00005
 -0.00002		 -0.00004
 -0.00003		 -0.00003
 -0.00004		 -0.00001
 -0.00004		  0.00000
 -0.00003		  0.00002
 -0.00002		  0.00003
 -0.00000		  0.00003
  0.00002		  0.00003
  0.00003		  0.00003
  0.00004		  0.00001
  0.00005		 -0.00001
  0.00004		 -0.00002
  0.00003		 -0.00004
  0.00002		 -0.00005
  0.00000		 -0.00006
 -0.00002		 -0.00006
 -0.00004		 -0.00005
 -0.00005		 -0.00003
 -0.00006		 -0.00002
 -0.00006		  0.00000
 -0.00006		  0.00002
 -0.00004		  0.00004
 -0.00003		  0.00005
 -0.00001		  0.00005
  0.00001		  0.00005
  0.00002		  0.00004
  0.00003		  0.00003
  0.00004		  0.00001
  0.00003		 -0.00000
  0.00003		 -0.00002
  0.00002		 -0.00002
  0.00000		 -0.00003
 -0.00001		 -0.00002
 -0.00002		 -0.00002
 -0.00003		 -0.00000
 -0.00003		  0.00001
 -0.00002		  0.00002
 -0.00002		  0.00003
 -0.00000		  0.00004
  0.00001		  0.00004
  0.00002		  0.00003
  0.00003		  0.00003
  0.00004		  0.00001
  0.00004		  0.00000
  0.00004		 -0.00001
  0.00004		 -0.00002
  0.00003		 -0.00003
  0.00001		 -0.00004
  0.00000		 -0.00004
 -0.00001		 -0.00004
 -0.00002		 -0.00003
 -0.00002		 -0.00002
 -0.00003		 -0.00001
 -0.00003		 -0.00000
 -0.00002		  0.00001
 -0.00001		  0.00001
 -0.00001		  0.00001
 -0.00000		  0.00001
  0.00001		  0.00001
  0.00001		  0.00000
  0.00001		 -0.00000
  0.00001		 -0.00001
  0.00000		 -0.00001
 -0.00000		 -0.00002
 -0.00001		 -0.00002
 -0.00001		 -0.00001
 -0.00002		 -0.00001
 -0.00002		 -0.00001
 -0.00002		  0.00000
 -0.00002		  0.00001
 -0.00002		  0.00002
 -0.00002		  0.00002
 -0.00001		  0.00003
 -0.00000		  0.00003
  0.00000		  0.00003
  0.00001		  0.00002
  0.00002		  0.00002
  0.00002		  0.00001
  0.00002		  0.00001
  0.00002		  0.00000
  0.00002		 -0.00000
  0.00002		 -0.00001
  0.00001		 -0.00001
  0.00001		 -0.00001
  0.00000		 -0.00001
 -0.00000		 -0.00001
 -0.00000		 -0.00001
 -0.00001		 -0.00000
 -0.00001		  0.00000
 -0.00000		  0.00000
 -0.00000		  0.00001
  0.00000		  0.00001
  0.00001		  0.00001
  0.00001		  0.00000
  0.00002		 -0.00000
  0.00002		 -0.00001
  0.00002		 -0.00001
  0.00001		 -0.00002
  0.00001		 -0.00002
  0.00000		 -0.00003
 -0.00001		 -0.00003
 -0.00002		 -0.00002
 -0.00002		 -0.00002
 -0.00003		 -0.00001
 -0.00003		 -0.00000
 -0.00003		  0.00000
 -0.00003		  0.00001
 -0.00002		  0.00002
 -0.00001		  0.00002
 -0.00000		  0.00003
  0.00000		  0.00002
  0.00001		  0.00002
  0.00001		  0.00001
  0.00002		  0.00001
  0.00002		 -0.00000
  0.00001		 -0.00001
  0.00001		 -0.00001
 -0.00000		 -0.00001
 -0.00001		 -0.00001
 -0.00001		 -0.00001
 -0.00002		  0.00000
 -0.00002		  0.00001
 -0.00002		  0.00002
 -0.00001		  0.00002
 -0.00000		  0.00003
  0.00001		  0.00003
  0.00002		  0.00003
  0.00003		  0.00002
  0.00003		  0.00001
  0.00004		  0.00000
  0.00004		 -0.00001
  0.00003		 -0.00002
  0.00002		 -0.00003
  0.00001		 -0.00003
  0.00000		 -0.00003
 -0.00001		 -0.00003
 -0.00002		 -0.00003
 -0.00002		 -0.00002
 -0.00002		 -0.00001
 -0.00002		  0.00000
 -0.00002		  0.00001
 -0.00001		  0.00001
 -0.00000		  0.00002
  0.00001		  0.00002
  0.00001		  0.00001
  0.00002		  0.00000
  0.00002		 -0.00001
  0.00001		 -0.00001
  0.00001		 -0.00002
  0.00000		 -0.00003
 -0.00001		 -0.00003
 -0.00002		 -0.00002
 -0.00003		 -0.00002
 -0.00003		 -0.00001
 -0.00003		  0.00000
 -0.00003		  0.00001
 -0.00003		  0.00002
 -0.00002		  0.00003
 -0.00001		  0.00004
  0.00000		  0.00004
  0.00001		  0.00003
  0.00002		  0.00003
  0.00003		  0.00002
  0.00003		  0.00001
  0.00003		 -0.00000
  0.00002		 -0.00001
  0.00002		 -0.00001
  0.00001		 -0.00002
  0.00000		 -0.00002
 -0.00001		 -0.00001
 -0.00001		 -0.00001
 -0.00001		 -0.00000
 -0.00001		  0.00001
 -0.00001		  0.00001
 -0.00000		  0.00002
  0.00000		  0.00002
  0.00001		  0.00002
  0.00002		  0.00001
  0.00002		  0.00001
  0.00003		 -0.00000
  0.00003		 -0.00001
  0.00002		 -0.00002
  0.00002		 -0.00003
  0.00001		 -0.00003
 -0.00000		 -0.00003
 -0.00001		 -0.00003
 -0.00002		 -0.00003
 -0.00003		 -0.00002
 -0.00003		 -0.00001
 -0.00003		 -0.00000
 -0.00003		  0.00000
 -0.00002		  0.00001
 -0.00002		  0.00002
 -0.00001		  0.00002
 -0.00000		  0.00002
  0.00000		  0.00002
  0.00001		  0.00001
  0.00001		  0.00001
  0.00001		  0.00000
  0.00001		 -0.00000
  0.00000		 -0.00001
 -0.00000		 -0.00001
 -0.00001		 -0.00001
 -0.00001		 -0.00000
 -0.00002		  0.00000
 -0.00002		  0.00001
 -0.00002		  0.00001
 -0.00001		  0.00002
 -0.00001		  0.00002
  0.00000		  0.00003
  0.00001		  0.00003
  0.00002		  0.00002
  0.00002		  0.00002
  0.00003		  0.00001
  0.00003		  0.00001
  0.00003		 -0.00000
  0.00003		 -0.00001
  0.00002		 -0.00002
  0.00002		 -0.00002
  0.00001		 -0.00002
  0.00000		 -0.00002
 -0.00000		 -0.00002
 -0.00001		 -0.00002
 -0.00001		 -0.00001
 -0.00001		 -0.00001
 -0.00001		 -0.00000
 -0.00001		  0.00000
 -0.00000		  0.00000
  0.00000		  0.00000
  0.00000		  0.00000
  0.00001		 -0.00000
  0.00001		 -0.00001
  0.00001		 -0.00001
  0.00000		 -0.00001
 -0.00000		 -0.00002
 -0.00001		 -0.00002
 -0.00001		 -0.00002
 -0.00002		 -0.00001
 -0.00002		 -0.00001
 -0.00002		 -0.00000
 -0.00003		  0.00000
 -0.00002		  0.00001
 -0.00002		  0.00001
 -0.00002		  0.00002
 -0.00001		  0.00002
 -0.00001		  0.00002
 -0.00000		  0.00002
  0.00000		  0.00002
  0.00001		  0.00002
  0.00001		  0.00002
  0.00001		  0.00001
  0.00002		  0.00001
  0.00001		  0.00000
  0.00001		  0.00000
  0.00001		 -0.00000
  0.00001		 -0.00000
  0.00001		 -0.00000
  0.00000		 -0.00000
  0.00000		 -0.00000
  0.00000		  0.00000
  0.00000		  0.00000
  0.00000		  0.00000
  0.00001		  0.00000
  0.00001		  0.00000
  0.00001		  0.00000
  0.00001		  0.00000
  0.00002		 -0.00000
  0.00002		 -0.00001
  0.00002		 -0.00001
  0.00001		 -0.00002
  0.00001		 -0.00002
  0.00001		 -0.00002
 -0.00000		 -0.00003
 -0.00001		 -0.00003
 -0.00001		 -0.00002
 -0.00002		 -0.00002
 -0.00002		 -0.00001
 -0.00003		 -0.00001
 -0.00003		 -0.00000
 -0.00003		  0.00000
 -0.00002		  0.00001
 -0.00002		  0.00002
 -0.00001		  0.00002
 -0.00001		  0.00002
 -0.00000		  0.00002
  0.00000		  0.00001
  0.00001		  0.00001
  0.00001		  0.00000
  0.00001		  0.00000
  0.00000		 -0.00000
 -0.00000		 -0.00000
 -0.00001		 -0.00000
 -0.00001		 -0.00000
 -0.00001		  0.00000
 -0.00001		  0.00001
 -0.00001		  0.00002
 -0.00001		  0.00002
 -0.00000		  0.00003
  0.00000		  0.00003
  0.00001		  0.00003
  0.00002		  0.00002
  0.00003		  0.00002
  0.00003		  0.00001
  0.00004		 -0.00000
  0.00003		 -0.00001
  0.00003		 -0.00002
  0.00002		 -0.00003
  0.00001		 -0.00003
  0.00000		 -0.00003
 -0.00001		 -0.00003
 -0.00001		 -0.00002
 -0.00002		 -0.00002
 -0.00002		 -0.00001
 -0.00002		 -0.00000
 -0.00001		  0.00001
 -0.00001		  0.00001
 -0.00000		  0.00001
  0.00001		  0.00001
  0.00001		  0.00000
  0.00001		 -0.00000
  0.00001		 -0.00001
  0.00001		 -0.00002
  0.00000		 -0.00002
 -0.00001		 -0.00003
 -0.00001		 -0.00002
 -0.00002		 -0.00002
 -0.00003		 -0.00001
 -0.00004		 -0.00000
 -0.00004		  0.00001
 -0.00003		  0.00002
 -0.00003		  0.00003
 -0.00002		  0.00003
 -0.00001		  0.00004
  0.00000		  0.00004
  0.00001		  0.00003
  0.00002		  0.00002
  0.00003		  0.00002
  0.00003		  0.00001
  0.00002		 -0.00000
  0.00002		 -0.00001
  0.00001		 -0.00001
  0.00001		 -0.00001
 -0.00000		 -0.00001
 -0.00001		 -0.00001
 -0.00001		 -0.00000
 -0.00001		  0.00001
 -0.00000		  0.00001
  0.00000		  0.00002
  0.00001		  0.00002
  0.00002		  0.00001
  0.00002		  0.00001
  0.00003		  0.00000
  0.00003		 -0.00001
  0.00003		 -0.00001
  0.00002		 -0.00002
  0.00002		 -0.00003
  0.00001		 -0.00003
 -0.00000		 -0.00003
 -0.00001		 -0.00003
 -0.00002		 -0.00002
 -0.00002		 -0.00002
 -0.00002		 -0.00001
 -0.00002		 -0.00000
 -0.00002		  0.00000
 -0.00002		  0.00001
 -0.00001		  0.00001
 -0.00001		  0.00001
 -0.00000		  0.00001
 -0.00000		  0.00001
  0.00000		  0.00000
 -0.00000		 -0.00000
 -0.00000		 -0.00000
 -0.00001		 -0.00000
 -0.00001		 -0.00000
 -0.00001		 -0.00000
 -0.00001		  0.00000
 -0.00001		  0.00001
 -0.00001		  0.00001
 -0.00001		  0.00002
 -0.00001		  0.00002
 -0.00000		  0.00002
  0.00000		  0.00002
  0.00001		  0.00002
  0.00001		  0.00002
  0.00002		  0.00001
  0.00002		  0.00001
  0.00002		  0.00000
  0.00002		 -0.00000
  0.00002		 -0.00000
  0.00001		 -0.00001
  0.00001		 -0.00001
  0.00001		 -0.00001
  0.00001		 -0.00001
  0.00001		 -0.00001
  0.00001		 -0.00001
  0.00001		 -0.00001
  0.00001		 -0.00001
  0.00001		 -0.00001
  0.00000		 -0.00001
  0.00000		 -0.00001
  0.00000		 -0.00001
 -0.00000		 -0.00001
 -0.00000		 -0.00001
 -0.00001		 -0.00001
 -0.00001		 -0.00001
 -0.00001		 -0.00001
 -0.00001		 -0.00001
 -0.00001		 -0.00000
 -0.00001		 -0.00000
 -0.00001		 -0.00000
 -0.00001		  0.00000
 -0.00001		  0.00000
 -0.00001		  0.00000
 -0.00001		  0.00000
 -0.00001		  0.00000
 -0.00001		  0.00000
 -0.00001		  0.00000
 -0.00001		  0.00001
 -0.00001		  0.00001
 -0.00001		  0.00001
 -0.00001		  0.00001
 -0.00000		  0.00002
 -0.00000		  0.00002
  0.00000		  0.00002
  0.00001		  0.00002
  0.00001		  0.00001
  0.00001		  0.00001
  0.00001		  0.00001
  0.00002		  0.00000
  0.00001		  0.00000
  0.00001		 -0.00000
  0.00001		 -0.00000
  0.00001		 -0.00001
  0.00001		 -0.00001
  0.00000		 -0.00001
  0.00000		 -0.00000
  0.00000		 -0.00000
  0.00000		 -0.00000
  0.00000		 -0.00000
  0.00001		 -0.00000
  0.00001		 -0.00000
  0.00001		 -0.00000
  0.00001		 -0.00001
  0.00001		 -0.00001
  0.00001		 -0.00001
  0.00000		 -0.00002
 -0.00000		 -0.00002
 -0.00001		 -0.00002
 -0.00001		 -0.00002
 -0.00001		 -0.00001
 -0.00002		 -0.00001
 -0.00002		 -0.00000
 -0.00002		  0.00000
 -0.00002		  0.00000
 -0.00001		  0.00001
 -0.00001		  0.00001
 -0.00001		  0.00001
 -0.00000		  0.00001
 -0.00000		  0.00001
  0.00000		  0.00001
  0.00000		  0.00001
  0.00000		  0.00000
  0.00000		  0.00000
 -0.00000		  0.00000
 -0.00000		  0.00000
 -0.00000		  0.00000
 -0.00001		  0.00001
 -0.00001		  0.00001
 -0.00000		  0.00001
 -0.00000		  0.00001
  0.00000		  0.00001
  0.00001		  0.00001
  0.00001		  0.00001
  0.00001		  0.00001
  0.00002		  0.00001
  0.00002		  0.00000
  0.00002		 -0.00000
  0.00002		 -0.00001
  0.00001		 -0.00001
  0.00001		 -0.00001
  0.00001		 -0.00001
  0.00000		 -0.00001
 -0.00000		 -0.00001
 -0.00000		 -0.00001
 -0.00001		 -0.00001
 -0.00001		 -0.00001
 -0.00001		 -0.00000
 -0.00000		 -0.00000
 -0.00000		 -0.00000
 -0.00000		 -0.00000
  0.00000		 -0.00000
  0.00000		 -0.00000
  0.00000		 -0.00001
 -0.00000		 -0.00001
 -0.00000		 -0.00001
 -0.00001		 -0.00001
 -0.00001		 -0.00001
 -0.00001		 -0.00001
 -0.00001		 -0.00000
 -0.00002		 -0.00000
 -0.00002		  0.00000
 -0.00001		  0.00001
 -0.00001		  0.00001
 -0.00001		  0.00001
 -0.00001		  0.00001
 -0.00000		  0.00002
  0.00000		  0.00001
  0.00001		  0.00001
  0.00001		  0.00001
  0.00001		  0.00001
  0.00001		  0.00000
  0.00001		  0.00000
  0.00001		 -0.00000
  0.00000		 -0.00000
  0.00000		 -0.00000
  0.00000		 -0.00000
  0.00000		  0.00000
  0.00000		  0.00000
  0.00000		  0.00000
  0.00000		  0.00000
  0.00001		  0.00000
  0.00001		  0.00000
  0.00001		  0.00000
  0.00001		  0.00000
  0.00001		 -0.00000
  0.00001		 -0.00001
  0.00001		 -0.00001
  0.00001		 -0.00001
  0.00000		 -0.00001
  0.00000		 -0.00001
 -0.00000		 -0.00001
 -0.00001		 -0.00001
 -0.00001		 -0.00001
 -0.00001		 -0.00001
 -0.00001		 -0.00000
 -0.00001		 -0.00000
 -0.00001		  0.00000
 -0.00001		  0.00000
 -0.00001		  0.00000
 -0.00000		  0.00000
 -0.00000		  0.00000
 -0.00000		  0.00000
 -0.00000		  0.00000
 -0.00000		 -0.00000
 -0.00000		 -0.00000
 -0.00000		 -0.00000
 -0.00001		 -0.00000
 -0.00001		  0.00000
 -0.00001		  0.00000
 -0.00001		  0.00000
 -0.00001		  0.00001
 -0.00001		  0.00001
 -0.00000		  0.00001
 -0.00000		  0.00001
  0.00000		  0.00001
  0.00001		  0.00001
  0.00001		  0.00001
  0.00001		  0.00001
  0.00001		  0.00000
  0.00001		  0.00000
  0.00001		 -0.00000
  0.00001		 -0.00001
  0.00001		 -0.00001
  0.00000		 -0.00001
  0.00000		 -0.00001
  0.00000		 -0.00001
 -0.00000		 -0.00000
 -0.00000		 -0.00000
 -0.00000		 -0.00000
 -0.00000		 -0.00000
  0.00000		 -0.00000
  0.00000		 -0.00000
  0.00000		 -0.00000
  0.00000		 -0.00000
  0.00000		 -0.00000
  0.00000		 -0.00001
  0.00000		 -0.00001
 -0.00000		 -0.00001
 -0.00000		 -0.00001
 -0.00001		 -0.00001
 -0.00001		 -0.00001
 -0.00001		 -0.00000
 -0.00001		 -0.00000
 -0.00001		  0.00000
 -0.00001		  0.00000
 -0.00001		  0.00001
 -0.00001		  0.00001
 -0.00000		  0.00001
 -0.00000		  0.00001
 -0.00000		  0.00001
  0.00000		  0.00001
  0.00000		  0.00000
  0.00000		  0.00000
  0.00000		  0.00000
  0.00000		  0.00000
  0.00000		  0.00000
  0.00000		  0.00000
  0.00000		  0.00000
  0.00000		  0.00000
  0.00000		  0.00000
  0.00000		  0.00000
  0.00000		  0.00000
  0.00000		  0.00000
  0.00000		  0.00000
  0.00001		  0.00000
  0.00001		  0.00000
  0.00001		 -0.00000
  0.00001		 -0.00000
  0.00001		 -0.00000
  0.00000		 -0.00000
  0.00000		 -0.00000
  0.00000		 -0.00000
  0.00000		 -0.00000
  0.00000		 -0.00000
  0.00000		 -0.00000
 -0.00000		 -0.00000
 -0.00000		 -0.00000
 -0.00000		 -0.00000
 -0.00000		 -0.00000
 -0.00000		 -0.00000
 -0.00000		 -0.00000
 -0.00000		 -0.00000
 -0.00000		 -0.00000
 -0.00000		 -0.00000
 -0.00000		 -0.00000
 -0.00001		  0.00000
 -0.00000		  0.00000
 -0.00000		  0.00000
 -0.00000		  0.00000
 -0.00000		  0.00000
 -0.00000		  0.00000
 -0.00000		  0.00000
 -0.00000		  0.00000
  0.00000		  0.00000
  0.00000		  0.00000
 -0.00000		  0.00000
 -0.00000		  0.00000
 -0.00000		  0.00000
 -0.00000		  0.00000
 -0.00000		  0.00000
 -0.00000		  0.00000
 -0.00000		  0.00000
 -0.00000		  0.00001
  0.00000		  0.00001
  0.00000		  0.00001
  0.00000		  0.00000
  0.00001		  0.00000
  0.00001		  0.00000
  0.00001		 -0.00000
  0.00001		 -0.00000
  0.00001		 -0.00000
  0.00001		 -0.00001
  0.00000		 -0.00001
  0.00000		 -0.00001
 -0.00000		 -0.00001
 -0.00000		 -0.00001
 -0.00000		 -0.00000
 -0.00000		 -0.00000
 -0.00000		  0.00000
 -0.00000		  0.00000
 -0.00000		  0.00000
 -0.00000		  0.00000
  0.00000		  0.00000
  0.00000		  0.00000
  0.00000		 -0.00000
  0.00000		 -0.00000
  0.00000		 -0.00000
  0.00000		 -0.00001
 -0.00000		 -0.00001
 -0.00000		 -0.00001
 -0.00001		 -0.00001
 -0.00001		 -0.00000
 -0.00001		 -0.00000
 -0.00001		  0.00000
 -0.00001		  0.00000
 -0.00001		  0.00001
 -0.00000		  0.00001
 -0.00000		  0.00001
  0.00000		  0.00001
  0.00000		  0.00001
  0.00001		  0.00001
  0.00001		  0.00000
  0.00001		 -0.00000
  0.00001		 -0.00000
  0.00000		 -0.00000
  0.00000		 -0.00001
 -0.00000		 -0.00001
 -0.00000		 -0.00000
 -0.00000		 -0.00000
 -0.00000		 -0.00000
 -0.00000		  0.00000
 -0.00000		  0.00000
 -0.00000		  0.00001
  0.00000		  0.00001
  0.00000		  0.00001
  0.00001		  0.00000
  0.00001		  0.00000
  0.00001		 -0.00000
  0.00001		 -0.00000
  0.00001		 -0.00001
  0.00000		 -0.00001
  0.00000		 -0.00001
 -0.00000		 -0.00001
 -0.00000		 -0.00001
 -0.00001		 -0.00001
 -0.00001		 -0.00000
 -0.00001		 -0.00000
 -0.00001		  0.00000
 -0.00001		  0.00000
 -0.00000		  0.00001
 -0.00000		  0.00001
  0.00000		  0.00001
  0.00000		  0.00000
  0.00000		  0.00000
  0.00000		  0.00000
  0.00000		 -0.00000
  0.00000		 -0.00000
  0.00000		 -0.00000
 -0.00000		 -0.00000
 -0.00000		 -0.00000
 -0.00000		 -0.00000
 -0.00000		 -0.00000
 -0.00001		  0.00000
 -0.00000		  0.00000
 -0.00000		  0.00000
 -0.00000		  0.00001
 -0.00000		  0.00001
  0.00000		  0.00001
  0.00000		  0.00001
  0.00000		  0.00000
  0.00001		  0.00000
  0.00001		  0.00000
  0.00001		 -0.00000
  0.00000		 -0.00000
  0.00000		 -0.00000
  0.00000		 -0.00000
  0.00000		 -0.00000
 -0.00000		 -0.00000
 -0.00000		 -0.00000
 -0.00000		 -0.00000
 -0.00000		 -0.00000
 -0.00000		  0.00000
 -0.00000		  0.00000
 -0.00000		  0.00000
 -0.00000		  0.00000
  0.00000		  0.00000
  0.00000		  0.00000
  0.00000		  0.00000
  0.00000		 -0.00000
  0.00000		 -0.00000
  0.00000		 -0.00000
  0.00000		 -0.00000
 -0.00000		 -0.00000
 -0.00000		 -0.00000
 -0.00000		 -0.00000
 -0.00000		 -0.00000
 -0.00000		 -0.00000
 -0.00000		  0.00000
 -0.00000		  0.00000
 -0.00000		  0.00000
 -0.00000		  0.00000
 -0.00000		  0.00000
  0.00000		  0.00000
  0.00000		  0.00000
  0.00000		  0.00000
  0.00000		  0.00000
  0.00000		  0.00000
  0.00000		  0.00000
  0.00000		 -0.00000
  0.00000		 -0.00000
  0.00000		 -0.00000
  0.00000		 -0.00000
  0.00000		 -0.00000
 -0.00000		 -0.00000
 -0.00000		 -0.00000
 -0.00000		 -0.00000
 -0.00000		  0.00000
 -0.00000		  0.00000
  0.00000		  0.00000
  0.00000		  0.00000
  0.00000		  0.00000
  0.00000		  0.00000
  0.00000		  0.00000
  0.00000		 -0.00000
  0.00000		 -0.00000
  0.00000		 -0.00000
  0.00000		 -0.00000
  0.00000		 -0.00000
  0.00000		 -0.00000
 -0.00000		 -0.00000
 -0.00000		 -0.00000
 -0.00000		 -0.00000
 -0.00000		 -0.00000
 -0.00000		 -0.00000
 -0.00000		 -0.00000
 -0.00000		  0.00000
 -0.00000		  0.00000
 -0.00000		  0.00000
 -0.00000		  0.00000
 -0.00000		  0.00000
 -0.00000		  0.00000
  0.00000		  0.00000
  0.00000		  0.00000
  0.00000		  0.00000
  0.00000		  0.00000
  0.00000		 -0.00000
  0.00000		 -0.00000
  0.00000		 -0.00000
  0.00000		 -0.00000
 -0.00000		 -0.00000
 -0.00000		 -0.00000
 -0.00000		 -0.00000
 -0.00000		  0.00000
 -0.00000		  0.00000
 -0.00000		  0.00000
 -0.00000		  0.00000
  0.00000		  0.00000
  0.00000		  0.00000
  0.00000		  0.00000
  0.00000		  0.00000
  0.00000		  0.00000
  0.00000		 -0.00000
  0.00000		 -0.00000
  0.00000		 -0.00000
  0.00000		 -0.00000
  0.00000		 -0.00000
 -0.00000		 -0.00000
 -0.00000		 -0.00000
 -0.00000		 -0.00000
 -0.00000		 -0.00000
 -0.00000		 -0.00000
 -0.00000		  0.00000
 -0.00000		  0.00000
 -0.00000		  0.00000
 -0.00000		  0.00000
  0.00000		  0.00000
  0.00000		  0.00000
  0.00000		  0.00000
  0.00000		  0.00000
  0.00000		 -0.00000
  0.00000		 -0.00000
  0.00000		 -0.00000
 -0.00000		 -0.00000
 -0.00000		 -0.00000
 -0.00000		 -0.00000
 -0.00000		 -0.00000
 -0.00000		  0.00000
 -0.00000		  0.00000
 -0.00000		  0.00000
 -0.00000		  0.00000
 -0.00000		  0.00000
  0.00000		  0.00000
  0.00000		  0.00000
  0.00000		  0.00000
  0.00000		  0.00000
  0.00000		 -0.00000
  0.00000		 -0.00000
  0.00000		 -0.00000
  0.00000		 -0.00000
  0.00000		 -0.00000
 -0.00000		 -0.00000
 -0.00000		 -0.00000
 -0.00000		 -0.00000
 -0.00000		 -0.00000
 -0.00000		  0.00000
 -0.00000		  0.00000
 -0.00000		  0.00000
 -0.00000		  0.00000
  0.00000		  0.00000
  0.00000		  0.00000
  0.00000		  0.00000
  0.00000		 -0.00000
  0.00000		 -0.00000
  0.00000		 -0.00000
  0.00000		 -0.00000
  0.00000		 -0.00000
 -0.00000		 -0.00000
 -0.00000		 -0.00000
 -0.00000		 -0.00000
 -0.00000		 -0.00000
 -0.00000		  0.00000
 -0.00000		  0.00000
 -0.00000		  0.00000
 -0.00000		  0.00000
 -0.00000		  0.00000
  0.00000		  0.00000
  0.00000		  0.00000
  0.00000		  0.00000
  0.00000		  0.00000
  0.00000		 -0.00000
  0.00000		 -0.00000
  0.00000		 -0.00000
  0.00000		 -0.00000
 -0.00000		 -0.00000
 -0.00000		 -0.00000
 -0.00000		 -0.00000
 -0.00000		  0.00000
 -0.00000		  0.00000
 -0.00000		  0.00000
 -0.00000		  0.00000
  0.00000		  0.00000
  0.00000		  0.00000
  0.00000		  0.00000
  0.00000		  0.00000
  0.00000		  0.00000
  0.00000		 -0.00000
  0.00000		 -0.00000
  0.00000		 -0.00000
  0.00000		 -0.00000
 -0.00000		 -0.00000
 -0.00000		 -0.00000
 -0.00000		 -0.00000
 -0.00000		 -0.00000
 -0.00000		 -0.00000
 -0.00000		  0.00000
 -0.00000		  0.00000
 -0.00000		  0.00000
 -0.00000		  0.00000
 -0.00000		  0.00000
  0.00000		  0.00000
  0.00000		  0.00000
  0.00000		 -0.00000
  0.00000		 -0.00000
  0.00000		 -0.00000
 -0.00000		 -0.00000
 -0.00000		 -0.00000
 -0.00000		 -0.00000
 -0.00000		 -0.00000
 -0.00000		 -0.00000
 -0.00000		  0.00000
 -0.00000		  0.00000
 -0.00000		  0.00000
 -0.00000		  0.00000
 -0.00000		  0.00000
 -0.00000		  0.00000
 -0.00000		  0.00000
 -0.00000		  0.00000
 -0.00000		  0.00000
  0.00000		  0.00000
  0.00000		  0.00000
  0.00000		  0.00000
  0.00000		  0.00000
  0.00000		  0.00000
  0.00000		  0.00000
  0.00000		 -0.00000
  0.00000		 -0.00000
  0.00000		 -0.00000
  0.00000		 -0.00000
  0.00000		 -0.00000
  0.00000		 -0.00000
 -0.00000		 -0.00000
 -0.00000		 -0.00000
 -0.00000		 -0.00000
 -0.00000		 -0.00000
 -0.00000		  0.00000
 -0.00000		  0.00000
 -0.00000		  0.00000
  0.00000		  0.00000
  0.00000		  0.00000
  0.00000		  0.00000
  0.00000		 -0.00000
  0.00000		 -0.00000
  0.00000		 -0.00000
  0.00000		 -0.00000
 -0.00000		 -0.00000
 -0.00000		 -0.00000
 -0.00000		 -0.00000
 -0.00000		 -0.00000
 -0.00000		 -0.00000
 -0.00000		  0.00000
 -0.00000		  0.00000
 -0.00000		  0.00000
 -0.00000		  0.00000
 -0.00000		  0.00000
  0.00000		  0.00000
  0.00000		  0.00000
  0.00000		  0.00000
  0.00000		  0.00000
  0.00000		 -0.00000
  0.00000		 -0.00000
  0.00000		 -0.00000
  0.00000		 -0.00000
 -0.00000		 -0.00000
 -0.00000		 -0.00000
 -0.00000		 -0.00000
 -0.00000		  0.00000
 -0.00000		  0.00000
 -0.00000		  0.00000
 -0.00000		  0.00000
  0.00000		  0.00000
  0.00000		  0.00000
  0.00000		  0.00000
  0.00000		  0.00000
  0.00000		 -0.00000
  0.00000		 -0.00000
  0.00000		 -0.00000
  0.00000		 -0.00000
  0.00000		 -0.00000
 -0.00000		 -0.00000
 -0.00000		 -0.00000
 -0.00000		 -0.00000
 -0.00000		 -0.00000
 -0.00000		 -0.00000
 -0.00000		  0.00000
 -0.00000		  0.00000
 -0.00000		  0.00000
 -0.00000		  0.00000
  0.00000		  0.00000
  0.00000		  0.00000
  0.00000		  0.00000
  0.00000		 -0.00000
  0.00000		 -0.00000
  0.00000		 -0.00000
 -0.00000		 -0.00000
 -0.00000		 -0.00000
 -0.00000		 -0.00000
 -0.00000		 -0.00000
 -0.00000		  0.00000
 -0.00000		  0.00000
 -0.00000		  0.00000
 -0.00000		  0.00000
 -0.00000		  0.00000
  0.00000		  0.00000
  0.00000		  0.00000
  0.00000		  0.00000
  0.00000		  0.00000
  0.00000		  0.00000
  0.00000		 -0.00000
  0.00000		 -0.00000
  0.00000		 -0.00000
  0.00000		 -0.00000
  0.00000		 -0.00000
 -0.00000		 -0.00000
 -0.00000		 -0.00000
 -0.00000		  0.00000
 -0.00000		  0.00000
  0.00000		  0.00000
  0.00000		  0.00000
  0.00000		  0.00000
  0.00000		  0.00000
  0.00000		 -0.00000
  0.00000		 -0.00000
  0.00000		 -0.00000
  0.00000		 -0.00000
  0.00000		 -0.00000
  0.00000		 -0.00000
 -0.00000		 -0.00000
 -0.00000		 -0.00000
 -0.00000		 -0.00000
 -0.00000		 -0.00000
 -0.00000		 -0.00000
 -0.00000		 -0.00000
 -0.00000		 -0.00000
 -0.00000		 -0.00000
 -0.00000		  0.00000
 -0.00000		  0.00000
 -0.00000		  0.00000
 -0.00000		  0.00000
 -0.00000		  0.00000
 -0.00000		  0.00000
 -0.00000		  0.00000
 -0.00000		  0.00000
 -0.00000		  0.00000
 -0.00000		  0.00000
 -0.00000		  0.00000
  0.00000		  0.00000
  0.00000		  0.00000
  0.00000		  0.00000
  0.00000		  0.00000
  0.00000		  0.00000
  0.00000		  0.00000
  0.00000		  0.00000
  0.00000		  0.00000
  0.00000		  0.00000
  0.00000		  0.00000
  0.00000		  0.00000
  0.00000		  0.00000
  0.00000		  0.00000
  0.00000		  0.00000
  0.00000		  0.00000
  0.00000		  0.00000
  0.00000		  0.00000
  0.00000		 -0.00000
  0.00000		 -0.00000
  0.00000		 -0.00000
  0.00000		 -0.00000
  0.00000		 -0.00000
  0.00000		 -0.00000
 -0.00000		 -0.00000
 -0.00000		 -0.00000
 -0.00000		 -0.00000
 -0.00000		 -0.00000
 -0.00000		 -0.00000
 -0.00000		 -0.00000
 -0.00000		  0.00000
 -0.00000		  0.00000
 -0.00000		  0.00000
 -0.00000		  0.00000
  0.00000		  0.00000
  0.00000		  0.00000
  0.00000		 -0.00000
  0.00000		 -0.00000
 -0.00000		 -0.00000
 -0.00000		 -0.00000
 -0.00000		 -0.00000
 -0.00000		 -0.00000
 -0.00000		  0.00000
 -0.00000		  0.00000
 -0.00000		  0.00000
 -0.00000		  0.00000
 -0.00000		  0.00000
 -0.00000		  0.00000
  0.00000		  0.00000
  0.00000		  0.00000
  0.00000		  0.00000
  0.00000		  0.00000
  0.00000		  0.00000
  0.00000		 -0.00000
  0.00000		 -0.00000
  0.00000		 -0.00000
  0.00000		 -0.00000
  0.00000		 -0.00000
 -0.00000		 -0.00000
 -0.00000		 -0.00000
 -0.00000		 -0.00000
 -0.00000		  0.00000
  0.00000		  0.00000
  0.00000		  0.00000
  0.00000		  0.00000
  0.00000		  0.00000
  0.00000		 -0.00000
  0.00000		 -0.00000
  0.00000		 -0.00000
  0.00000		 -0.00000
  0.00000		 -0.00000
 -0.00000		 -0.00000
 -0.00000		 -0.00000
 -0.00000		 -0.00000
 -0.00000		 -0.00000
 -0.00000		 -0.00000
 -0.00000		 -0.00000
 -0.00000		  0.00000
 -0.00000		  0.00000
 -0.00000		  0.00000
 -0.00000		  0.00000
 -0.00000		  0.00000
  0.00000		  0.00000
  0.00000		  0.00000
  0.00000		  0.00000
  0.00000		 -0.00000
 -0.00000		 -0.00000
 -0.00000		 -0.00000
 -0.00000		 -0.00000
 -0.00000		  0.00000
 -0.00000		  0.00000
 -0.00000		  0.00000
 -0.00000		  0.00000
 -0.00000		  0.00000
  0.00000		  0.00000
  0.00000		  0.00000
  0.00000		  0.00000
  0.00000		  0.00000
  0.00000		  0.00000
  0.00000		  0.00000
  0.00000		 -0.00000
  0.00000		 -0.00000
  0.00000		 -0.00000
  0.00000		 -0.00000
  0.00000		 -0.00000
 -0.00000		 -0.00000
 -0.00000		 -0.00000
 -0.00000		 -0.00000
 -0.00000		 -0.00000
 -0.00000		 -0.00000
 -0.00000		  0.00000
  0.00000		  0.00000
  0.00000		 -0.00000
  0.00000		 -0.00000
  0.00000		 -0.00000
  0.00000		 -0.00000
  0.00000		 -0.00000
 -0.00000		 -0.00000
 -0.00000		 -0.00000
 -0.00000		 -0.00000
 -0.00000		 -0.00000
 -0.00000		 -0.00000
 -0.00000		 -0.00000
 -0.00000		  0.00000
 -0.00000		  0.00000
 -0.00000		  0.00000
 -0.00000		  0.00000
 -0.00000		  0.00000
 -0.00000		  0.00000
  0.00000		  0.00000
  0.00000		  0.00000
  0.00000		  0.00000
  0.00000		  0.00000
  0.00000		  0.00000
  0.00000		 -0.00000
  0.00000		 -0.00000
 -0.00000		 -0.00000
 -0.00000		  0.00000
 -0.00000		  0.00000
 -0.00000		  0.00000
 -0.00000		  0.00000
  0.00000		  0.00000
  0.00000		  0.00000
  0.00000		  0.00000
  0.00000		  0.00000
  0.00000		  0.00000
  0.00000		 -0.00000
  0.00000		 -0.00000
  0.00000		 -0.00000
  0.00000		 -0.00000
  0.00000		 -0.00000
  0.00000		 -0.00000
 -0.00000		 -0.00000
 -0.00000		 -0.00000
 -0.00000		 -0.00000
 -0.00000		 -0.00000
 -0.00000		 -0.00000
 -0.00000		 -0.00000
 -0.00000		  0.00000
 -0.00000		  0.00000
 -0.00000		  0.00000
  0.00000		 -0.00000
  0.00000		 -0.00000
 -0.00000		 -0.00000
 -0.00000		 -0.00000
 -0.00000		 -0.00000
 -0.00000		 -0.00000
 -0.00000		 -0.00000
 -0.00000		 -0.00000
 -0.00000		  0.00000
 -0.00000		  0.00000
 -0.00000		  0.00000
 -0.00000		  0.00000
 -0.00000		  0.00000
 -0.00000		  0.00000
  0.00000		  0.00000
  0.00000		  0.00000
  0.00000		  0.00000
  0.00000		  0.00000
  0.00000		  0.00000
  0.00000		  0.00000
  0.00000		  0.00000
  0.00000		  0.00000
  0.00000		 -0.00000
  0.00000		  0.00000
  0.00000		  0.00000
  0.00000		  0.00000
  0.00000		  0.00000
  0.00000		  0.00000
  0.00000		  0.00000
  0.00000		  0.00000
  0.00000		 -0.00000
  0.00000		 -0.00000
  0.00000		 -0.00000
  0.00000		 -0.00000
  0.00000		 -0.00000
  0.00000		 -0.00000
 -0.00000		 -0.00000
 -0.00000		 -0.00000
 -0.00000		 -0.00000
 -0.00000		 -0.00000
 -0.00000		 -0.00000
 -0.00000		 -0.00000
 -0.00000		 -0.00000
 -0.00000		 -0.00000
 -0.00000		 -0.00000
 -0.00000		 -0.00000
 -0.00000		 -0.00000
 -0.00000		 -0.00000
 -0.00000		 -0.00000
 -0.00000		 -0.00000
 -0.00000		 -0.00000
 -0.00000		 -0.00000
 -0.00000		  0.00000
 -0.00000		  0.00000
 -0.00000		  0.00000
 -0.00000		  0.00000
 -0.00000		  0.00000
 -0.00000		  0.00000
  0.00000		  0.00000
  0.00000		  0.00000
  0.00000		  0.00000
  0.00000		  0.00000
  0.00000		  0.00000
  0.00000		  0.00000
  0.00000		 -0.00000
  0.00000		 -0.00000
  0.00000		 -0.00000
  0.00000		 -0.00000
 -0.00000		 -0.00000
 -0.00000		 -0.00000
 -0.00000		  0.00000
 -0.00000		  0.00000
  0.00000		  0.00000
  0.00000		  0.00000
  0.00000		  0.00000
  0.00000		  0.00000
  0.00000		 -0.00000
  0.00000		 -0.00000
  0.00000		 -0.00000
  0.00000		 -0.00000
  0.00000		 -0.00000
  0.00000		 -0.00000
 -0.00000		 -0.00000
 -0.00000		 -0.00000
 -0.00000		 -0.00000
 -0.00000		 -0.00000
 -0.00000		 -0.00000
 -0.00000		  0.00000
 -0.00000		  0.00000
 -0.00000		  0.00000
 -0.00000		  0.00000
  0.00000		  0.00000
  0.00000		  0.00000
  0.00000		  0.00000
  0.00000		 -0.00000
  0.00000		 -0.00000
  0.00000		 -0.00000
 -0.00000		 -0.00000
 -0.00000		 -0.00000
 -0.00000		 -0.00000
 -0.00000		 -0.00000
 -0.00000		  0.00000
 -0.00000		  0.00000
 -0.00000		  0.00000
 -0.00000		  0.00000
 -0.00000		  0.00000
  0.00000		  0.00000
  0.00000		  0.00000
  0.00000		  0.00000
  0.00000		  0.00000
  0.00000		 -0.00000
  0.00000		 -0.00000
  0.00000		 -0.00000
  0.00000		 -0.00000
  0.00000		 -0.00000
 -0.00000		 -0.00000
 -0.00000		 -0.00000
 -0.00000		 -0.00000
 -0.00000		 -0.00000
 -0.00000		  0.00000
 -0.00000		  0.00000
 -0.00000		  0.00000
  0.00000		  0.00000
  0.00000		  0.00000
  0.00000		  0.00000
  0.00000		 -0.00000
  0.00000		 -0.00000
  0.00000		 -0.00000
  0.00000		 -0.00000
  0.00000		 -0.00000
 -0.00000		 -0.00000
 -0.00000		 -0.00000
 -0.00000		 -0.00000
 -0.00000		 -0.00000
 -0.00000		  0.00000
 -0.00000		  0.00000
 -0.00000		  0.00000
 -0.00000		  0.00000
 -0.00000		  0.00000
 -0.00000		  0.00000
  0.00000		  0.00000
  0.00000		  0.00000
  0.00000		  0.00000
  0.00000		  0.00000
  0.00000		 -0.00000
  0.00000		 -0.00000
  0.00000		 -0.00000
 -0.00000		 -0.00000
 -0.00000		 -0.00000
 -0.00000		  0.00000
 -0.00000		  0.00000
 -0.00000		  0.00000
 -0.00000		  0.00000
  0.00000		  0.00000
  0.00000		  0.00000
  0.00000		  0.00000
  0.00000		  0.00000
  0.00000		  0.00000
  0.00000		 -0.00000
  0.00000		 -0.00000
  0.00000		 -0.00000
  0.00000		 -0.00000
  0.00000		 -0.00000
  0.00000		 -0.00000
 -0.00000		 -0.00000
 -0.00000		 -0.00000
 -0.00000		 -0.00000
 -0.00000		 -0.00000
 -0.00000		 -0.00000
 -0.00000		 -0.00000
 -0.00000		 -0.00000
 -0.00000		 -0.00000
 -0.00000		 -0.00000
 -0.00000		 -0.00000
 -0.00000		 -0.00000
 -0.00000		 -0.00000
 -0.00000		 -0.00000
 -0.00000		 -0.00000
 -0.00000		 -0.00000
 -0.00000		  0.00000
 -0.00000		  0.00000
 -0.00000		  0.00000
 -0.00000		  0.00000
 -0.00000		  0.00000
 -0.00000		  0.00000
  0.00000		  0.00000
  0.00000		  0.00000
  0.00000		  0.00000
  0.00000		  0.00000
  0.00000		  0.00000
  0.00000		  0.00000
 -0.00000		  0.00000
 -0.00000		  0.00000
 -0.00000		  0.00000
 -0.00000		  0.00000
  0.00000		  0.00000
  0.00000		  0.00000
  0.00000		  0.00000
  0.00000		  0.00000
  0.00000		  0.00000
  0.00000		  0.00000
  0.00000		 -0.00000
  0.00000		 -0.00000
  0.00000		 -0.00000
  0.00000		 -0.00000
  0.00000		 -0.00000
 -0.00000		 -0.00000
 -0.00000		 -0.00000
 -0.00000		 -0.00000
 -0.00000		 -0.00000
 -0.00000		 -0.00000
 -0.00000		  0.00000
 -0.00000		  0.00000
 -0.00000		  0.00000
  0.00000		  0.00000
  0.00000		  0.00000
  0.00000		  0.00000
  0.00000		 -0.00000
  0.00000		 -0.00000
  0.00000		 -0.00000
 -0.00000		 -0.00000
 -0.00000		 -0.00000
 -0.00000		 -0.00000
 -0.00000		 -0.00000
 -0.00000		 -0.00000
 -0.00000		  0.00000
 -0.00000		  0.00000
 -0.00000		  0.00000
 -0.00000		  0.00000
 -0.00000		  0.00000
  0.00000		  0.00000
  0.00000		  0.00000
  0.00000		  0.00000
  0.00000		  0.00000
  0.00000		 -0.00000
  0.00000		 -0.00000
  0.00000		 -0.00000
  0.00000		 -0.00000
  0.00000		 -0.00000
 -0.00000		 -0.00000
 -0.00000		 -0.00000
 -0.00000		 -0.00000
 -0.00000		  0.00000
 -0.00000		  0.00000
 -0.00000		  0.00000
  0.00000		  0.00000
  0.00000		  0.00000
  0.00000		  0.00000
  0.00000		  0.00000
  0.00000		 -0.00000
  0.00000		 -0.00000
  0.00000		 -0.00000
  0.00000		 -0.00000
  0.00000		 -0.00000
 -0.00000		 -0.00000
 -0.00000		 -0.00000
 -0.00000		 -0.00000
 -0.00000		 -0.00000
 -0.00000		 -0.00000
 -0.00000		  0.00000
 -0.00000		  0.00000
 -0.00000		  0.00000
 -0.00000		  0.00000
  0.00000		  0.00000
  0.00000		  0.00000
  0.00000		  0.00000
  0.00000		  0.00000
  0.00000		 -0.00000
  0.00000		 -0.00000
  0.00000		 -0.00000
 -0.00000		 -0.00000
 -0.00000		 -0.00000
 -0.00000		 -0.00000
 -0.00000		 -0.00000
 -0.00000		  0.00000
 -0.00000		  0.00000
 -0.00000		  0.00000
 -0.00000		  0.00000
  0.00000		  0.00000
  0.00000		  0.00000
  0.00000		  0.00000
  0.00000		  0.00000
  0.00000		  0.00000
  0.00000		 -0.00000
  0.00000		 -0.00000
  0.00000		 -0.00000
  0.00000		 -0.00000
  0.00000		 -0.00000
 -0.00000		 -0.00000
 -0.00000		 -0.00000
 -0.00000		 -0.00000
 -0.00000		 -0.00000
 -0.00000		  0.00000
 -0.00000		  0.00000
 -0.00000		  0.00000
  0.00000		  0.00000
  0.00000		  0.00000
  0.00000		  0.00000
  0.00000		 -0.00000
  0.00000		 -0.00000
  0.00000		 -0.00000
  0.00000		 -0.00000
 -0.00000		 -0.00000
 -0.00000		 -0.00000
 -0.00000		 -0.00000
 -0.00000		 -0.00000
 -0.00000		 -0.00000
 -0.00000		  0.00000
 -0.00000		  0.00000
 -0.00000		  0.00000
 -0.00000		  0.00000
 -0.00000		  0.00000
  0.00000		  0.00000
  0.00000		  0.00000
  0.00000		  0.00000
  0.00000		  0.00000
  0.00000		  0.00000
  0.00000		  0.00000
  0.00000		  0.00000
  0.00000		  0.00000
  0.00000		  0.00000
  0.00000		  0.00000
  0.00000		  0.00000
  0.00000		  0.00000
  0.00000		  0.00000
  0.00000		  0.00000
  0.00000		  0.00000
  0.00000		  0.00000
  0.00000		 -0.00000
  0.00000		 -0.00000
  0.00000		 -0.00000
  0.00000		 -0.00000
  0.00000		 -0.00000
  0.00000		 -0.00000
 -0.00000		 -0.00000
 -0.00000		 -0.00000
 -0.00000		 -0.00000
 -0.00000		 -0.00000
  0.00000		 -0.00000
  0.00000		 -0.00000
  0.00000		 -0.00000
  0.00000		 -0.00000
  0.00000		 -0.00000
  0.00000		 -0.00000
 -0.00000		 -0.00000
 -0.00000		 -0.00000
 -0.00000		 -0.00000
 -0.00000		 -0.00000
 -0.00000		 -0.00000
 -0.00000		  0.00000
 -0.00000		  0.00000
 -0.00000		  0.00000
 -0.00000		  0.00000
 -0.00000		  0.00000
  0.00000		  0.00000
  0.00000		  0.00000
  0.00000		  0.00000
  0.00000		  0.00000
  0.00000		  0.00000
  0.00000		 -0.00000
  0.00000		 -0.00000
  0.00000		 -0.00000
 -0.00000		 -0.00000
 -0.00000		 -0.00000
 -0.00000		 -0.00000
 -0.00000		  0.00000
 -0.00000		  0.00000
 -0.00000		  0.00000
 -0.00000		  0.00000
  0.00000		  0.00000
  0.00000		  0.00000
  0.00000		  0.00000
  0.00000		  0.00000
  0.00000		 -0.00000
  0.00000		 -0.00000
  0.00000		 -0.00000
  0.00000		 -0.00000
  0.00000		 -0.00000
 -0.00000		 -0.00000
 -0.00000		 -0.00000
 -0.00000		 -0.00000
 -0.00000		 -0.00000
 -0.00000		  0.00000
 -0.00000		  0.00000
 -0.00000		  0.00000
 -0.00000		  0.00000
  0.00000		  0.00000
  0.00000		  0.00000
  0.00000		  0.00000
  0.00000		  0.00000
  0.00000		 -0.00000
  0.00000		 -0.00000
  0.00000		 -0.00000
  0.00000		 -0.00000
 -0.00000		 -0.00000
 -0.00000		 -0.00000
 -0.00000		 -0.00000
 -0.00000		 -0.00000
 -0.00000		  0.00000
 -0.00000		  0.00000
 -0.00000		  0.00000
 -0.00000		  0.00000
  0.00000		  0.00000
  0.00000		  0.00000
  0.00000		  0.00000
  0.00000		  0.00000
  0.00000		  0.00000
  0.00000		 -0.00000
  0.00000		 -0.00000
  0.00000		 -0.00000
  0.00000		 -0.00000
 -0.00000		 -0.00000
 -0.00000		 -0.00000
 -0.00000		 -0.00000
 -0.00000		 -0.00000
 -0.00000		  0.00000
 -0.00000		  0.00000
 -0.00000		  0.00000
  0.00000		  0.00000
  0.00000		  0.00000
  0.00000		  0.00000
  0.00000		  0.00000
  0.00000		 -0.00000
  0.00000		 -0.00000
  0.00000		 -0.00000
  0.00000		 -0.00000
 -0.00000		 -0.00000
 -0.00000		 -0.00000
 -0.00000		 -0.00000
 -0.00000		 -0.00000
 -0.00000		 -0.00000
 -0.00000		  0.00000
 -0.00000		  0.00000
 -0.00000		  0.00000
 -0.00000		  0.00000
  0.00000		  0.00000
  0.00000		  0.00000
  0.00000		  0.00000
  0.00000		  0.00000
  0.00000		  0.00000
  0.00000		 -0.00000
  0.00000		 -0.00000
  0.00000		 -0.00000
 -0.00000		 -0.00000
 -0.00000		 -0.00000
 -0.00000		 -0.00000
 -0.00000		  0.00000
 -0.00000		  0.00000
 -0.00000		  0.00000
 -0.00000		  0.00000
  0.00000		  0.00000
  0.00000		  0.00000
  0.00000		  0.00000
  0.00000		  0.00000
  0.00000		  0.00000
  0.00000		 -0.00000
  0.00000		 -0.00000
  0.00000		 -0.00000
  0.00000		 -0.00000
  0.00000		 -0.00000
 -0.00000		 -0.00000
 -0.00000		 -0.00000
 -0.00000		 -0.00000
 -0.00000		 -0.00000
 -0.00000		 -0.00000
 -0.00000		  0.00000
 -0.00000		  0.00000
 -0.00000		  0.00000
 -0.00000		  0.00000
  0.00000		  0.00000
  0.00000		  0.00000
  0.00000		 -0.00000
 -0.00000		 -0.00000
 -0.00000		 -0.00000
 -0.00000		 -0.00000
 -0.00000		 -0.00000
 -0.00000		 -0.00000
 -0.00000		 -0.00000
 -0.00000		  0.00000
 -0.00000		  0.00000
 -0.00000		  0.00000
 -0.00000		  0.00000
 -0.00000		  0.00000
 -0.00000		  0.00000
 -0.00000		  0.00000
  0.00000		  0.00000
  0.00000		  0.00000
  0.00000		  0.00000
  0.00000		  0.00000
  0.00000		  0.00000
  0.00000		  0.00000
  0.00000		  0.00000
  0.00000		  0.00000
  0.00000		  0.00000
  0.00000		  0.00000
  0.00000		  0.00000
  0.00000		 -0.00000
  0.00000		 -0.00000
  0.00000		 -0.00000
  0.00000		 -0.00000
  0.00000		 -0.00000
  0.00000		 -0.00000
 -0.00000		 -0.00000
 -0.00000		 -0.00000
 -0.00000		 -0.00000
 -0.00000		 -0.00000
 -0.00000		 -0.00000
 -0.00000		  0.00000
 -0.00000		  0.00000
  0.00000		  0.00000
  0.00000		  0.00000
  0.00000		 -0.00000
  0.00000		 -0.00000
  0.00000		 -0.00000
  0.00000		 -0.00000
 -0.00000		 -0.00000
 -0.00000		 -0.00000
 -0.00000		 -0.00000
 -0.00000		 -0.00000
 -0.00000		 -0.00000
 -0.00000		  0.00000
 -0.00000		  0.00000
 -0.00000		  0.00000
 -0.00000		  0.00000
 -0.00000		  0.00000
 -0.00000		  0.00000
  0.00000		  0.00000
  0.00000		  0.00000
  0.00000		  0.00000
  0.00000		  0.00000
  0.00000		 -0.00000
  0.00000		 -0.00000
  0.00000		 -0.00000
  0.00000		 -0.00000
 -0.00000		 -0.00000
 -0.00000		 -0.00000
 -0.00000		 -0.00000
 -0.00000		  0.00000
 -0.00000		  0.00000
 -0.00000		  0.00000
  0.00000		  0.00000
  0.00000		  0.00000
  0.00000		  0.00000
  0.00000		  0.00000
  0.00000		  0.00000
  0.00000		 -0.00000
  0.00000		 -0.00000
  0.00000		 -0.00000
  0.00000		 -0.00000
  0.00000		 -0.00000
 -0.00000		 -0.00000
 -0.00000		 -0.00000
 -0.00000		 -0.00000
 -0.00000		 -0.00000
 -0.00000		 -0.00000
 -0.00000		  0.00000
 -0.00000		  0.00000
 -0.00000		  0.00000
 -0.00000		  0.00000
  0.00000		  0.00000
  0.00000		  0.00000
  0.00000		  0.00000
  0.00000		 -0.00000
  0.00000		 -0.00000
  0.00000		 -0.00000
 -0.00000		 -0.00000
 -0.00000		 -0.00000
 -0.00000		 -0.00000
 -0.00000		 -0.00000
 -0.00000		  0.00000
 -0.00000		  0.00000
 -0.00000		  0.00000
 -0.00000		  0.00000
 -0.00000		  0.00000
  0.00000		  0.00000
  0.00000		  0.00000
  0.00000		  0.00000
  0.00000		  0.00000
  0.00000		  0.00000
  0.00000		  0.00000
  0.00000		 -0.00000
  0.00000		 -0.00000
  0.00000		 -0.00000
  0.00000		 -0.00000
  0.00000		 -0.00000
 -0.00000		 -0.00000
 -0.00000		 -0.00000
 -0.00000		 -0.00000
 -0.00000		  0.00000
  0.00000		  0.00000
  0.00000		  0.00000
  0.00000		  0.00000
  0.00000		 -0.00000
  0.00000		 -0.00000
  0.00000		 -0.00000
  0.00000		 -0.00000
  0.00000		 -0.00000
  0.00000		 -0.00000
 -0.00000		 -0.00000
 -0.00000		 -0.00000
 -0.00000		 -0.00000
 -0.00000		 -0.00000
 -0.00000		 -0.00000
 -0.00000		 -0.00000
 -0.00000		  0.00000
 -0.00000		  0.00000
 -0.00000		  0.00000
 -0.00000		  0.00000
 -0.00000		  0.00000
 -0.00000		  0.00000
 -0.00000		  0.00000
 -0.00000		  0.00000
 -0.00000		  0.00000
 -0.00000		  0.00000
 -0.00000		  0.00000
 -0.00000		  0.00000
 -0.00000		  0.00000
 -0.00000		  0.00000
 -0.00000		  0.00000
  0.00000		  0.00000
  0.00000		  0.00000
  0.00000		  0.00000
  0.00000		  0.00000
  0.00000		  0.00000
  0.00000		  0.00000
  0.00000		  0.00000
  0.00000		 -0.00000
  0.00000		 -0.00000
  0.00000		 -0.00000
  0.00000		 -0.00000
  0.00000		 -0.00000
  0.00000		 -0.00000
  0.00000		 -0.00000
  0.00000		 -0.00000
  0.00000		 -0.00000
  0.00000		 -0.00000
  0.00000		 -0.00000
  0.00000		 -0.00000
  0.00000		 -0.00000
  0.00000		 -0.00000
  0.00000		 -0.00000
 -0.00000		 -0.00000
 -0.00000		 -0.00000
 -0.00000		 -0.00000
 -0.00000		 -0.00000
 -0.00000		 -0.00000
 -0.00000		 -0.00000
 -0.00000		 -0.00000
 -0.00000		 -0.00000
 -0.00000		  0.00000
 -0.00000		  0.00000
 -0.00000		  0.00000
 -0.00000		  0.00000
 -0.00000		  0.00000
 -0.00000		  0.00000
 -0.00000		  0.00000
 -0.00000		  0.00000
 -0.00000		  0.00000
 -0.00000		  0.00000
 -0.00000		  0.00000
 -0.00000		  0.00000
 -0.00000		  0.00000
 -0.00000		  0.00000
  0.00000		  0.00000
  0.00000		  0.00000
  0.00000		  0.00000
  0.00000		  0.00000
  0.00000		  0.00000
  0.00000		  0.00000
  0.00000		  0.00000
  0.00000		  0.00000
  0.00000		 -0.00000
  0.00000		 -0.00000
  0.00000		 -0.00000
  0.00000		 -0.00000
  0.00000		 -0.00000
  0.00000		 -0.00000
  0.00000		 -0.00000
  0.00000		 -0.00000
  0.00000		 -0.00000
  0.00000		 -0.00000
  0.00000		 -0.00000
  0.00000		 -0.00000
  0.00000		 -0.00000
 -0.00000		 -0.00000
 -0.00000		 -0.00000
 -0.00000		 -0.00000
 -0.00000		 -0.00000
 -0.00000		 -0.00000
 -0.00000		 -0.00000
 -0.00000		 -0.00000
 -0.00000		 -0.00000
 -0.00000		 -0.00000
 -0.00000		  0.00000
 -0.00000		  0.00000
 -0.00000		  0.00000
 -0.00000		  0.00000
 -0.00000		  0.00000
 -0.00000		  0.00000
 -0.00000		  0.00000
 -0.00000		  0.00000
 -0.00000		  0.00000
  0.00000		  0.00000
 -0.00000		  0.00000
 -0.00000		  0.00000
 -0.00000		  0.00000
 -0.00000		  0.00000
 -0.00000		  0.00000
  0.00000		  0.00000
  0.00000		  0.00000
  0.00000		  0.00000
  0.00000		  0.00000
  0.00000		  0.00000
  0.00000		  0.00000
  0.00000		  0.00000
  0.00000		 -0.00000
  0.00000		 -0.00000
  0.00000		 -0.00000
  0.00000		 -0.00000
  0.00000		 -0.00000
  0.00000		 -0.00000
  0.00000		 -0.00000
 -0.00000		 -0.00000
 -0.00000		 -0.00000
 -0.00000		 -0.00000
 -0.00000		 -0.00000
 -0.00000		 -0.00000
 -0.00000		 -0.00000
 -0.00000		 -0.00000
  0.00000		 -0.00000
  0.00000		 -0.00000
  0.00000		 -0.00000
  0.00000		 -0.00000
 -0.00000		 -0.00000
 -0.00000		 -0.00000
 -0.00000		 -0.00000
 -0.00000		 -0.00000
 -0.00000		 -0.00000
 -0.00000		 -0.00000
 -0.00000		  0.00000
 -0.00000		  0.00000
 -0.00000		  0.00000
 -0.00000		  0.00000
 -0.00000		  0.00000
 -0.00000		  0.00000
  0.00000		  0.00000
  0.00000		  0.00000
  0.00000		  0.00000
  0.00000		  0.00000
  0.00000		  0.00000
  0.00000		 -0.00000
  0.00000		 -0.00000
  0.00000		 -0.00000
  0.00000		 -0.00000
 -0.00000		 -0.00000
 -0.00000		  0.00000
 -0.00000		  0.00000
  0.00000		  0.00000
  0.00000		  0.00000
  0.00000		  0.00000
  0.00000		  0.00000
  0.00000		  0.00000
  0.00000		  0.00000
  0.00000		 -0.00000
  0.00000		 -0.00000
  0.00000		 -0.00000
  0.00000		 -0.00000
  0.00000		 -0.00000
 -0.00000		 -0.00000
 -0.00000		 -0.00000
 -0.00000		 -0.00000
 -0.00000		 -0.00000
 -0.00000		 -0.00000
 -0.00000		 -0.00000
 -0.00000		  0.00000
 -0.00000		  0.00000
 -0.00000		  0.00000
 -0.00000		  0.00000
 -0.00000		  0.00000
  0.00000		  0.00000
  0.00000		 -0.00000
 -0.00000		 -0.00000
 -0.00000		 -0.00000
 -0.00000		 -0.00000
 -0.00000		 -0.00000
 -0.00000		 -0.00000
 -0.00000		  0.00000
 -0.00000		  0.00000
 -0.00000		  0.00000
 -0.00000		  0.00000
 -0.00000		  0.00000
 -0.00000		  0.00000
  0.00000		  0.00000
  0.00000		  0.00000
  0.00000		  0.00000
  0.00000		  0.00000
  0.00000		  0.00000
  0.00000		  0.00000
  0.00000		 -0.00000
  0.00000		 -0.00000
  0.00000		 -0.00000
  0.00000		 -0.00000
  0.00000		 -0.00000
  0.00000		 -0.00000
  0.00000		 -0.00000
  0.00000		 -0.00000
  0.00000		 -0.00000
  0.00000		 -0.00000
  0.00000		 -0.00000
  0.00000		 -0.00000
  0.00000		 -0.00000
  0.00000		 -0.00000
  0.00000		 -0.00000
  0.00000		 -0.00000
 -0.00000		 -0.00000
 -0.00000		 -0.00000
 -0.00000		 -0.00000
 -0.00000		 -0.00000
 -0.00000		 -0.00000
 -0.00000		 -0.00000
 -0.00000		 -0.00000
 -0.00000		 -0.00000
 -0.00000		  0.00000
 -0.00000		  0.00000
 -0.00000		  0.00000
 -0.00000		  0.00000
 -0.00000		  0.00000
 -0.00000		  0.00000
 -0.00000		  0.00000
 -0.00000		  0.00000
 -0.00000		  0.00000
 -0.00000		  0.00000
 -0.00000		  0.00000
 -0.00000		  0.00000
 -0.00000		  0.00000
  0.00000		  0.00000
  0.00000		  0.00000
  0.00000		  0.00000
  0.00000		  0.00000
  0.00000		  0.00000
  0.00000		  0.00000
  0.00000		  0.00000
  0.00000		 -0.00000
  0.00000		 -0.00000
  0.00000		 -0.00000
  0.00000		 -0.00000
  0.00000		 -0.00000
  0.00000		 -0.00000
  0.00000		 -0.00000
  0.00000		  0.00000
  0.00000		  0.00000
  0.00000		  0.00000
  0.00000		 -0.00000
  0.00000		 -0.00000
  0.00000		 -0.00000
  0.00000		 -0.00000
  0.00000		 -0.00000
  0.00000		 -0.00000
  0.00000		 -0.00000
 -0.00000		 -0.00000
 -0.00000		 -0.00000
 -0.00000		 -0.00000
 -0.00000		 -0.00000
 -0.00000		 -0.00000
 -0.00000		  0.00000
 -0.00000		  0.00000
 -0.00000		  0.00000
 -0.00000		  0.00000
 -0.00000		  0.00000
  0.00000		  0.00000
  0.00000		  0.00000
  0.00000		  0.00000
  0.00000		  0.00000
  0.00000		 -0.00000
  0.00000		 -0.00000
 -0.00000		 -0.00000
 -0.00000		 -0.00000
 -0.00000		 -0.00000
 -0.00000		  0.00000
 -0.00000		  0.00000
 -0.00000		  0.00000
 -0.00000		  0.00000
  0.00000		  0.00000
  0.00000		  0.00000
  0.00000		  0.00000
  0.00000		  0.00000
  0.00000		  0.00000
  0.00000		  0.00000
  0.00000		 -0.00000
  0.00000		 -0.00000
  0.00000		 -0.00000
  0.00000		 -0.00000
  0.00000		 -0.00000
 -0.00000		 -0.00000
 -0.00000		 -0.00000
 -0.00000		 -0.00000
 -0.00000		 -0.00000
 -0.00000		  0.00000
 -0.00000		  0.00000
 -0.00000		  0.00000
  0.00000		  0.00000
  0.00000		  0.00000
  0.00000		 -0.00000
  0.00000		 -0.00000
  0.00000		 -0.00000
  0.00000		 -0.00000
 -0.00000		 -0.00000
 -0.00000		 -0.00000
 -0.00000		 -0.00000
 -0.00000		 -0.00000
 -0.00000		 -0.00000
 -0.00000		 -0.00000
 -0.00000		  0.00000
 -0.00000		  0.00000
 -0.00000		  0.00000
 -0.00000		  0.00000
 -0.00000		  0.00000
  0.00000		  0.00000
  0.00000		  0.00000
  0.00000		  0.00000
  0.00000		  0.00000
  0.00000		  0.00000
  0.00000		 -0.00000
  0.00000		 -0.00000
  0.00000		 -0.00000
 -0.00000		 -0.00000
 -0.00000		 -0.00000
 -0.00000		  0.00000
 -0.00000		  0.00000
 -0.00000		  0.00000
  0.00000		  0.00000
  0.00000		  0.00000
  0.00000		  0.00000
  0.00000		  0.00000
  0.00000		  0.00000
  0.00000		 -0.00000
  0.00000		 -0.00000
  0.00000		 -0.00000
  0.00000		 -0.00000
  0.00000		 -0.00000
  0.00000		 -0.00000
 -0.00000		 -0.00000
 -0.00000		 -0.00000
 -0.00000		 -0.00000
 -0.00000		 -0.00000
 -0.00000		 -0.00000
 -0.00000		 -0.00000
 -0.00000		  0.00000
 -0.00000		  0.00000
 -0.00000		  0.00000
 -0.00000		  0.00000
 -0.00000		 -0.00000
 -0.00000		 -0.00000
 -0.00000		 -0.00000
 -0.00000		 -0.00000
 -0.00000		 -0.00000
 -0.00000		 -0.00000
 -0.00000		  0.00000
 -0.00000		  0.00000
 -0.00000		  0.00000
 -0.00000		  0.00000
 -0.00000		  0.00000
 -0.00000		  0.00000
 -0.00000		  0.00000
  0.00000		  0.00000
  0.00000		  0.00000
  0.00000		  0.00000
  0.00000		  0.00000
  0.00000		  0.00000
  0.00000		  0.00000
  0.00000		  0.00000
  0.00000		  0.00000
  0.00000		  0.00000
  0.00000		  0.00000
  0.00000		  0.00000
  0.00000		  0.00000
  0.00000		 -0.00000
  0.00000		 -0.00000
  0.00000		 -0.00000
  0.00000		 -0.00000
  0.00000		 -0.00000
  0.00000		 -0.00000
  0.00000		 -0.00000
  0.00000		 -0.00000
 -0.00000		 -0.00000
 -0.00000		 -0.00000
 -0.00000		 -0.00000
 -0.00000		 -0.00000
 -0.00000		 -0.00000
 -0.00000		 -0.00000
 -0.00000		 -0.00000
 -0.00000		  0.00000
 -0.00000		  0.00000
 -0.00000		 -0.00000
 -0.00000		 -0.00000
 -0.00000		 -0.00000
 -0.00000		 -0.00000
 -0.00000		 -0.00000
 -0.00000		 -0.00000
 -0.00000		 -0.00000
 -0.00000		 -0.00000
 -0.00000		  0.00000
 -0.00000		  0.00000
 -0.00000		  0.00000
 -0.00000		  0.00000
 -0.00000		  0.00000
 -0.00000		  0.00000
  0.00000		  0.00000
  0.00000		  0.00000
  0.00000		  0.00000
  0.00000		  0.00000
  0.00000		  0.00000
  0.00000		 -0.00000
  0.00000		 -0.00000
  0.00000		 -0.00000
  0.00000		 -0.00000
  0.00000		 -0.00000
 -0.00000		 -0.00000
 -0.00000		 -0.00000
 -0.00000		  0.00000
 -0.00000		  0.00000
 -0.00000		  0.00000
  0.00000		  0.00000
  0.00000		  0.00000
  0.00000		  0.00000
  0.00000		  0.00000
  0.00000		 -0.00000
  0.00000		 -0.00000
  0.00000		 -0.00000
  0.00000		 -0.00000
  0.00000		 -0.00000
 -0.00000		 -0.00000
 -0.00000		 -0.00000
 -0.00000		 -0.00000
 -0.00000		 -0.00000
 -0.00000		 -0.00000
 -0.00000		  0.00000
 -0.00000		  0.00000
 -0.00000		  0.00000
 -0.00000		  0.00000
 -0.00000		  0.00000
  0.00000		  0.00000
  0.00000		  0.00000
  0.00000		  0.00000
  0.00000		  0.00000
  0.00000		 -0.00000
  0.00000		 -0.00000
  0.00000		 -0.00000
 -0.00000		 -0.00000
 -0.00000		 -0.00000
 -0.00000		 -0.00000
 -0.00000		  0.00000
 -0.00000		  0.00000
 -0.00000		  0.00000
 -0.00000		  0.00000
  0.00000		  0.00000
  0.00000		  0.00000
  0.00000		  0.00000
  0.00000		  0.00000
  0.00000		  0.00000
  0.00000		 -0.00000
  0.00000		 -0.00000
  0.00000		 -0.00000
  0.00000		 -0.00000
  0.00000		 -0.00000
 -0.00000		 -0.00000
 -0.00000		 -0.00000
 -0.00000		 -0.00000
 -0.00000		 -0.00000
 -0.00000		 -0.00000
 -0.00000		  0.00000
 -0.00000		  0.00000
 -0.00000		  0.00000
  0.00000		  0.00000
  0.00000		  0.00000
  0.00000		  0.00000
  0.00000		  0.00000
  0.00000		 -0.00000
  0.00000		 -0.00000
  0.00000		 -0.00000
 -0.00000		 -0.00000
 -0.00000		 -0.00000
 -0.00000		 -0.00000
 -0.00000		 -0.00000
 -0.00000		 -0.00000
 -0.00000		  0.00000
 -0.00000		  0.00000
 -0.00000		  0.00000
 -0.00000		  0.00000
 -0.00000		  0.00000
  0.00000		  0.00000
  0.00000		  0.00000
  0.00000		  0.00000
  0.00000		  0.00000
  0.00000		  0.00000
  0.00000		 -0.00000
  0.00000		 -0.00000
  0.00000		 -0.00000
  0.00000		 -0.00000
 -0.00000		 -0.00000
 -0.00000		 -0.00000
 -0.00000		 -0.00000
 -0.00000		  0.00000
 -0.00000		  0.00000
 -0.00000		  0.00000
 -0.00000		  0.00000
  0.00000		  0.00000
  0.00000		  0.00000
  0.00000		  0.00000
  0.00000		  0.00000
  0.00000		 -0.00000
  0.00000		 -0.00000
  0.00000		 -0.00000
  0.00000		 -0.00000
  0.00000		 -0.00000
 -0.00000		 -0.00000
 -0.00000		 -0.00000
 -0.00000		 -0.00000
 -0.00000		 -0.00000
 -0.00000		 -0.00000
 -0.00000		  0.00000
 -0.00000		  0.00000
 -0.00000		  0.00000
 -0.00000		  0.00000
  0.00000		  0.00000
  0.00000		  0.00000
  0.00000		  0.00000
  0.00000		  0.00000
  0.00000		 -0.00000
  0.00000		 -0.00000
  0.00000		 -0.00000
 -0.00000		 -0.00000
 -0.00000		 -0.00000
 -0.00000		 -0.00000
 -0.00000		 -0.00000
 -0.00000		  0.00000
 -0.00000		  0.00000
 -0.00000		  0.00000
 -0.00000		  0.00000
  0.00000		  0.00000
  0.00000		  0.00000
  0.00000		  0.00000
  0.00000		  0.00000
  0.00000		  0.00000
  0.00000		  0.00000
  0.00000		 -0.00000
  0.00000		 -0.00000
