  0.01309		 -0.00691
  0.02192		 -0.01445
  0.01879		 -0.01428
  0.01680		 -0.01389
  0.01570		 -0.01373
  0.01516		 -0.01410
  0.01483		 -0.01510
  0.01437		 -0.01671
  0.01352		 -0.01878
  0.01211		 -0.02113
  0.01006		 -0.02356
  0.00735		 -0.02587
  0.00399		 -0.02791
  0.00001		 -0.02951
 -0.00454		 -0.03054
 -0.00959		 -0.03080
 -0.01505		 -0.03013
 -0.02072		 -0.02834
 -0.02637		 -0.02524
 -0.03163		 -0.02074
 -0.03607		 -0.01482
 -0.03924		 -0.00765
 -0.04070		  0.00046
 -0.04010		  0.00899
 -0.03730		  0.01733
 -0.03235		  0.02478
 -0.02557		  0.03066
 -0.01751		  0.03442
 -0.00893		  0.03573
 -0.00066		  0.03455
  0.00646		  0.03115
  0.01179		  0.02611
  0.01488		  0.02020
  0.01565		  0.01433
  0.01437		  0.00936
  0.01162		  0.00599
  0.00823		  0.00463
  0.00512		  0.00534
  0.00318		  0.00779
  0.00307		  0.01128
  0.00516		  0.01492
  0.00938		  0.01770
  0.01528		  0.01872
  0.02204		  0.01729
  0.02862		  0.01312
  0.03391		  0.00637
  0.03690		 -0.00242
  0.03690		 -0.01227
  0.03361		 -0.02201
  0.02721		 -0.03044
  0.01833		 -0.03645
  0.00800		 -0.03933
 -0.00254		 -0.03873
 -0.01205		 -0.03485
 -0.01940		 -0.02833
 -0.02384		 -0.02019
 -0.02508		 -0.01168
 -0.02332		 -0.00402
 -0.01922		  0.00176
 -0.01381		  0.00495
 -0.00826		  0.00537
 -0.00375		  0.00330
 -0.00119		 -0.00055
 -0.00112		 -0.00511
 -0.00364		 -0.00924
 -0.00829		 -0.01181
 -0.01424		 -0.01202
 -0.02038		 -0.00946
 -0.02550		 -0.00420
 -0.02854		  0.00319
 -0.02874		  0.01173
 -0.02579		  0.02022
 -0.01989		  0.02744
 -0.01170		  0.03231
 -0.00229		  0.03414
  0.00711		  0.03267
  0.01526		  0.02817
  0.02115		  0.02139
  0.02411		  0.01339
  0.02398		  0.00541
  0.02112		 -0.00138
  0.01630		 -0.00605
  0.01060		 -0.00806
  0.00520		 -0.00738
  0.00120		 -0.00447
 -0.00062		 -0.00018
  0.00011		  0.00439
  0.00326		  0.00807
  0.00822		  0.00988
  0.01402		  0.00914
  0.01949		  0.00567
  0.02347		 -0.00024
  0.02500		 -0.00780
  0.02354		 -0.01594
  0.01900		 -0.02339
  0.01183		 -0.02896
  0.00292		 -0.03173
 -0.00652		 -0.03120
 -0.01518		 -0.02738
 -0.02187		 -0.02081
 -0.02569		 -0.01248
 -0.02618		 -0.00362
 -0.02347		  0.00444
 -0.01815		  0.01053
 -0.01123		  0.01381
 -0.00402		  0.01393
  0.00221		  0.01109
  0.00632		  0.00597
  0.00759		 -0.00033
  0.00577		 -0.00653
  0.00118		 -0.01131
 -0.00539		 -0.01362
 -0.01275		 -0.01282
 -0.01955		 -0.00877
 -0.02447		 -0.00190
 -0.02648		  0.00687
 -0.02499		  0.01625
 -0.01992		  0.02482
 -0.01180		  0.03124
 -0.00163		  0.03445
  0.00923		  0.03385
  0.01931		  0.02942
  0.02722		  0.02170
  0.03187		  0.01174
  0.03266		  0.00090
  0.02957		 -0.00930
  0.02314		 -0.01745
  0.01440		 -0.02249
  0.00473		 -0.02379
 -0.00437		 -0.02133
 -0.01151		 -0.01566
 -0.01562		 -0.00779
 -0.01611		  0.00090
 -0.01297		  0.00892
 -0.00673		  0.01490
  0.00156		  0.01779
  0.01052		  0.01699
  0.01866		  0.01249
  0.02460		  0.00485
  0.02723		 -0.00486
  0.02596		 -0.01527
  0.02074		 -0.02483
  0.01213		 -0.03209
  0.00116		 -0.03591
 -0.01073		 -0.03561
 -0.02198		 -0.03107
 -0.03108		 -0.02279
 -0.03679		 -0.01179
 -0.03832		  0.00054
 -0.03547		  0.01261
 -0.02862		  0.02284
 -0.01873		  0.02990
 -0.00714		  0.03292
  0.00454		  0.03157
  0.01472		  0.02614
  0.02199		  0.01749
  0.02538		  0.00692
  0.02446		 -0.00397
  0.01943		 -0.01354
  0.01108		 -0.02033
  0.00070		 -0.02329
 -0.01012		 -0.02188
 -0.01968		 -0.01623
 -0.02644		 -0.00709
 -0.02922		  0.00428
 -0.02742		  0.01624
 -0.02106		  0.02699
 -0.01083		  0.03489
  0.00198		  0.03863
  0.01568		  0.03747
  0.02840		  0.03132
  0.03834		  0.02081
  0.04404		  0.00721
  0.04459		 -0.00775
  0.03979		 -0.02212
  0.03016		 -0.03394
  0.01693		 -0.04162
  0.00185		 -0.04408
 -0.01305		 -0.04098
 -0.02573		 -0.03276
 -0.03445		 -0.02058
 -0.03801		 -0.00618
 -0.03593		  0.00837
 -0.02857		  0.02092
 -0.01704		  0.02964
 -0.00310		  0.03321
  0.01114		  0.03107
  0.02347		  0.02350
  0.03195		  0.01161
  0.03517		 -0.00286
  0.03248		 -0.01770
  0.02412		 -0.03065
  0.01114		 -0.03965
 -0.00463		 -0.04317
 -0.02097		 -0.04049
 -0.03549		 -0.03177
 -0.04603		 -0.01804
 -0.05095		 -0.00113
 -0.04940		  0.01670
 -0.04146		  0.03296
 -0.02810		  0.04539
 -0.01111		  0.05223
  0.00722		  0.05253
  0.02438		  0.04624
  0.03801		  0.03425
  0.04628		  0.01829
  0.04811		  0.00062
  0.04336		 -0.01624
  0.03283		 -0.02991
  0.01816		 -0.03849
  0.00157		 -0.04083
 -0.01445		 -0.03670
 -0.02751		 -0.02680
 -0.03566		 -0.01272
 -0.03771		  0.00339
 -0.03333		  0.01906
 -0.02319		  0.03190
 -0.00874		  0.03992
  0.00786		  0.04186
  0.02419		  0.03731
  0.03786		  0.02684
  0.04681		  0.01184
  0.04968		 -0.00565
  0.04599		 -0.02320
  0.03613		 -0.03840
  0.02139		 -0.04916
  0.00373		 -0.05402
 -0.01453		 -0.05231
 -0.03096		 -0.04430
 -0.04345		 -0.03110
 -0.05040		 -0.01451
 -0.05102		  0.00324
 -0.04538		  0.01978
 -0.03441		  0.03297
 -0.01971		  0.04115
 -0.00339		  0.04338
  0.01226		  0.03953
  0.02511		  0.03035
  0.03343		  0.01727
  0.03615		  0.00226
  0.03301		 -0.01249
  0.02454		 -0.02485
  0.01202		 -0.03301
 -0.00272		 -0.03581
 -0.01755		 -0.03279
 -0.03031		 -0.02432
 -0.03915		 -0.01149
 -0.04271		  0.00396
 -0.04035		  0.01995
 -0.03225		  0.03431
 -0.01932		  0.04504
 -0.00316		  0.05062
  0.01421		  0.05019
  0.03054		  0.04368
  0.04376		  0.03180
  0.05212		  0.01598
  0.05453		 -0.00182
  0.05066		 -0.01936
  0.04097		 -0.03444
  0.02673		 -0.04515
  0.00978		 -0.05015
 -0.00765		 -0.04885
 -0.02328		 -0.04151
 -0.03505		 -0.02919
 -0.04142		 -0.01363
 -0.04157		  0.00298
 -0.03557		  0.01827
 -0.02429		  0.03006
 -0.00943		  0.03665
  0.00685		  0.03701
  0.02212		  0.03104
  0.03406		  0.01951
  0.04079		  0.00403
  0.04110		 -0.01321
  0.03473		 -0.02969
  0.02235		 -0.04292
  0.00550		 -0.05084
 -0.01357		 -0.05206
 -0.03225		 -0.04613
 -0.04790		 -0.03359
 -0.05824		 -0.01594
 -0.06168		  0.00458
 -0.05757		  0.02526
 -0.04632		  0.04331
 -0.02931		  0.05629
 -0.00879		  0.06240
  0.01251		  0.06082
  0.03171		  0.05177
  0.04621		  0.03656
  0.05409		  0.01735
  0.05436		 -0.00311
  0.04711		 -0.02189
  0.03355		 -0.03634
  0.01578		 -0.04441
 -0.00347		 -0.04501
 -0.02125		 -0.03816
 -0.03486		 -0.02498
 -0.04219		 -0.00753
 -0.04207		  0.01146
 -0.03447		  0.02904
 -0.02045		  0.04244
 -0.00205		  0.04951
  0.01802		  0.04902
  0.03676		  0.04084
  0.05138		  0.02599
  0.05963		  0.00647
  0.06021		 -0.01504
  0.05287		 -0.03555
  0.03856		 -0.05219
  0.01916		 -0.06268
 -0.00269		 -0.06559
 -0.02406		 -0.06059
 -0.04210		 -0.04845
 -0.05446		 -0.03092
 -0.05966		 -0.01051
 -0.05724		  0.00995
 -0.04781		  0.02768
 -0.03298		  0.04037
 -0.01505		  0.04647
  0.00327		  0.04544
  0.01932		  0.03777
  0.03085		  0.02490
  0.03634		  0.00897
  0.03515		 -0.00750
  0.02770		 -0.02196
  0.01525		 -0.03223
 -0.00021		 -0.03678
 -0.01628		 -0.03495
 -0.03055		 -0.02702
 -0.04087		 -0.01413
 -0.04572		  0.00191
 -0.04433		  0.01884
 -0.03684		  0.03434
 -0.02419		  0.04630
 -0.00803		  0.05313
  0.00957		  0.05395
  0.02640		  0.04869
  0.04038		  0.03808
  0.04986		  0.02349
  0.05383		  0.00680
  0.05198		 -0.00995
  0.04477		 -0.02475
  0.03330		 -0.03592
  0.01917		 -0.04231
  0.00424		 -0.04340
 -0.00959		 -0.03940
 -0.02067		 -0.03110
 -0.02773		 -0.01985
 -0.03010		 -0.00730
 -0.02771		  0.00477
 -0.02114		  0.01473
 -0.01147		  0.02125
 -0.00019		  0.02349
  0.01102		  0.02116
  0.02053		  0.01463
  0.02690		  0.00479
  0.02913		 -0.00701
  0.02675		 -0.01917
  0.01987		 -0.02998
  0.00921		 -0.03789
 -0.00401		 -0.04169
 -0.01820		 -0.04066
 -0.03160		 -0.03468
 -0.04251		 -0.02425
 -0.04946		 -0.01047
 -0.05149		  0.00514
 -0.04819		  0.02076
 -0.03983		  0.03453
 -0.02732		  0.04479
 -0.01213		  0.05029
  0.00393		  0.05036
  0.01890		  0.04504
  0.03094		  0.03504
  0.03859		  0.02173
  0.04096		  0.00689
  0.03786		 -0.00745
  0.02989		 -0.01934
  0.01827		 -0.02716
  0.00480		 -0.02984
 -0.00846		 -0.02708
 -0.01947		 -0.01932
 -0.02647		 -0.00776
 -0.02829		  0.00579
 -0.02447		  0.01922
 -0.01543		  0.03037
 -0.00234		  0.03736
  0.01298		  0.03888
  0.02831		  0.03438
  0.04136		  0.02419
  0.05012		  0.00947
  0.05313		 -0.00793
  0.04969		 -0.02572
  0.04004		 -0.04150
  0.02527		 -0.05310
  0.00722		 -0.05891
 -0.01178		 -0.05809
 -0.02928		 -0.05075
 -0.04301		 -0.03786
 -0.05123		 -0.02121
 -0.05299		 -0.00308
 -0.04825		  0.01408
 -0.03789		  0.02794
 -0.02358		  0.03673
 -0.00754		  0.03941
  0.00781		  0.03586
  0.02018		  0.02687
  0.02780		  0.01404
  0.02959		 -0.00050
  0.02538		 -0.01438
  0.01593		 -0.02535
  0.00275		 -0.03162
 -0.01206		 -0.03212
 -0.02616		 -0.02665
 -0.03733		 -0.01589
 -0.04376		 -0.00133
 -0.04434		  0.01499
 -0.03879		  0.03076
 -0.02774		  0.04375
 -0.01256		  0.05212
  0.00477		  0.05467
  0.02201		  0.05105
  0.03694		  0.04171
  0.04768		  0.02790
  0.05297		  0.01147
  0.05231		 -0.00547
  0.04601		 -0.02075
  0.03513		 -0.03253
  0.02131		 -0.03948
  0.00653		 -0.04101
 -0.00717		 -0.03727
 -0.01802		 -0.02912
 -0.02469		 -0.01804
 -0.02651		 -0.00581
 -0.02353		  0.00568
 -0.01644		  0.01472
 -0.00656		  0.02000
  0.00449		  0.02081
  0.01491		  0.01709
  0.02307		  0.00944
  0.02767		 -0.00100
  0.02791		 -0.01270
  0.02365		 -0.02396
  0.01532		 -0.03315
  0.00394		 -0.03893
 -0.00907		 -0.04041
 -0.02209		 -0.03728
 -0.03347		 -0.02981
 -0.04182		 -0.01884
 -0.04610		 -0.00563
 -0.04581		  0.00826
 -0.04102		  0.02123
 -0.03234		  0.03180
 -0.02086		  0.03882
 -0.00800		  0.04160
  0.00469		  0.03998
  0.01572		  0.03436
  0.02385		  0.02564
  0.02823		  0.01506
  0.02852		  0.00412
  0.02494		 -0.00573
  0.01820		 -0.01318
  0.00944		 -0.01728
  0.00004		 -0.01756
 -0.00851		 -0.01409
 -0.01488		 -0.00746
 -0.01802		  0.00128
 -0.01736		  0.01075
 -0.01284		  0.01949
 -0.00498		  0.02605
  0.00522		  0.02929
  0.01641		  0.02851
  0.02702		  0.02353
  0.03552		  0.01477
  0.04064		  0.00319
  0.04150		 -0.00984
  0.03780		 -0.02271
  0.02982		 -0.03379
  0.01845		 -0.04164
  0.00503		 -0.04523
 -0.00881		 -0.04410
 -0.02134		 -0.03840
 -0.03105		 -0.02890
 -0.03676		 -0.01689
 -0.03787		 -0.00397
 -0.03443		  0.00811
 -0.02708		  0.01777
 -0.01705		  0.02377
 -0.00592		  0.02543
  0.00459		  0.02270
  0.01287		  0.01618
  0.01766		  0.00706
  0.01824		 -0.00312
  0.01453		 -0.01262
  0.00712		 -0.01984
 -0.00284		 -0.02347
 -0.01376		 -0.02279
 -0.02390		 -0.01770
 -0.03160		 -0.00877
 -0.03555		  0.00282
 -0.03495		  0.01548
 -0.02968		  0.02742
 -0.02027		  0.03696
 -0.00790		  0.04270
  0.00586		  0.04378
  0.01922		  0.04003
  0.03043		  0.03192
  0.03809		  0.02054
  0.04128		  0.00743
  0.03973		 -0.00565
  0.03385		 -0.01700
  0.02465		 -0.02520
  0.01358		 -0.02932
  0.00230		 -0.02905
 -0.00753		 -0.02474
 -0.01455		 -0.01732
 -0.01786		 -0.00816
 -0.01717		  0.00117
 -0.01278		  0.00911
 -0.00559		  0.01436
  0.00310		  0.01606
  0.01178		  0.01395
  0.01896		  0.00834
  0.02339		  0.00009
  0.02426		 -0.00953
  0.02131		 -0.01905
  0.01484		 -0.02703
  0.00568		 -0.03226
 -0.00496		 -0.03392
 -0.01566		 -0.03173
 -0.02501		 -0.02593
 -0.03183		 -0.01730
 -0.03528		 -0.00695
 -0.03504		  0.00378
 -0.03129		  0.01355
 -0.02467		  0.02123
 -0.01619		  0.02599
 -0.00706		  0.02747
  0.00151		  0.02577
  0.00844		  0.02142
  0.01298		  0.01530
  0.01474		  0.00846
  0.01378		  0.00200
  0.01056		 -0.00312
  0.00582		 -0.00620
  0.00050		 -0.00690
 -0.00442		 -0.00526
 -0.00809		 -0.00165
 -0.00987		  0.00324
 -0.00942		  0.00857
 -0.00678		  0.01347
 -0.00227		  0.01712
  0.00350		  0.01893
  0.00977		  0.01856
  0.01572		  0.01598
  0.02058		  0.01145
  0.02376		  0.00549
  0.02488		 -0.00124
  0.02383		 -0.00797
  0.02077		 -0.01400
  0.01608		 -0.01872
  0.01032		 -0.02171
  0.00413		 -0.02277
 -0.00183		 -0.02193
 -0.00697		 -0.01944
 -0.01086		 -0.01572
 -0.01323		 -0.01129
 -0.01400		 -0.00671
 -0.01330		 -0.00252
 -0.01141		  0.00084
 -0.00874		  0.00306
 -0.00578		  0.00401
 -0.00299		  0.00372
 -0.00080		  0.00237
  0.00045		  0.00029
  0.00058		 -0.00210
 -0.00045		 -0.00435
 -0.00251		 -0.00602
 -0.00532		 -0.00676
 -0.00848		 -0.00632
 -0.01156		 -0.00462
 -0.01407		 -0.00170
 -0.01560		  0.00217
 -0.01582		  0.00664
 -0.01455		  0.01121
 -0.01179		  0.01538
 -0.00772		  0.01863
 -0.00270		  0.02055
  0.00279		  0.02087
  0.00819		  0.01947
  0.01292		  0.01648
  0.01649		  0.01219
  0.01851		  0.00708
  0.01880		  0.00171
  0.01739		 -0.00330
  0.01452		 -0.00739
  0.01064		 -0.01012
  0.00631		 -0.01124
  0.00214		 -0.01072
 -0.00126		 -0.00877
 -0.00343		 -0.00582
 -0.00409		 -0.00242
 -0.00320		  0.00080
 -0.00096		  0.00323
  0.00221		  0.00438
  0.00573		  0.00396
  0.00893		  0.00194
  0.01118		 -0.00146
  0.01197		 -0.00580
  0.01101		 -0.01045
  0.00823		 -0.01472
  0.00388		 -0.01790
 -0.00156		 -0.01947
 -0.00744		 -0.01907
 -0.01301		 -0.01664
 -0.01754		 -0.01241
 -0.02042		 -0.00686
 -0.02129		 -0.00066
 -0.02004		  0.00541
 -0.01688		  0.01061
 -0.01226		  0.01430
 -0.00685		  0.01609
 -0.00141		  0.01585
  0.00330		  0.01376
  0.00668		  0.01027
  0.00831		  0.00601
  0.00809		  0.00173
  0.00618		 -0.00184
  0.00305		 -0.00412
 -0.00070		 -0.00474
 -0.00431		 -0.00359
 -0.00709		 -0.00089
 -0.00848		  0.00290
 -0.00813		  0.00713
 -0.00599		  0.01109
 -0.00228		  0.01405
  0.00251		  0.01548
  0.00772		  0.01505
  0.01261		  0.01269
  0.01646		  0.00867
  0.01873		  0.00347
  0.01908		 -0.00223
  0.01746		 -0.00771
  0.01411		 -0.01226
  0.00950		 -0.01532
  0.00428		 -0.01657
 -0.00084		 -0.01595
 -0.00519		 -0.01367
 -0.00822		 -0.01018
 -0.00965		 -0.00610
 -0.00942		 -0.00208
 -0.00773		  0.00124
 -0.00501		  0.00339
 -0.00185		  0.00410
  0.00115		  0.00334
  0.00340		  0.00133
  0.00449		 -0.00148
  0.00417		 -0.00457
  0.00248		 -0.00732
 -0.00035		 -0.00921
 -0.00388		 -0.00985
 -0.00757		 -0.00904
 -0.01083		 -0.00683
 -0.01316		 -0.00348
 -0.01419		  0.00058
 -0.01375		  0.00482
 -0.01187		  0.00867
 -0.00882		  0.01164
 -0.00501		  0.01339
 -0.00094		  0.01373
  0.00285		  0.01273
  0.00592		  0.01059
  0.00793		  0.00771
  0.00874		  0.00455
  0.00837		  0.00158
  0.00705		 -0.00079
  0.00512		 -0.00229
  0.00299		 -0.00279
  0.00108		 -0.00234
 -0.00027		 -0.00114
 -0.00083		  0.00047
 -0.00050		  0.00213
  0.00062		  0.00346
  0.00233		  0.00417
  0.00431		  0.00406
  0.00622		  0.00309
  0.00770		  0.00136
  0.00849		 -0.00091
  0.00844		 -0.00342
  0.00750		 -0.00583
  0.00579		 -0.00782
  0.00351		 -0.00915
  0.00096		 -0.00966
 -0.00157		 -0.00933
 -0.00377		 -0.00826
 -0.00543		 -0.00663
 -0.00640		 -0.00469
 -0.00668		 -0.00271
 -0.00633		 -0.00095
 -0.00553		  0.00042
 -0.00447		  0.00128
 -0.00338		  0.00162
 -0.00247		  0.00153
 -0.00187		  0.00113
 -0.00165		  0.00061
 -0.00181		  0.00016
 -0.00225		 -0.00008
 -0.00285		  0.00000
 -0.00345		  0.00044
 -0.00388		  0.00120
 -0.00402		  0.00219
 -0.00380		  0.00328
 -0.00320		  0.00431
 -0.00226		  0.00515
 -0.00108		  0.00568
  0.00023		  0.00584
  0.00151		  0.00563
  0.00266		  0.00507
  0.00357		  0.00425
  0.00419		  0.00328
  0.00451		  0.00227
  0.00456		  0.00130
  0.00439		  0.00046
  0.00409		 -0.00022
  0.00372		 -0.00074
  0.00336		 -0.00110
  0.00304		 -0.00137
  0.00278		 -0.00158
  0.00257		 -0.00179
  0.00238		 -0.00202
  0.00218		 -0.00229
  0.00193		 -0.00258
  0.00161		 -0.00288
  0.00121		 -0.00314
  0.00072		 -0.00334
  0.00019		 -0.00344
 -0.00037		 -0.00343
 -0.00091		 -0.00330
 -0.00141		 -0.00308
 -0.00183		 -0.00277
 -0.00218		 -0.00242
 -0.00244		 -0.00205
 -0.00265		 -0.00167
 -0.00281		 -0.00130
 -0.00294		 -0.00093
 -0.00305		 -0.00056
 -0.00315		 -0.00015
 -0.00321		  0.00030
 -0.00320		  0.00080
 -0.00311		  0.00133
 -0.00290		  0.00188
 -0.00256		  0.00242
 -0.00208		  0.00288
 -0.00149		  0.00323
 -0.00082		  0.00342
 -0.00011		  0.00344
  0.00055		  0.00327
  0.00113		  0.00295
  0.00157		  0.00251
  0.00184		  0.00201
  0.00195		  0.00152
  0.00191		  0.00110
  0.00179		  0.00079
  0.00163		  0.00061
  0.00150		  0.00054
  0.00145		  0.00057
  0.00152		  0.00062
  0.00172		  0.00064
  0.00201		  0.00056
  0.00234		  0.00033
  0.00264		 -0.00008
  0.00284		 -0.00064
  0.00286		 -0.00132
  0.00265		 -0.00204
  0.00220		 -0.00271
  0.00154		 -0.00325
  0.00071		 -0.00357
 -0.00019		 -0.00361
 -0.00107		 -0.00338
 -0.00181		 -0.00288
 -0.00234		 -0.00220
 -0.00260		 -0.00141
 -0.00258		 -0.00063
 -0.00231		  0.00003
 -0.00186		  0.00049
 -0.00133		  0.00071
 -0.00083		  0.00068
 -0.00046		  0.00044
 -0.00029		  0.00007
 -0.00035		 -0.00032
 -0.00065		 -0.00063
 -0.00111		 -0.00076
 -0.00166		 -0.00065
 -0.00216		 -0.00026
 -0.00252		  0.00036
 -0.00263		  0.00114
 -0.00243		  0.00199
 -0.00192		  0.00276
 -0.00113		  0.00334
 -0.00015		  0.00362
  0.00089		  0.00356
  0.00186		  0.00314
  0.00263		  0.00241
  0.00310		  0.00148
  0.00320		  0.00047
  0.00295		 -0.00049
  0.00240		 -0.00124
  0.00165		 -0.00171
  0.00082		 -0.00184
  0.00007		 -0.00164
 -0.00049		 -0.00117
 -0.00077		 -0.00053
 -0.00072		  0.00013
 -0.00037		  0.00069
  0.00021		  0.00102
  0.00091		  0.00105
  0.00158		  0.00075
  0.00210		  0.00015
  0.00234		 -0.00066
  0.00224		 -0.00155
  0.00178		 -0.00238
  0.00101		 -0.00301
  0.00003		 -0.00333
 -0.00103		 -0.00328
 -0.00202		 -0.00284
 -0.00280		 -0.00208
 -0.00326		 -0.00109
 -0.00334		 -0.00002
 -0.00303		  0.00099
 -0.00240		  0.00181
 -0.00155		  0.00231
 -0.00061		  0.00246
  0.00027		  0.00224
  0.00096		  0.00173
  0.00137		  0.00102
  0.00144		  0.00025
  0.00118		 -0.00046
  0.00067		 -0.00096
 -0.00001		 -0.00118
 -0.00071		 -0.00109
 -0.00131		 -0.00070
 -0.00170		 -0.00007
 -0.00179		  0.00068
 -0.00157		  0.00144
 -0.00105		  0.00207
 -0.00032		  0.00246
  0.00054		  0.00256
  0.00138		  0.00233
  0.00210		  0.00180
  0.00258		  0.00106
  0.00277		  0.00019
  0.00264		 -0.00068
  0.00223		 -0.00143
  0.00159		 -0.00197
  0.00083		 -0.00225
  0.00006		 -0.00223
 -0.00063		 -0.00195
 -0.00113		 -0.00147
 -0.00141		 -0.00088
 -0.00143		 -0.00026
 -0.00123		  0.00028
 -0.00086		  0.00067
 -0.00038		  0.00086
  0.00010		  0.00085
  0.00051		  0.00064
  0.00080		  0.00028
  0.00090		 -0.00015
  0.00082		 -0.00059
  0.00057		 -0.00096
  0.00020		 -0.00120
 -0.00025		 -0.00129
 -0.00070		 -0.00121
 -0.00110		 -0.00097
 -0.00140		 -0.00061
 -0.00155		 -0.00016
 -0.00155		  0.00030
 -0.00141		  0.00075
 -0.00113		  0.00111
 -0.00076		  0.00137
 -0.00034		  0.00150
  0.00010		  0.00149
  0.00049		  0.00136
  0.00082		  0.00112
  0.00106		  0.00080
  0.00118		  0.00044
  0.00119		  0.00008
  0.00109		 -0.00027
  0.00089		 -0.00055
  0.00062		 -0.00075
  0.00031		 -0.00084
 -0.00001		 -0.00083
 -0.00030		 -0.00071
 -0.00052		 -0.00050
 -0.00066		 -0.00022
 -0.00068		  0.00009
 -0.00058		  0.00039
 -0.00037		  0.00063
 -0.00007		  0.00079
  0.00028		  0.00082
  0.00063		  0.00071
  0.00094		  0.00046
  0.00114		  0.00011
  0.00119		 -0.00032
  0.00109		 -0.00077
  0.00082		 -0.00117
  0.00040		 -0.00146
 -0.00011		 -0.00158
 -0.00066		 -0.00152
 -0.00117		 -0.00125
 -0.00156		 -0.00081
 -0.00178		 -0.00025
 -0.00178		  0.00037
 -0.00156		  0.00097
 -0.00113		  0.00145
 -0.00056		  0.00175
  0.00010		  0.00181
  0.00073		  0.00164
  0.00126		  0.00124
  0.00160		  0.00067
  0.00171		  0.00001
  0.00156		 -0.00063
  0.00117		 -0.00117
  0.00060		 -0.00153
 -0.00006		 -0.00163
 -0.00071		 -0.00147
 -0.00126		 -0.00107
 -0.00160		 -0.00048
 -0.00170		  0.00021
 -0.00151		  0.00089
 -0.00108		  0.00145
 -0.00044		  0.00180
  0.00029		  0.00189
  0.00101		  0.00170
  0.00161		  0.00123
  0.00200		  0.00057
  0.00211		 -0.00020
  0.00193		 -0.00097
  0.00147		 -0.00162
  0.00080		 -0.00206
  0.00000		 -0.00222
 -0.00079		 -0.00208
 -0.00148		 -0.00165
 -0.00196		 -0.00100
 -0.00216		 -0.00023
 -0.00206		  0.00056
 -0.00168		  0.00125
 -0.00108		  0.00175
 -0.00034		  0.00198
  0.00041		  0.00192
  0.00108		  0.00158
  0.00157		  0.00102
  0.00180		  0.00032
  0.00175		 -0.00040
  0.00143		 -0.00105
  0.00090		 -0.00151
  0.00022		 -0.00174
 -0.00048		 -0.00169
 -0.00111		 -0.00138
 -0.00157		 -0.00085
 -0.00180		 -0.00018
 -0.00176		  0.00052
 -0.00146		  0.00116
 -0.00095		  0.00164
 -0.00029		  0.00190
  0.00042		  0.00190
  0.00107		  0.00164
  0.00159		  0.00116
  0.00190		  0.00053
  0.00196		 -0.00017
  0.00177		 -0.00083
  0.00136		 -0.00138
  0.00078		 -0.00174
  0.00012		 -0.00187
 -0.00053		 -0.00175
 -0.00109		 -0.00142
 -0.00148		 -0.00091
 -0.00165		 -0.00031
 -0.00160		  0.00030
 -0.00133		  0.00084
 -0.00089		  0.00124
 -0.00035		  0.00145
  0.00023		  0.00143
  0.00075		  0.00121
  0.00115		  0.00081
  0.00137		  0.00029
  0.00138		 -0.00026
  0.00119		 -0.00079
  0.00081		 -0.00120
  0.00030		 -0.00145
 -0.00027		 -0.00149
 -0.00081		 -0.00132
 -0.00127		 -0.00096
 -0.00156		 -0.00046
 -0.00166		  0.00012
 -0.00154		  0.00071
 -0.00122		  0.00121
 -0.00074		  0.00158
 -0.00016		  0.00175
  0.00045		  0.00170
  0.00100		  0.00144
  0.00142		  0.00101
  0.00167		  0.00045
  0.00169		 -0.00015
  0.00150		 -0.00072
  0.00112		 -0.00118
  0.00061		 -0.00147
  0.00003		 -0.00155
 -0.00054		 -0.00141
 -0.00101		 -0.00108
 -0.00132		 -0.00059
 -0.00142		 -0.00003
 -0.00130		  0.00053
 -0.00098		  0.00100
 -0.00051		  0.00132
  0.00005		  0.00143
  0.00062		  0.00132
  0.00111		  0.00100
  0.00145		  0.00052
  0.00158		 -0.00007
  0.00148		 -0.00066
  0.00117		 -0.00119
  0.00068		 -0.00157
  0.00008		 -0.00174
 -0.00055		 -0.00169
 -0.00112		 -0.00140
 -0.00155		 -0.00093
 -0.00177		 -0.00033
 -0.00177		  0.00031
 -0.00153		  0.00090
 -0.00110		  0.00136
 -0.00054		  0.00163
  0.00008		  0.00168
  0.00067		  0.00149
  0.00114		  0.00111
  0.00143		  0.00058
  0.00149		 -0.00001
  0.00134		 -0.00057
  0.00099		 -0.00102
  0.00049		 -0.00131
 -0.00007		 -0.00138
 -0.00061		 -0.00123
 -0.00106		 -0.00089
 -0.00134		 -0.00040
 -0.00141		  0.00015
 -0.00127		  0.00070
 -0.00093		  0.00115
 -0.00045		  0.00144
  0.00011		  0.00154
  0.00067		  0.00142
  0.00114		  0.00110
  0.00147		  0.00063
  0.00160		  0.00008
  0.00153		 -0.00049
  0.00126		 -0.00098
  0.00083		 -0.00134
  0.00030		 -0.00152
 -0.00024		 -0.00149
 -0.00073		 -0.00128
 -0.00111		 -0.00091
 -0.00131		 -0.00043
 -0.00133		  0.00007
 -0.00117		  0.00054
 -0.00085		  0.00091
 -0.00042		  0.00113
  0.00005		  0.00117
  0.00049		  0.00103
  0.00084		  0.00074
  0.00106		  0.00035
  0.00111		 -0.00010
  0.00100		 -0.00053
  0.00073		 -0.00088
  0.00035		 -0.00111
 -0.00009		 -0.00118
 -0.00053		 -0.00108
 -0.00090		 -0.00084
 -0.00115		 -0.00047
 -0.00126		 -0.00004
 -0.00121		  0.00040
 -0.00100		  0.00080
 -0.00067		  0.00109
 -0.00026		  0.00125
  0.00018		  0.00125
  0.00059		  0.00109
  0.00091		  0.00081
  0.00111		  0.00043
  0.00116		  0.00002
  0.00106		 -0.00039
  0.00083		 -0.00072
  0.00049		 -0.00094
  0.00011		 -0.00103
 -0.00028		 -0.00097
 -0.00061		 -0.00077
 -0.00085		 -0.00046
 -0.00095		 -0.00010
 -0.00091		  0.00028
 -0.00073		  0.00061
 -0.00044		  0.00085
 -0.00008		  0.00097
  0.00029		  0.00095
  0.00064		  0.00079
  0.00091		  0.00051
  0.00105		  0.00015
  0.00106		 -0.00024
  0.00092		 -0.00061
  0.00065		 -0.00090
  0.00030		 -0.00108
 -0.00009		 -0.00112
 -0.00048		 -0.00102
 -0.00080		 -0.00079
 -0.00102		 -0.00045
 -0.00110		 -0.00007
 -0.00103		  0.00032
 -0.00084		  0.00065
 -0.00053		  0.00089
 -0.00017		  0.00100
  0.00021		  0.00097
  0.00055		  0.00080
  0.00079		  0.00052
  0.00092		  0.00018
  0.00090		 -0.00019
  0.00075		 -0.00052
  0.00049		 -0.00077
  0.00015		 -0.00090
 -0.00020		 -0.00090
 -0.00054		 -0.00076
 -0.00079		 -0.00051
 -0.00094		 -0.00018
 -0.00095		  0.00018
 -0.00083		  0.00052
 -0.00059		  0.00079
 -0.00026		  0.00096
  0.00009		  0.00099
  0.00044		  0.00090
  0.00073		  0.00068
  0.00091		  0.00038
  0.00097		  0.00003
  0.00091		 -0.00031
  0.00072		 -0.00061
  0.00045		 -0.00081
  0.00012		 -0.00089
 -0.00021		 -0.00085
 -0.00050		 -0.00070
 -0.00070		 -0.00045
 -0.00080		 -0.00015
 -0.00078		  0.00017
 -0.00065		  0.00044
 -0.00042		  0.00065
 -0.00014		  0.00076
  0.00016		  0.00075
  0.00043		  0.00064
  0.00064		  0.00043
  0.00076		  0.00016
  0.00077		 -0.00013
  0.00068		 -0.00040
  0.00049		 -0.00062
  0.00024		 -0.00076
 -0.00004		 -0.00080
 -0.00032		 -0.00073
 -0.00055		 -0.00057
 -0.00071		 -0.00034
 -0.00078		 -0.00007
 -0.00074		  0.00020
 -0.00062		  0.00043
 -0.00042		  0.00061
 -0.00017		  0.00070
  0.00009		  0.00070
  0.00032		  0.00060
  0.00051		  0.00043
  0.00062		  0.00021
  0.00063		 -0.00003
  0.00057		 -0.00027
  0.00042		 -0.00045
  0.00021		 -0.00058
 -0.00002		 -0.00061
 -0.00025		 -0.00056
 -0.00045		 -0.00043
 -0.00059		 -0.00024
 -0.00064		 -0.00001
 -0.00062		  0.00023
 -0.00051		  0.00044
 -0.00032		  0.00060
 -0.00010		  0.00069
  0.00015		  0.00069
  0.00038		  0.00060
  0.00056		  0.00044
  0.00068		  0.00022
  0.00071		 -0.00003
  0.00066		 -0.00027
  0.00052		 -0.00047
  0.00032		 -0.00062
  0.00008		 -0.00068
 -0.00016		 -0.00065
 -0.00038		 -0.00054
 -0.00054		 -0.00035
 -0.00062		 -0.00012
 -0.00061		  0.00012
 -0.00051		  0.00034
 -0.00034		  0.00051
 -0.00011		  0.00060
  0.00013		  0.00060
  0.00036		  0.00051
  0.00054		  0.00034
  0.00064		  0.00011
  0.00065		 -0.00014
  0.00057		 -0.00039
  0.00040		 -0.00058
  0.00017		 -0.00071
 -0.00010		 -0.00074
 -0.00036		 -0.00067
 -0.00058		 -0.00051
 -0.00073		 -0.00028
 -0.00079		 -0.00001
 -0.00074		  0.00027
 -0.00060		  0.00051
 -0.00038		  0.00068
 -0.00012		  0.00076
  0.00016		  0.00073
  0.00040		  0.00061
  0.00059		  0.00041
  0.00068		  0.00016
  0.00067		 -0.00011
  0.00056		 -0.00035
  0.00037		 -0.00053
  0.00012		 -0.00063
 -0.00014		 -0.00062
 -0.00038		 -0.00051
 -0.00056		 -0.00032
 -0.00065		 -0.00007
 -0.00064		  0.00019
 -0.00053		  0.00044
 -0.00034		  0.00063
 -0.00008		  0.00073
  0.00019		  0.00073
  0.00045		  0.00062
  0.00066		  0.00043
  0.00077		  0.00017
  0.00079		 -0.00011
  0.00070		 -0.00038
  0.00052		 -0.00060
  0.00028		 -0.00073
  0.00001		 -0.00077
 -0.00026		 -0.00071
 -0.00048		 -0.00055
 -0.00063		 -0.00033
 -0.00068		 -0.00007
 -0.00063		  0.00018
 -0.00049		  0.00039
 -0.00028		  0.00053
 -0.00004		  0.00058
  0.00019		  0.00053
  0.00039		  0.00040
  0.00052		  0.00020
  0.00056		 -0.00003
  0.00051		 -0.00026
  0.00037		 -0.00046
  0.00017		 -0.00058
 -0.00007		 -0.00062
 -0.00030		 -0.00057
 -0.00050		 -0.00043
 -0.00064		 -0.00023
 -0.00069		  0.00001
 -0.00065		  0.00025
 -0.00052		  0.00046
 -0.00033		  0.00061
 -0.00011		  0.00068
  0.00013		  0.00066
  0.00034		  0.00056
  0.00049		  0.00040
  0.00057		  0.00019
  0.00058		 -0.00002
  0.00050		 -0.00022
  0.00036		 -0.00036
  0.00018		 -0.00044
 -0.00001		 -0.00045
 -0.00018		 -0.00038
 -0.00031		 -0.00026
 -0.00038		 -0.00010
 -0.00037		  0.00008
 -0.00031		  0.00023
 -0.00018		  0.00035
 -0.00002		  0.00041
  0.00015		  0.00040
  0.00030		  0.00033
  0.00042		  0.00020
  0.00048		  0.00004
  0.00048		 -0.00013
  0.00042		 -0.00030
  0.00030		 -0.00043
  0.00014		 -0.00050
 -0.00003		 -0.00052
 -0.00019		 -0.00048
 -0.00033		 -0.00039
 -0.00042		 -0.00025
 -0.00046		 -0.00010
 -0.00044		  0.00005
 -0.00038		  0.00018
 -0.00027		  0.00027
 -0.00015		  0.00032
 -0.00002		  0.00032
  0.00009		  0.00027
  0.00017		  0.00019
  0.00021		  0.00009
  0.00021		 -0.00001
  0.00016		 -0.00010
  0.00009		 -0.00017
 -0.00000		 -0.00020
 -0.00010		 -0.00019
 -0.00018		 -0.00014
 -0.00024		 -0.00006
 -0.00027		  0.00004
 -0.00026		  0.00014
 -0.00021		  0.00023
 -0.00013		  0.00030
 -0.00004		  0.00034
  0.00007		  0.00035
  0.00018		  0.00032
  0.00026		  0.00025
  0.00032		  0.00016
  0.00035		  0.00006
  0.00034		 -0.00004
  0.00031		 -0.00013
  0.00024		 -0.00021
  0.00016		 -0.00025
  0.00008		 -0.00027
 -0.00000		 -0.00025
 -0.00007		 -0.00021
 -0.00012		 -0.00016
 -0.00014		 -0.00009
 -0.00013		 -0.00003
 -0.00011		  0.00002
 -0.00007		  0.00005
 -0.00002		  0.00007
  0.00003		  0.00006
  0.00008		  0.00003
  0.00010		 -0.00002
  0.00010		 -0.00007
  0.00009		 -0.00012
  0.00005		 -0.00017
 -0.00001		 -0.00020
 -0.00007		 -0.00021
 -0.00014		 -0.00019
 -0.00020		 -0.00016
 -0.00025		 -0.00010
 -0.00027		 -0.00003
 -0.00028		  0.00005
 -0.00026		  0.00012
 -0.00021		  0.00019
 -0.00015		  0.00023
 -0.00008		  0.00026
 -0.00001		  0.00026
  0.00006		  0.00024
  0.00011		  0.00020
  0.00015		  0.00015
  0.00017		  0.00010
  0.00016		  0.00004
  0.00014		 -0.00001
  0.00011		 -0.00004
  0.00007		 -0.00006
  0.00003		 -0.00005
  0.00000		 -0.00004
 -0.00002		 -0.00001
 -0.00002		  0.00002
 -0.00001		  0.00006
  0.00001		  0.00008
  0.00005		  0.00010
  0.00009		  0.00009
  0.00014		  0.00008
  0.00017		  0.00004
  0.00019		 -0.00001
  0.00020		 -0.00006
  0.00019		 -0.00012
  0.00015		 -0.00017
  0.00011		 -0.00021
  0.00005		 -0.00024
 -0.00002		 -0.00025
 -0.00008		 -0.00023
 -0.00013		 -0.00020
 -0.00017		 -0.00015
 -0.00020		 -0.00010
 -0.00021		 -0.00004
 -0.00019		  0.00001
 -0.00017		  0.00005
 -0.00013		  0.00009
 -0.00009		  0.00010
 -0.00005		  0.00010
 -0.00002		  0.00009
  0.00000		  0.00007
  0.00001		  0.00004
  0.00001		  0.00001
 -0.00000		 -0.00001
 -0.00003		 -0.00002
 -0.00006		 -0.00002
 -0.00008		 -0.00000
 -0.00010		  0.00002
 -0.00011		  0.00006
 -0.00011		  0.00010
 -0.00009		  0.00014
 -0.00006		  0.00017
 -0.00001		  0.00019
  0.00004		  0.00020
  0.00010		  0.00019
  0.00015		  0.00016
  0.00019		  0.00012
  0.00021		  0.00007
  0.00022		  0.00001
  0.00021		 -0.00004
  0.00019		 -0.00009
  0.00015		 -0.00013
  0.00010		 -0.00016
  0.00005		 -0.00016
  0.00001		 -0.00015
 -0.00003		 -0.00013
 -0.00005		 -0.00010
 -0.00007		 -0.00007
 -0.00006		 -0.00003
 -0.00005		 -0.00001
 -0.00002		  0.00001
  0.00001		  0.00001
  0.00003		 -0.00000
  0.00005		 -0.00002
  0.00005		 -0.00006
  0.00005		 -0.00009
  0.00002		 -0.00012
 -0.00001		 -0.00014
 -0.00006		 -0.00015
 -0.00010		 -0.00014
 -0.00015		 -0.00011
 -0.00018		 -0.00007
 -0.00020		 -0.00002
 -0.00021		  0.00003
 -0.00019		  0.00009
 -0.00016		  0.00014
 -0.00012		  0.00018
 -0.00006		  0.00019
 -0.00001		  0.00020
  0.00004		  0.00018
  0.00009		  0.00015
  0.00011		  0.00011
  0.00012		  0.00006
  0.00011		  0.00002
  0.00009		 -0.00002
  0.00006		 -0.00004
  0.00003		 -0.00004
  0.00000		 -0.00003
 -0.00002		 -0.00001
 -0.00003		  0.00002
 -0.00002		  0.00005
 -0.00000		  0.00008
  0.00003		  0.00009
  0.00007		  0.00010
  0.00011		  0.00008
  0.00014		  0.00005
  0.00017		  0.00001
  0.00017		 -0.00004
  0.00016		 -0.00009
  0.00013		 -0.00014
  0.00009		 -0.00017
  0.00004		 -0.00019
 -0.00001		 -0.00019
 -0.00007		 -0.00017
 -0.00011		 -0.00014
 -0.00013		 -0.00010
 -0.00015		 -0.00005
 -0.00014		 -0.00001
 -0.00012		  0.00003
 -0.00009		  0.00006
 -0.00005		  0.00007
 -0.00002		  0.00006
  0.00001		  0.00004
  0.00002		  0.00002
  0.00002		 -0.00001
  0.00001		 -0.00004
 -0.00002		 -0.00005
 -0.00005		 -0.00005
 -0.00008		 -0.00004
 -0.00011		 -0.00002
 -0.00012		  0.00002
 -0.00012		  0.00006
 -0.00011		  0.00010
 -0.00008		  0.00013
 -0.00004		  0.00015
  0.00001		  0.00016
  0.00005		  0.00015
  0.00009		  0.00013
  0.00012		  0.00009
  0.00013		  0.00005
  0.00013		  0.00001
  0.00012		 -0.00003
  0.00009		 -0.00005
  0.00006		 -0.00007
  0.00003		 -0.00007
  0.00001		 -0.00006
 -0.00001		 -0.00004
 -0.00002		 -0.00002
 -0.00001		  0.00001
  0.00001		  0.00002
  0.00003		  0.00003
  0.00005		  0.00002
  0.00007		  0.00000
  0.00008		 -0.00003
  0.00008		 -0.00006
  0.00007		 -0.00009
  0.00004		 -0.00011
  0.00001		 -0.00012
 -0.00003		 -0.00012
 -0.00007		 -0.00011
 -0.00010		 -0.00009
 -0.00011		 -0.00005
 -0.00012		 -0.00002
 -0.00011		  0.00002
 -0.00009		  0.00005
 -0.00007		  0.00007
 -0.00004		  0.00007
 -0.00001		  0.00007
  0.00001		  0.00005
  0.00002		  0.00003
  0.00002		  0.00001
  0.00001		 -0.00001
 -0.00001		 -0.00002
 -0.00003		 -0.00002
 -0.00005		 -0.00001
 -0.00006		  0.00001
 -0.00007		  0.00004
 -0.00006		  0.00007
 -0.00004		  0.00009
 -0.00001		  0.00011
  0.00002		  0.00011
  0.00006		  0.00010
  0.00009		  0.00008
  0.00011		  0.00005
  0.00012		  0.00002
  0.00011		 -0.00002
  0.00010		 -0.00005
  0.00007		 -0.00008
  0.00004		 -0.00009
  0.00000		 -0.00008
 -0.00002		 -0.00007
 -0.00004		 -0.00004
 -0.00005		 -0.00002
 -0.00004		  0.00001
 -0.00002		  0.00003
  0.00000		  0.00004
  0.00003		  0.00003
  0.00005		  0.00002
  0.00007		 -0.00000
  0.00007		 -0.00003
  0.00006		 -0.00006
  0.00003		 -0.00009
  0.00000		 -0.00010
 -0.00003		 -0.00010
 -0.00007		 -0.00009
 -0.00010		 -0.00007
 -0.00011		 -0.00003
 -0.00012		  0.00001
 -0.00011		  0.00004
 -0.00008		  0.00007
 -0.00005		  0.00009
 -0.00002		  0.00010
  0.00002		  0.00009
  0.00005		  0.00007
  0.00006		  0.00004
  0.00007		  0.00001
  0.00006		 -0.00002
  0.00004		 -0.00004
  0.00001		 -0.00005
 -0.00002		 -0.00005
 -0.00004		 -0.00003
 -0.00006		 -0.00001
 -0.00006		  0.00002
 -0.00005		  0.00005
 -0.00003		  0.00007
 -0.00000		  0.00008
  0.00003		  0.00008
  0.00006		  0.00007
  0.00008		  0.00005
  0.00010		  0.00002
  0.00010		 -0.00001
  0.00009		 -0.00004
  0.00007		 -0.00007
  0.00004		 -0.00009
  0.00001		 -0.00009
 -0.00002		 -0.00008
 -0.00004		 -0.00006
 -0.00006		 -0.00004
 -0.00006		 -0.00001
 -0.00006		  0.00001
 -0.00004		  0.00003
 -0.00002		  0.00004
  0.00000		  0.00004
  0.00002		  0.00003
  0.00003		  0.00002
  0.00004		 -0.00000
  0.00003		 -0.00002
  0.00002		 -0.00004
  0.00001		 -0.00005
 -0.00001		 -0.00005
 -0.00003		 -0.00004
 -0.00005		 -0.00003
 -0.00006		 -0.00001
 -0.00006		  0.00001
 -0.00005		  0.00003
 -0.00004		  0.00005
 -0.00002		  0.00005
 -0.00000		  0.00006
  0.00001		  0.00005
  0.00003		  0.00004
  0.00004		  0.00003
  0.00004		  0.00001
  0.00004		 -0.00000
  0.00003		 -0.00001
  0.00002		 -0.00002
  0.00001		 -0.00002
  0.00000		 -0.00002
 -0.00000		 -0.00001
 -0.00001		 -0.00001
 -0.00001		  0.00000
 -0.00000		  0.00001
  0.00000		  0.00001
  0.00001		  0.00001
  0.00001		  0.00000
  0.00002		  0.00000
  0.00002		 -0.00001
  0.00001		 -0.00001
  0.00001		 -0.00002
  0.00000		 -0.00002
 -0.00000		 -0.00002
 -0.00001		 -0.00002
 -0.00001		 -0.00001
 -0.00001		 -0.00001
 -0.00001		 -0.00001
 -0.00001		 -0.00000
 -0.00001		 -0.00000
 -0.00001		 -0.00000
 -0.00001		 -0.00000
 -0.00001		 -0.00000
 -0.00001		 -0.00000
 -0.00001		 -0.00000
 -0.00002		  0.00000
 -0.00002		  0.00001
 -0.00002		  0.00001
 -0.00001		  0.00002
 -0.00001		  0.00002
  0.00000		  0.00003
  0.00001		  0.00003
  0.00002		  0.00002
  0.00002		  0.00002
  0.00003		  0.00001
  0.00003		 -0.00000
  0.00002		 -0.00001
  0.00002		 -0.00002
  0.00001		 -0.00002
 -0.00000		 -0.00002
 -0.00001		 -0.00002
 -0.00002		 -0.00001
 -0.00002		 -0.00000
 -0.00002		  0.00001
 -0.00001		  0.00001
 -0.00000		  0.00002
  0.00001		  0.00002
  0.00002		  0.00002
  0.00002		  0.00001
  0.00003		 -0.00000
  0.00003		 -0.00001
  0.00002		 -0.00003
  0.00001		 -0.00003
 -0.00000		 -0.00004
 -0.00002		 -0.00004
 -0.00003		 -0.00003
 -0.00004		 -0.00002
 -0.00004		 -0.00000
 -0.00004		  0.00001
 -0.00004		  0.00002
 -0.00003		  0.00004
 -0.00001		  0.00004
  0.00000		  0.00004
  0.00001		  0.00004
  0.00002		  0.00003
  0.00003		  0.00002
  0.00003		  0.00000
  0.00003		 -0.00001
  0.00002		 -0.00002
  0.00001		 -0.00002
 -0.00000		 -0.00002
 -0.00001		 -0.00002
 -0.00002		 -0.00001
 -0.00002		  0.00000
 -0.00002		  0.00001
 -0.00001		  0.00002
 -0.00000		  0.00002
  0.00001		  0.00003
  0.00002		  0.00002
  0.00003		  0.00001
  0.00003		  0.00000
  0.00004		 -0.00001
  0.00003		 -0.00002
  0.00003		 -0.00003
  0.00002		 -0.00003
  0.00001		 -0.00004
 -0.00000		 -0.00004
 -0.00001		 -0.00003
 -0.00002		 -0.00003
 -0.00003		 -0.00002
 -0.00003		 -0.00001
 -0.00003		 -0.00000
 -0.00003		  0.00000
 -0.00002		  0.00001
 -0.00002		  0.00001
 -0.00001		  0.00001
 -0.00001		  0.00001
 -0.00000		  0.00001
 -0.00000		  0.00001
 -0.00000		  0.00001
 -0.00000		  0.00001
 -0.00000		  0.00000
 -0.00000		  0.00000
 -0.00000		  0.00000
 -0.00001		  0.00000
 -0.00001		  0.00000
 -0.00001		  0.00001
 -0.00001		  0.00001
 -0.00001		  0.00001
 -0.00001		  0.00002
 -0.00000		  0.00002
 -0.00000		  0.00002
  0.00001		  0.00003
  0.00001		  0.00003
  0.00002		  0.00003
  0.00003		  0.00002
  0.00004		  0.00002
  0.00004		  0.00001
  0.00004		 -0.00000
  0.00004		 -0.00002
  0.00004		 -0.00003
  0.00003		 -0.00004
  0.00002		 -0.00004
  0.00000		 -0.00004
 -0.00001		 -0.00004
 -0.00002		 -0.00003
 -0.00003		 -0.00002
 -0.00003		 -0.00001
 -0.00003		  0.00000
 -0.00002		  0.00001
 -0.00002		  0.00002
 -0.00000		  0.00002
  0.00001		  0.00002
  0.00002		  0.00001
  0.00002		 -0.00000
  0.00002		 -0.00001
  0.00001		 -0.00003
  0.00000		 -0.00004
 -0.00001		 -0.00004
 -0.00003		 -0.00004
 -0.00004		 -0.00003
 -0.00005		 -0.00002
 -0.00006		  0.00000
 -0.00006		  0.00002
 -0.00005		  0.00004
 -0.00004		  0.00006
 -0.00002		  0.00007
  0.00000		  0.00007
  0.00003		  0.00007
  0.00004		  0.00005
  0.00006		  0.00004
  0.00006		  0.00001
  0.00006		 -0.00001
  0.00005		 -0.00003
  0.00003		 -0.00004
  0.00001		 -0.00004
 -0.00000		 -0.00004
 -0.00002		 -0.00003
 -0.00003		 -0.00002
 -0.00003		  0.00000
 -0.00003		  0.00002
 -0.00002		  0.00003
  0.00000		  0.00004
  0.00002		  0.00004
  0.00004		  0.00004
  0.00006		  0.00002
  0.00006		 -0.00000
  0.00006		 -0.00002
  0.00006		 -0.00005
  0.00004		 -0.00007
  0.00002		 -0.00008
 -0.00001		 -0.00008
 -0.00003		 -0.00007
 -0.00006		 -0.00006
 -0.00007		 -0.00004
 -0.00008		 -0.00001
 -0.00007		  0.00001
 -0.00006		  0.00003
 -0.00005		  0.00005
 -0.00002		  0.00006
 -0.00000		  0.00006
  0.00002		  0.00005
  0.00003		  0.00003
  0.00004		  0.00002
  0.00004		 -0.00000
  0.00003		 -0.00002
  0.00001		 -0.00003
 -0.00000		 -0.00004
 -0.00002		 -0.00003
 -0.00004		 -0.00002
 -0.00005		 -0.00001
 -0.00005		  0.00002
 -0.00005		  0.00004
 -0.00004		  0.00005
 -0.00002		  0.00007
  0.00001		  0.00007
  0.00003		  0.00007
  0.00005		  0.00006
  0.00007		  0.00004
  0.00008		  0.00002
  0.00008		 -0.00001
  0.00007		 -0.00003
  0.00005		 -0.00005
  0.00004		 -0.00006
  0.00001		 -0.00006
 -0.00001		 -0.00006
 -0.00002		 -0.00005
 -0.00004		 -0.00003
 -0.00004		 -0.00002
 -0.00004		  0.00000
 -0.00003		  0.00001
 -0.00002		  0.00002
 -0.00000		  0.00003
  0.00001		  0.00002
  0.00002		  0.00002
  0.00003		  0.00000
  0.00003		 -0.00001
  0.00003		 -0.00003
  0.00002		 -0.00004
  0.00000		 -0.00005
 -0.00002		 -0.00005
 -0.00003		 -0.00005
 -0.00005		 -0.00004
 -0.00006		 -0.00002
 -0.00007		 -0.00000
 -0.00006		  0.00002
 -0.00006		  0.00004
 -0.00004		  0.00005
 -0.00003		  0.00006
 -0.00001		  0.00006
  0.00001		  0.00006
  0.00003		  0.00005
  0.00004		  0.00004
  0.00005		  0.00002
  0.00004		  0.00000
  0.00004		 -0.00001
  0.00003		 -0.00002
  0.00002		 -0.00003
  0.00000		 -0.00003
 -0.00001		 -0.00002
 -0.00002		 -0.00001
 -0.00002		  0.00000
 -0.00002		  0.00001
 -0.00001		  0.00002
 -0.00000		  0.00003
  0.00001		  0.00003
  0.00003		  0.00003
  0.00004		  0.00002
  0.00005		  0.00001
  0.00005		 -0.00001
  0.00005		 -0.00002
  0.00004		 -0.00004
  0.00003		 -0.00005
  0.00002		 -0.00006
 -0.00000		 -0.00006
 -0.00002		 -0.00006
 -0.00003		 -0.00005
 -0.00004		 -0.00003
 -0.00005		 -0.00002
 -0.00005		 -0.00000
 -0.00005		  0.00001
 -0.00004		  0.00002
 -0.00002		  0.00003
 -0.00001		  0.00003
  0.00000		  0.00003
  0.00001		  0.00002
  0.00002		  0.00001
  0.00002		  0.00000
  0.00001		 -0.00001
  0.00001		 -0.00002
 -0.00000		 -0.00002
 -0.00001		 -0.00002
 -0.00002		 -0.00001
 -0.00003		 -0.00001
 -0.00004		  0.00001
 -0.00004		  0.00002
 -0.00003		  0.00003
 -0.00002		  0.00004
 -0.00001		  0.00005
  0.00001		  0.00005
  0.00002		  0.00005
  0.00004		  0.00004
  0.00005		  0.00003
  0.00005		  0.00001
  0.00005		 -0.00000
  0.00005		 -0.00002
  0.00004		 -0.00003
  0.00002		 -0.00004
  0.00001		 -0.00004
 -0.00000		 -0.00004
 -0.00001		 -0.00003
 -0.00002		 -0.00002
 -0.00002		 -0.00001
 -0.00002		 -0.00000
 -0.00001		  0.00001
 -0.00001		  0.00001
  0.00000		  0.00001
  0.00001		  0.00001
  0.00002		  0.00000
  0.00002		 -0.00000
  0.00002		 -0.00001
  0.00002		 -0.00002
  0.00001		 -0.00003
 -0.00000		 -0.00003
 -0.00001		 -0.00003
 -0.00002		 -0.00003
 -0.00003		 -0.00002
 -0.00004		 -0.00001
 -0.00004		 -0.00000
 -0.00004		  0.00001
 -0.00004		  0.00002
 -0.00003		  0.00003
 -0.00002		  0.00003
 -0.00001		  0.00004
  0.00000		  0.00004
  0.00001		  0.00003
  0.00002		  0.00003
  0.00002		  0.00002
  0.00002		  0.00001
  0.00002		  0.00000
  0.00002		 -0.00000
  0.00001		 -0.00001
  0.00001		 -0.00001
  0.00000		 -0.00001
 -0.00000		 -0.00001
 -0.00001		 -0.00000
 -0.00001		  0.00000
 -0.00001		  0.00001
 -0.00000		  0.00001
  0.00000		  0.00002
  0.00001		  0.00002
  0.00002		  0.00002
  0.00002		  0.00001
  0.00003		  0.00000
  0.00003		 -0.00000
  0.00003		 -0.00001
  0.00003		 -0.00002
  0.00002		 -0.00003
  0.00001		 -0.00004
  0.00000		 -0.00004
 -0.00001		 -0.00004
 -0.00002		 -0.00003
 -0.00003		 -0.00002
 -0.00003		 -0.00002
 -0.00003		 -0.00001
 -0.00003		  0.00000
 -0.00003		  0.00001
 -0.00002		  0.00002
 -0.00001		  0.00002
 -0.00000		  0.00002
  0.00000		  0.00002
  0.00001		  0.00001
  0.00001		  0.00001
  0.00001		 -0.00000
  0.00001		 -0.00001
  0.00000		 -0.00001
 -0.00000		 -0.00002
 -0.00001		 -0.00001
 -0.00002		 -0.00001
 -0.00002		 -0.00000
 -0.00003		  0.00001
 -0.00003		  0.00002
 -0.00002		  0.00003
 -0.00001		  0.00003
 -0.00000		  0.00004
  0.00001		  0.00004
  0.00002		  0.00003
  0.00003		  0.00002
  0.00004		  0.00001
  0.00004		  0.00000
  0.00004		 -0.00001
  0.00003		 -0.00002
  0.00002		 -0.00003
  0.00001		 -0.00003
 -0.00000		 -0.00003
 -0.00001		 -0.00003
 -0.00002		 -0.00002
 -0.00002		 -0.00001
 -0.00002		  0.00000
 -0.00002		  0.00001
 -0.00001		  0.00002
 -0.00000		  0.00002
  0.00001		  0.00002
  0.00002		  0.00001
  0.00002		  0.00001
  0.00003		 -0.00000
  0.00002		 -0.00002
  0.00002		 -0.00003
  0.00001		 -0.00003
 -0.00000		 -0.00004
 -0.00002		 -0.00003
 -0.00003		 -0.00003
 -0.00004		 -0.00002
 -0.00004		 -0.00001
 -0.00004		  0.00001
 -0.00004		  0.00002
 -0.00003		  0.00003
 -0.00001		  0.00004
 -0.00000		  0.00004
  0.00001		  0.00004
  0.00002		  0.00003
  0.00003		  0.00002
  0.00003		  0.00001
  0.00003		 -0.00000
  0.00002		 -0.00001
  0.00001		 -0.00002
  0.00000		 -0.00002
 -0.00001		 -0.00002
 -0.00002		 -0.00001
 -0.00002		 -0.00001
 -0.00002		  0.00000
 -0.00002		  0.00001
 -0.00001		  0.00002
 -0.00000		  0.00003
  0.00001		  0.00003
  0.00002		  0.00002
  0.00003		  0.00002
  0.00003		  0.00001
  0.00003		 -0.00000
  0.00003		 -0.00002
  0.00002		 -0.00003
  0.00002		 -0.00003
  0.00000		 -0.00003
 -0.00001		 -0.00003
 -0.00002		 -0.00003
 -0.00002		 -0.00002
 -0.00003		 -0.00001
 -0.00003		  0.00000
 -0.00002		  0.00001
 -0.00002		  0.00002
 -0.00001		  0.00002
  0.00000		  0.00002
  0.00001		  0.00002
  0.00001		  0.00001
  0.00002		  0.00000
  0.00002		 -0.00000
  0.00001		 -0.00001
  0.00001		 -0.00002
 -0.00000		 -0.00002
 -0.00001		 -0.00002
 -0.00002		 -0.00001
 -0.00002		 -0.00001
 -0.00002		  0.00000
 -0.00002		  0.00001
 -0.00002		  0.00002
 -0.00001		  0.00002
 -0.00000		  0.00003
  0.00000		  0.00002
  0.00001		  0.00002
  0.00002		  0.00002
  0.00002		  0.00001
  0.00002		  0.00000
  0.00002		 -0.00000
  0.00002		 -0.00001
  0.00001		 -0.00001
  0.00000		 -0.00002
 -0.00000		 -0.00001
 -0.00001		 -0.00001
 -0.00001		 -0.00001
 -0.00001		 -0.00000
 -0.00001		  0.00000
 -0.00001		  0.00001
 -0.00000		  0.00001
  0.00000		  0.00001
  0.00001		  0.00001
  0.00001		  0.00000
  0.00001		 -0.00000
  0.00001		 -0.00001
  0.00001		 -0.00001
  0.00001		 -0.00001
  0.00000		 -0.00001
 -0.00000		 -0.00001
 -0.00001		 -0.00001
 -0.00001		 -0.00001
 -0.00001		 -0.00001
 -0.00001		 -0.00000
 -0.00001		  0.00000
 -0.00001		  0.00000
 -0.00001		  0.00001
 -0.00001		  0.00001
 -0.00000		  0.00001
 -0.00000		  0.00001
  0.00000		  0.00001
  0.00000		  0.00000
  0.00000		  0.00000
  0.00000		  0.00000
  0.00000		  0.00000
  0.00000		  0.00000
 -0.00000		  0.00000
 -0.00000		  0.00000
 -0.00000		  0.00000
 -0.00000		  0.00000
 -0.00000		  0.00000
  0.00000		  0.00000
  0.00000		  0.00000
  0.00000		  0.00000
  0.00000		  0.00000
  0.00000		  0.00000
  0.00000		  0.00000
  0.00000		  0.00000
  0.00000		  0.00000
  0.00000		  0.00000
  0.00000		 -0.00000
  0.00000		 -0.00000
  0.00000		 -0.00000
  0.00000		 -0.00000
  0.00000		 -0.00000
  0.00000		 -0.00000
  0.00000		 -0.00000
  0.00000		 -0.00001
  0.00000		 -0.00001
 -0.00000		 -0.00001
 -0.00000		 -0.00001
 -0.00000		 -0.00000
 -0.00001		 -0.00000
 -0.00001		 -0.00000
 -0.00001		  0.00000
 -0.00001		  0.00000
 -0.00000		  0.00000
 -0.00000		  0.00000
 -0.00000		  0.00000
  0.00000		  0.00000
  0.00000		  0.00000
  0.00000		  0.00000
  0.00000		 -0.00000
  0.00000		 -0.00000
  0.00000		 -0.00000
 -0.00000		 -0.00000
 -0.00000		 -0.00000
 -0.00001		 -0.00000
 -0.00001		 -0.00000
 -0.00001		  0.00000
 -0.00001		  0.00000
 -0.00000		  0.00001
 -0.00000		  0.00001
  0.00000		  0.00001
  0.00000		  0.00001
  0.00001		  0.00001
  0.00001		  0.00000
  0.00001		  0.00000
  0.00001		 -0.00000
  0.00001		 -0.00000
  0.00001		 -0.00001
  0.00000		 -0.00001
 -0.00000		 -0.00001
 -0.00000		 -0.00001
 -0.00001		 -0.00000
 -0.00001		 -0.00000
 -0.00001		  0.00000
 -0.00001		  0.00000
 -0.00000		  0.00001
 -0.00000		  0.00001
  0.00000		  0.00001
  0.00001		  0.00001
  0.00001		  0.00000
  0.00001		  0.00000
  0.00001		 -0.00000
  0.00001		 -0.00001
  0.00000		 -0.00001
  0.00000		 -0.00001
 -0.00000		 -0.00001
 -0.00001		 -0.00001
 -0.00001		 -0.00001
 -0.00001		 -0.00000
 -0.00001		  0.00000
 -0.00001		  0.00000
 -0.00001		  0.00001
 -0.00000		  0.00001
  0.00000		  0.00001
  0.00000		  0.00001
  0.00001		  0.00001
  0.00001		  0.00000
  0.00001		 -0.00000
  0.00001		 -0.00000
  0.00000		 -0.00001
  0.00000		 -0.00001
 -0.00000		 -0.00001
 -0.00000		 -0.00001
 -0.00001		 -0.00000
 -0.00001		 -0.00000
 -0.00001		  0.00000
 -0.00001		  0.00000
 -0.00000		  0.00001
 -0.00000		  0.00001
  0.00000		  0.00001
  0.00000		  0.00001
  0.00001		  0.00000
  0.00001		  0.00000
  0.00001		 -0.00000
  0.00001		 -0.00000
  0.00001		 -0.00001
  0.00000		 -0.00001
  0.00000		 -0.00001
 -0.00000		 -0.00001
 -0.00000		 -0.00000
 -0.00001		 -0.00000
 -0.00001		 -0.00000
 -0.00001		  0.00000
 -0.00000		  0.00000
 -0.00000		  0.00000
 -0.00000		  0.00001
  0.00000		  0.00000
  0.00000		  0.00000
  0.00000		  0.00000
  0.00001		 -0.00000
  0.00000		 -0.00000
  0.00000		 -0.00000
  0.00000		 -0.00000
 -0.00000		 -0.00000
 -0.00000		 -0.00000
 -0.00000		 -0.00000
 -0.00000		 -0.00000
 -0.00000		 -0.00000
 -0.00000		  0.00000
 -0.00000		  0.00000
 -0.00000		  0.00000
 -0.00000		  0.00000
  0.00000		  0.00000
  0.00000		  0.00000
  0.00000		  0.00000
  0.00000		  0.00000
  0.00000		 -0.00000
  0.00000		 -0.00000
  0.00000		 -0.00000
  0.00000		 -0.00000
 -0.00000		 -0.00000
 -0.00000		 -0.00000
 -0.00000		 -0.00000
 -0.00000		 -0.00000
 -0.00000		 -0.00000
 -0.00000		  0.00000
 -0.00000		  0.00000
 -0.00000		  0.00000
 -0.00000		  0.00000
  0.00000		  0.00000
  0.00000		  0.00000
  0.00000		  0.00000
  0.00000		  0.00000
  0.00000		  0.00000
  0.00000		 -0.00000
  0.00000		 -0.00000
  0.00000		 -0.00000
  0.00000		 -0.00000
  0.00000		 -0.00000
 -0.00000		 -0.00000
 -0.00000		 -0.00000
 -0.00000		 -0.00000
 -0.00000		 -0.00000
 -0.00000		 -0.00000
 -0.00000		  0.00000
 -0.00000		  0.00000
 -0.00000		  0.00000
 -0.00000		  0.00000
 -0.00000		  0.00000
  0.00000		  0.00000
  0.00000		  0.00000
  0.00000		  0.00000
  0.00000		  0.00000
  0.00000		 -0.00000
  0.00000		 -0.00000
  0.00000		 -0.00000
  0.00000		 -0.00000
 -0.00000		 -0.00000
 -0.00000		 -0.00000
 -0.00000		 -0.00000
 -0.00000		 -0.00000
 -0.00000		  0.00000
 -0.00000		  0.00000
 -0.00000		  0.00000
 -0.00000		  0.00000
  0.00000		  0.00000
  0.00000		  0.00000
  0.00000		  0.00000
  0.00000		  0.00000
  0.00000		  0.00000
  0.00000		 -0.00000
  0.00000		 -0.00000
  0.00000		 -0.00000
  0.00000		 -0.00000
 -0.00000		 -0.00000
 -0.00000		 -0.00000
 -0.00000		 -0.00000
 -0.00000		 -0.00000
 -0.00000		  0.00000
 -0.00000		  0.00000
 -0.00000		  0.00000
 -0.00000		  0.00000
  0.00000		  0.00000
  0.00000		  0.00000
  0.00000		  0.00000
  0.00000		  0.00000
  0.00000		 -0.00000
  0.00000		 -0.00000
  0.00000		 -0.00000
  0.00000		 -0.00000
 -0.00000		 -0.00000
 -0.00000		 -0.00000
 -0.00000		 -0.00000
 -0.00001		 -0.00000
 -0.00001		  0.00000
 -0.00000		  0.00000
 -0.00000		  0.00000
 -0.00000		  0.00001
  0.00000		  0.00001
  0.00000		  0.00000
  0.00000		  0.00000
  0.00001		  0.00000
  0.00001		 -0.00000
  0.00000		 -0.00000
  0.00000		 -0.00000
  0.00000		 -0.00000
 -0.00000		 -0.00000
 -0.00000		 -0.00000
 -0.00000		 -0.00000
 -0.00000		 -0.00000
 -0.00000		  0.00000
 -0.00000		  0.00000
 -0.00000		  0.00000
 -0.00000		  0.00000
  0.00000		  0.00000
  0.00000		  0.00000
  0.00000		  0.00000
  0.00000		  0.00000
  0.00000		 -0.00000
  0.00000		 -0.00000
  0.00000		 -0.00000
  0.00000		 -0.00000
  0.00000		 -0.00000
 -0.00000		 -0.00000
 -0.00000		 -0.00000
 -0.00000		 -0.00000
 -0.00000		 -0.00000
 -0.00000		  0.00000
 -0.00000		  0.00000
 -0.00000		  0.00000
 -0.00000		  0.00000
  0.00000		  0.00000
  0.00000		  0.00000
  0.00000		  0.00000
  0.00000		  0.00000
  0.00000		  0.00000
  0.00000		 -0.00000
  0.00000		 -0.00000
  0.00000		 -0.00000
  0.00000		 -0.00000
 -0.00000		 -0.00000
 -0.00000		 -0.00000
 -0.00000		 -0.00000
 -0.00000		 -0.00000
 -0.00000		  0.00000
 -0.00000		  0.00000
 -0.00000		  0.00000
 -0.00000		  0.00000
  0.00000		  0.00000
  0.00000		  0.00000
  0.00000		  0.00000
  0.00000		  0.00000
  0.00000		  0.00000
  0.00000		 -0.00000
  0.00000		 -0.00000
  0.00000		 -0.00000
  0.00000		 -0.00000
 -0.00000		 -0.00000
 -0.00000		 -0.00000
 -0.00000		 -0.00000
 -0.00000		 -0.00000
 -0.00000		 -0.00000
 -0.00000		  0.00000
 -0.00000		  0.00000
 -0.00000		  0.00000
 -0.00000		  0.00000
  0.00000		  0.00000
  0.00000		  0.00000
  0.00000		  0.00000
  0.00000		  0.00000
  0.00000		 -0.00000
  0.00000		 -0.00000
  0.00000		 -0.00000
  0.00000		 -0.00000
 -0.00000		 -0.00000
 -0.00000		 -0.00000
 -0.00000		 -0.00000
 -0.00000		 -0.00000
 -0.00000		  0.00000
 -0.00000		  0.00000
 -0.00000		  0.00000
 -0.00000		  0.00000
  0.00000		  0.00000
  0.00000		  0.00000
  0.00000		  0.00000
  0.00000		  0.00000
  0.00000		  0.00000
  0.00000		 -0.00000
  0.00000		 -0.00000
  0.00000		 -0.00000
  0.00000		 -0.00000
 -0.00000		 -0.00000
 -0.00000		 -0.00000
 -0.00000		 -0.00000
 -0.00000		 -0.00000
 -0.00000		  0.00000
 -0.00000		  0.00000
 -0.00000		  0.00000
 -0.00000		  0.00000
  0.00000		  0.00000
  0.00000		  0.00000
  0.00000		  0.00000
  0.00000		  0.00000
  0.00000		 -0.00000
  0.00000		 -0.00000
  0.00000		 -0.00000
  0.00000		 -0.00000
 -0.00000		 -0.00000
 -0.00000		 -0.00000
 -0.00000		 -0.00000
 -0.00000		 -0.00000
 -0.00000		  0.00000
 -0.00000		  0.00000
 -0.00000		  0.00000
 -0.00000		  0.00000
 -0.00000		  0.00000
  0.00000		  0.00000
  0.00000		  0.00000
  0.00000		  0.00000
  0.00000		  0.00000
  0.00000		 -0.00000
  0.00000		 -0.00000
  0.00000		 -0.00000
  0.00000		 -0.00000
 -0.00000		 -0.00000
 -0.00000		 -0.00000
 -0.00000		 -0.00000
 -0.00000		 -0.00000
 -0.00000		  0.00000
 -0.00000		  0.00000
 -0.00000		  0.00000
 -0.00000		  0.00000
  0.00000		  0.00000
  0.00000		  0.00000
  0.00000		  0.00000
  0.00000		  0.00000
  0.00000		 -0.00000
  0.00000		 -0.00000
  0.00000		 -0.00000
  0.00000		 -0.00000
  0.00000		 -0.00000
 -0.00000		 -0.00000
 -0.00000		 -0.00000
 -0.00000		 -0.00000
 -0.00000		 -0.00000
 -0.00000		 -0.00000
 -0.00000		  0.00000
 -0.00000		  0.00000
 -0.00000		  0.00000
 -0.00000		  0.00000
  0.00000		  0.00000
  0.00000		  0.00000
  0.00000		  0.00000
  0.00000		  0.00000
  0.00000		 -0.00000
  0.00000		 -0.00000
  0.00000		 -0.00000
 -0.00000		 -0.00000
 -0.00000		 -0.00000
 -0.00000		 -0.00000
 -0.00000		 -0.00000
 -0.00000		  0.00000
 -0.00000		  0.00000
 -0.00000		  0.00000
 -0.00000		  0.00000
 -0.00000		  0.00000
  0.00000		  0.00000
  0.00000		  0.00000
  0.00000		  0.00000
  0.00000		  0.00000
  0.00000		  0.00000
  0.00000		 -0.00000
  0.00000		 -0.00000
  0.00000		 -0.00000
  0.00000		 -0.00000
  0.00000		 -0.00000
 -0.00000		 -0.00000
 -0.00000		 -0.00000
 -0.00000		 -0.00000
 -0.00000		 -0.00000
 -0.00000		  0.00000
 -0.00000		  0.00000
 -0.00000		  0.00000
  0.00000		  0.00000
  0.00000		  0.00000
  0.00000		  0.00000
  0.00000		  0.00000
  0.00000		 -0.00000
  0.00000		 -0.00000
  0.00000		 -0.00000
  0.00000		 -0.00000
 -0.00000		 -0.00000
 -0.00000		 -0.00000
 -0.00000		 -0.00000
 -0.00000		 -0.00000
 -0.00000		 -0.00000
 -0.00000		  0.00000
 -0.00000		  0.00000
 -0.00000		  0.00000
 -0.00000		  0.00000
 -0.00000		  0.00000
  0.00000		  0.00000
  0.00000		  0.00000
  0.00000		  0.00000
  0.00000		  0.00000
  0.00000		  0.00000
  0.00000		 -0.00000
  0.00000		 -0.00000
  0.00000		 -0.00000
 -0.00000		 -0.00000
 -0.00000		 -0.00000
 -0.00000		 -0.00000
 -0.00000		  0.00000
 -0.00000		  0.00000
 -0.00000		  0.00000
 -0.00000		  0.00000
  0.00000		  0.00000
  0.00000		  0.00000
  0.00000		  0.00000
  0.00000		  0.00000
  0.00000		  0.00000
  0.00000		 -0.00000
  0.00000		 -0.00000
  0.00000		 -0.00000
  0.00000		 -0.00000
  0.00000		 -0.00000
 -0.00000		 -0.00000
 -0.00000		 -0.00000
 -0.00000		 -0.00000
 -0.00000		 -0.00000
 -0.00000		 -0.00000
 -0.00000		 -0.00000
 -0.00000		  0.00000
 -0.00000		  0.00000
 -0.00000		  0.00000
 -0.00000		  0.00000
  0.00000		  0.00000
  0.00000		  0.00000
  0.00000		 -0.00000
  0.00000		 -0.00000
 -0.00000		 -0.00000
 -0.00000		 -0.00000
 -0.00000		 -0.00000
 -0.00000		 -0.00000
 -0.00000		 -0.00000
 -0.00000		  0.00000
 -0.00000		  0.00000
 -0.00000		  0.00000
 -0.00000		  0.00000
 -0.00000		  0.00000
 -0.00000		  0.00000
  0.00000		  0.00000
  0.00000		  0.00000
  0.00000		  0.00000
  0.00000		  0.00000
  0.00000		  0.00000
  0.00000		  0.00000
  0.00000		 -0.00000
  0.00000		 -0.00000
  0.00000		 -0.00000
  0.00000		 -0.00000
  0.00000		 -0.00000
  0.00000		 -0.00000
 -0.00000		 -0.00000
 -0.00000		 -0.00000
 -0.00000		 -0.00000
 -0.00000		 -0.00000
 -0.00000		  0.00000
 -0.00000		  0.00000
  0.00000		  0.00000
  0.00000		  0.00000
  0.00000		  0.00000
  0.00000		 -0.00000
  0.00000		 -0.00000
  0.00000		 -0.00000
  0.00000		 -0.00000
  0.00000		 -0.00000
 -0.00000		 -0.00000
 -0.00000		 -0.00000
 -0.00000		 -0.00000
 -0.00000		 -0.00000
 -0.00000		 -0.00000
 -0.00000		  0.00000
 -0.00000		  0.00000
 -0.00000		  0.00000
 -0.00000		  0.00000
 -0.00000		  0.00000
  0.00000		  0.00000
  0.00000		  0.00000
  0.00000		  0.00000
  0.00000		  0.00000
  0.00000		  0.00000
  0.00000		 -0.00000
  0.00000		 -0.00000
  0.00000		 -0.00000
 -0.00000		 -0.00000
 -0.00000		 -0.00000
 -0.00000		  0.00000
 -0.00000		  0.00000
 -0.00000		  0.00000
 -0.00000		  0.00000
  0.00000		  0.00000
  0.00000		  0.00000
  0.00000		  0.00000
  0.00000		  0.00000
  0.00000		  0.00000
  0.00000		 -0.00000
  0.00000		 -0.00000
  0.00000		 -0.00000
  0.00000		 -0.00000
  0.00000		 -0.00000
 -0.00000		 -0.00000
 -0.00000		 -0.00000
 -0.00000		 -0.00000
 -0.00000		 -0.00000
 -0.00000		 -0.00000
 -0.00000		  0.00000
 -0.00000		  0.00000
 -0.00000		  0.00000
 -0.00000		  0.00000
  0.00000		  0.00000
  0.00000		  0.00000
  0.00000		 -0.00000
  0.00000		 -0.00000
  0.00000		 -0.00000
 -0.00000		 -0.00000
 -0.00000		 -0.00000
 -0.00000		 -0.00000
 -0.00000		 -0.00000
 -0.00000		 -0.00000
 -0.00000		  0.00000
 -0.00000		  0.00000
 -0.00000		  0.00000
 -0.00000		  0.00000
 -0.00000		  0.00000
  0.00000		  0.00000
  0.00000		  0.00000
  0.00000		  0.00000
  0.00000		  0.00000
  0.00000		  0.00000
  0.00000		  0.00000
  0.00000		 -0.00000
  0.00000		 -0.00000
  0.00000		 -0.00000
  0.00000		 -0.00000
  0.00000		 -0.00000
  0.00000		 -0.00000
  0.00000		 -0.00000
  0.00000		 -0.00000
  0.00000		 -0.00000
  0.00000		 -0.00000
  0.00000		 -0.00000
  0.00000		 -0.00000
  0.00000		 -0.00000
  0.00000		 -0.00000
  0.00000		 -0.00000
  0.00000		 -0.00000
  0.00000		 -0.00000
  0.00000		 -0.00000
 -0.00000		 -0.00000
 -0.00000		 -0.00000
 -0.00000		 -0.00000
 -0.00000		 -0.00000
 -0.00000		 -0.00000
 -0.00000		 -0.00000
 -0.00000		 -0.00000
 -0.00000		 -0.00000
 -0.00000		  0.00000
 -0.00000		  0.00000
 -0.00000		  0.00000
 -0.00000		  0.00000
 -0.00000		  0.00000
 -0.00000		  0.00000
 -0.00000		  0.00000
 -0.00000		  0.00000
  0.00000		  0.00000
  0.00000		  0.00000
  0.00000		  0.00000
  0.00000		  0.00000
  0.00000		  0.00000
  0.00000		  0.00000
  0.00000		  0.00000
  0.00000		  0.00000
  0.00000		  0.00000
  0.00000		  0.00000
  0.00000		  0.00000
  0.00000		  0.00000
  0.00000		  0.00000
  0.00000		  0.00000
  0.00000		  0.00000
  0.00000		  0.00000
  0.00000		  0.00000
  0.00000		 -0.00000
  0.00000		 -0.00000
  0.00000		 -0.00000
  0.00000		 -0.00000
  0.00000		 -0.00000
  0.00000		 -0.00000
 -0.00000		 -0.00000
 -0.00000		 -0.00000
 -0.00000		 -0.00000
 -0.00000		 -0.00000
 -0.00000		 -0.00000
 -0.00000		 -0.00000
 -0.00000		  0.00000
 -0.00000		  0.00000
 -0.00000		  0.00000
 -0.00000		  0.00000
 -0.00000		  0.00000
 -0.00000		  0.00000
 -0.00000		  0.00000
 -0.00000		 -0.00000
 -0.00000		 -0.00000
 -0.00000		 -0.00000
 -0.00000		 -0.00000
 -0.00000		 -0.00000
 -0.00000		  0.00000
 -0.00000		  0.00000
 -0.00000		  0.00000
 -0.00000		  0.00000
 -0.00000		  0.00000
 -0.00000		  0.00000
  0.00000		  0.00000
  0.00000		  0.00000
  0.00000		  0.00000
  0.00000		  0.00000
  0.00000		  0.00000
  0.00000		  0.00000
  0.00000		 -0.00000
  0.00000		 -0.00000
  0.00000		 -0.00000
  0.00000		 -0.00000
  0.00000		 -0.00000
  0.00000		 -0.00000
 -0.00000		 -0.00000
 -0.00000		 -0.00000
 -0.00000		 -0.00000
 -0.00000		 -0.00000
 -0.00000		  0.00000
  0.00000		  0.00000
  0.00000		  0.00000
  0.00000		 -0.00000
  0.00000		 -0.00000
  0.00000		 -0.00000
  0.00000		 -0.00000
  0.00000		 -0.00000
 -0.00000		 -0.00000
 -0.00000		 -0.00000
 -0.00000		 -0.00000
 -0.00000		 -0.00000
 -0.00000		 -0.00000
 -0.00000		 -0.00000
 -0.00000		  0.00000
 -0.00000		  0.00000
 -0.00000		  0.00000
 -0.00000		  0.00000
 -0.00000		  0.00000
 -0.00000		  0.00000
  0.00000		  0.00000
  0.00000		  0.00000
  0.00000		  0.00000
  0.00000		  0.00000
  0.00000		  0.00000
  0.00000		 -0.00000
  0.00000		 -0.00000
 -0.00000		 -0.00000
 -0.00000		 -0.00000
 -0.00000		  0.00000
 -0.00000		  0.00000
 -0.00000		  0.00000
 -0.00000		  0.00000
  0.00000		  0.00000
  0.00000		  0.00000
  0.00000		  0.00000
  0.00000		  0.00000
  0.00000		  0.00000
  0.00000		 -0.00000
  0.00000		 -0.00000
  0.00000		 -0.00000
  0.00000		 -0.00000
  0.00000		 -0.00000
  0.00000		 -0.00000
 -0.00000		 -0.00000
 -0.00000		 -0.00000
 -0.00000		 -0.00000
 -0.00000		 -0.00000
 -0.00000		 -0.00000
 -0.00000		  0.00000
 -0.00000		  0.00000
 -0.00000		  0.00000
 -0.00000		  0.00000
 -0.00000		  0.00000
  0.00000		  0.00000
  0.00000		 -0.00000
  0.00000		 -0.00000
 -0.00000		 -0.00000
 -0.00000		 -0.00000
 -0.00000		 -0.00000
 -0.00000		 -0.00000
 -0.00000		 -0.00000
 -0.00000		  0.00000
 -0.00000		  0.00000
 -0.00000		  0.00000
 -0.00000		  0.00000
 -0.00000		  0.00000
 -0.00000		  0.00000
  0.00000		  0.00000
  0.00000		  0.00000
  0.00000		  0.00000
  0.00000		  0.00000
  0.00000		  0.00000
  0.00000		  0.00000
  0.00000		 -0.00000
  0.00000		 -0.00000
  0.00000		 -0.00000
  0.00000		 -0.00000
  0.00000		 -0.00000
  0.00000		 -0.00000
 -0.00000		 -0.00000
 -0.00000		 -0.00000
 -0.00000		 -0.00000
  0.00000		  0.00000
  0.00000		  0.00000
  0.00000		  0.00000
  0.00000		 -0.00000
  0.00000		 -0.00000
  0.00000		 -0.00000
  0.00000		 -0.00000
  0.00000		 -0.00000
  0.00000		 -0.00000
 -0.00000		 -0.00000
 -0.00000		 -0.00000
 -0.00000		 -0.00000
 -0.00000		 -0.00000
 -0.00000		 -0.00000
 -0.00000		 -0.00000
 -0.00000		 -0.00000
 -0.00000		  0.00000
 -0.00000		  0.00000
 -0.00000		  0.00000
 -0.00000		  0.00000
 -0.00000		  0.00000
 -0.00000		  0.00000
  0.00000		  0.00000
  0.00000		  0.00000
  0.00000		  0.00000
  0.00000		  0.00000
  0.00000		  0.00000
  0.00000		  0.00000
  0.00000		 -0.00000
 -0.00000		  0.00000
 -0.00000		  0.00000
 -0.00000		  0.00000
 -0.00000		  0.00000
 -0.00000		  0.00000
  0.00000		  0.00000
  0.00000		  0.00000
  0.00000		  0.00000
  0.00000		  0.00000
  0.00000		  0.00000
  0.00000		  0.00000
  0.00000		 -0.00000
  0.00000		 -0.00000
  0.00000		 -0.00000
  0.00000		 -0.00000
  0.00000		 -0.00000
  0.00000		 -0.00000
 -0.00000		 -0.00000
 -0.00000		 -0.00000
 -0.00000		 -0.00000
 -0.00000		 -0.00000
 -0.00000		 -0.00000
 -0.00000		 -0.00000
 -0.00000		  0.00000
 -0.00000		  0.00000
 -0.00000		  0.00000
 -0.00000		  0.00000
  0.00000		  0.00000
  0.00000		  0.00000
  0.00000		 -0.00000
  0.00000		 -0.00000
 -0.00000		 -0.00000
 -0.00000		 -0.00000
 -0.00000		 -0.00000
 -0.00000		 -0.00000
 -0.00000		 -0.00000
 -0.00000		  0.00000
 -0.00000		  0.00000
 -0.00000		  0.00000
 -0.00000		  0.00000
 -0.00000		  0.00000
  0.00000		  0.00000
  0.00000		  0.00000
  0.00000		  0.00000
  0.00000		  0.00000
  0.00000		  0.00000
  0.00000		  0.00000
  0.00000		 -0.00000
  0.00000		 -0.00000
  0.00000		 -0.00000
  0.00000		 -0.00000
  0.00000		 -0.00000
 -0.00000		 -0.00000
 -0.00000		 -0.00000
 -0.00000		 -0.00000
 -0.00000		  0.00000
 -0.00000		  0.00000
  0.00000		  0.00000
  0.00000		  0.00000
  0.00000		  0.00000
  0.00000		  0.00000
  0.00000		 -0.00000
  0.00000		 -0.00000
  0.00000		 -0.00000
  0.00000		 -0.00000
  0.00000		 -0.00000
 -0.00000		 -0.00000
 -0.00000		 -0.00000
 -0.00000		 -0.00000
 -0.00000		 -0.00000
 -0.00000		 -0.00000
 -0.00000		  0.00000
 -0.00000		  0.00000
 -0.00000		  0.00000
 -0.00000		  0.00000
 -0.00000		  0.00000
  0.00000		  0.00000
  0.00000		  0.00000
  0.00000		  0.00000
  0.00000		  0.00000
  0.00000		  0.00000
  0.00000		 -0.00000
  0.00000		 -0.00000
  0.00000		 -0.00000
 -0.00000		 -0.00000
 -0.00000		 -0.00000
 -0.00000		 -0.00000
 -0.00000		  0.00000
 -0.00000		  0.00000
 -0.00000		  0.00000
 -0.00000		  0.00000
  0.00000		  0.00000
  0.00000		  0.00000
  0.00000		  0.00000
  0.00000		  0.00000
  0.00000		  0.00000
  0.00000		 -0.00000
  0.00000		 -0.00000
  0.00000		 -0.00000
  0.00000		 -0.00000
  0.00000		 -0.00000
 -0.00000		 -0.00000
 -0.00000		 -0.00000
 -0.00000		 -0.00000
 -0.00000		 -0.00000
 -0.00000		  0.00000
 -0.00000		  0.00000
 -0.00000		  0.00000
 -0.00000		  0.00000
  0.00000		  0.00000
  0.00000		  0.00000
  0.00000		  0.00000
  0.00000		  0.00000
  0.00000		 -0.00000
  0.00000		 -0.00000
  0.00000		 -0.00000
 -0.00000		 -0.00000
 -0.00000		 -0.00000
 -0.00000		 -0.00000
 -0.00000		 -0.00000
 -0.00000		  0.00000
 -0.00000		  0.00000
 -0.00000		  0.00000
 -0.00000		  0.00000
 -0.00000		  0.00000
  0.00000		  0.00000
  0.00000		  0.00000
  0.00000		  0.00000
  0.00000		  0.00000
  0.00000		  0.00000
  0.00000		 -0.00000
  0.00000		 -0.00000
  0.00000		 -0.00000
  0.00000		 -0.00000
 -0.00000		 -0.00000
 -0.00000		 -0.00000
 -0.00000		 -0.00000
 -0.00000		 -0.00000
 -0.00000		  0.00000
 -0.00000		  0.00000
 -0.00000		  0.00000
  0.00000		  0.00000
  0.00000		  0.00000
  0.00000		  0.00000
  0.00000		  0.00000
  0.00000		 -0.00000
  0.00000		 -0.00000
  0.00000		 -0.00000
  0.00000		 -0.00000
 -0.00000		 -0.00000
 -0.00000		 -0.00000
 -0.00000		 -0.00000
 -0.00000		 -0.00000
 -0.00000		 -0.00000
 -0.00000		  0.00000
 -0.00000		  0.00000
 -0.00000		  0.00000
 -0.00000		  0.00000
  0.00000		  0.00000
  0.00000		  0.00000
  0.00000		  0.00000
  0.00000		  0.00000
  0.00000		 -0.00000
  0.00000		 -0.00000
  0.00000		 -0.00000
  0.00000		 -0.00000
 -0.00000		 -0.00000
 -0.00000		 -0.00000
 -0.00000		 -0.00000
 -0.00000		  0.00000
 -0.00000		  0.00000
 -0.00000		  0.00000
 -0.00000		  0.00000
 -0.00000		  0.00000
  0.00000		  0.00000
  0.00000		  0.00000
  0.00000		  0.00000
  0.00000		  0.00000
  0.00000		 -0.00000
  0.00000		 -0.00000
  0.00000		 -0.00000
  0.00000		 -0.00000
  0.00000		 -0.00000
 -0.00000		 -0.00000
 -0.00000		 -0.00000
 -0.00000		 -0.00000
 -0.00000		 -0.00000
 -0.00000		  0.00000
 -0.00000		  0.00000
 -0.00000		  0.00000
 -0.00000		  0.00000
  0.00000		  0.00000
  0.00000		  0.00000
  0.00000		  0.00000
  0.00000		  0.00000
  0.00000		 -0.00000
  0.00000		 -0.00000
  0.00000		 -0.00000
 -0.00000		 -0.00000
 -0.00000		 -0.00000
 -0.00000		 -0.00000
 -0.00000		 -0.00000
 -0.00000		 -0.00000
 -0.00000		  0.00000
 -0.00000		  0.00000
 -0.00000		  0.00000
 -0.00000		  0.00000
 -0.00000		  0.00000
  0.00000		  0.00000
  0.00000		  0.00000
  0.00000		  0.00000
  0.00000		  0.00000
  0.00000		  0.00000
  0.00000		 -0.00000
  0.00000		 -0.00000
  0.00000		 -0.00000
  0.00000		 -0.00000
 -0.00000		 -0.00000
 -0.00000		 -0.00000
 -0.00000		 -0.00000
 -0.00000		 -0.00000
 -0.00000		  0.00000
 -0.00000		  0.00000
 -0.00000		  0.00000
 -0.00000		  0.00000
  0.00000		  0.00000
  0.00000		  0.00000
  0.00000		  0.00000
  0.00000		  0.00000
  0.00000		 -0.00000
  0.00000		 -0.00000
  0.00000		 -0.00000
  0.00000		 -0.00000
 -0.00000		 -0.00000
 -0.00000		 -0.00000
 -0.00000		 -0.00000
 -0.00000		 -0.00000
 -0.00000		 -0.00000
 -0.00000		  0.00000
 -0.00000		  0.00000
 -0.00000		  0.00000
 -0.00000		  0.00000
 -0.00000		  0.00000
  0.00000		  0.00000
  0.00000		  0.00000
  0.00000		  0.00000
  0.00000		  0.00000
  0.00000		  0.00000
  0.00000		 -0.00000
  0.00000		 -0.00000
  0.00000		 -0.00000
 -0.00000		 -0.00000
 -0.00000		 -0.00000
 -0.00000		 -0.00000
 -0.00000		 -0.00000
 -0.00000		  0.00000
 -0.00000		  0.00000
 -0.00000		  0.00000
 -0.00000		  0.00000
  0.00000		  0.00000
  0.00000		  0.00000
  0.00000		  0.00000
  0.00000		  0.00000
  0.00000		 -0.00000
  0.00000		 -0.00000
  0.00000		 -0.00000
  0.00000		 -0.00000
  0.00000		 -0.00000
 -0.00000		 -0.00000
 -0.00000		 -0.00000
 -0.00000		 -0.00000
 -0.00000		 -0.00000
 -0.00000		 -0.00000
 -0.00000		  0.00000
 -0.00000		  0.00000
 -0.00000		  0.00000
 -0.00000		  0.00000
  0.00000		  0.00000
  0.00000		  0.00000
  0.00000		  0.00000
  0.00000		 -0.00000
  0.00000		 -0.00000
  0.00000		 -0.00000
  0.00000		 -0.00000
 -0.00000		 -0.00000
 -0.00000		 -0.00000
 -0.00000		 -0.00000
 -0.00000		 -0.00000
 -0.00000		  0.00000
 -0.00000		  0.00000
 -0.00000		  0.00000
 -0.00000		  0.00000
  0.00000		  0.00000
  0.00000		  0.00000
  0.00000		  0.00000
  0.00000		  0.00000
  0.00000		  0.00000
  0.00000		 -0.00000
  0.00000		 -0.00000
  0.00000		 -0.00000
  0.00000		 -0.00000
 -0.00000		 -0.00000
 -0.00000		 -0.00000
 -0.00000		 -0.00000
 -0.00000		 -0.00000
 -0.00000		  0.00000
 -0.00000		  0.00000
 -0.00000		  0.00000
 -0.00000		  0.00000
  0.00000		  0.00000
  0.00000		  0.00000
  0.00000		  0.00000
  0.00000		 -0.00000
  0.00000		 -0.00000
  0.00000		 -0.00000
  0.00000		 -0.00000
  0.00000		 -0.00000
 -0.00000		 -0.00000
 -0.00000		 -0.00000
 -0.00000		 -0.00000
 -0.00000		 -0.00000
 -0.00000		 -0.00000
 -0.00000		  0.00000
 -0.00000		  0.00000
 -0.00000		  0.00000
 -0.00000		  0.00000
 -0.00000		  0.00000
  0.00000		  0.00000
  0.00000		  0.00000
  0.00000		  0.00000
  0.00000		  0.00000
  0.00000		 -0.00000
  0.00000		 -0.00000
  0.00000		 -0.00000
 -0.00000		 -0.00000
 -0.00000		 -0.00000
 -0.00000		 -0.00000
 -0.00000		  0.00000
 -0.00000		  0.00000
 -0.00000		  0.00000
 -0.00000		  0.00000
  0.00000		  0.00000
  0.00000		  0.00000
  0.00000		  0.00000
  0.00000		  0.00000
  0.00000		  0.00000
  0.00000		  0.00000
  0.00000		 -0.00000
  0.00000		 -0.00000
  0.00000		 -0.00000
  0.00000		 -0.00000
  0.00000		 -0.00000
  0.00000		 -0.00000
 -0.00000		 -0.00000
 -0.00000		 -0.00000
 -0.00000		 -0.00000
 -0.00000		 -0.00000
 -0.00000		 -0.00000
 -0.00000		 -0.00000
 -0.00000		 -0.00000
 -0.00000		  0.00000
 -0.00000		  0.00000
 -0.00000		  0.00000
 -0.00000		  0.00000
 -0.00000		  0.00000
  0.00000		  0.00000
  0.00000		 -0.00000
  0.00000		 -0.00000
  0.00000		 -0.00000
 -0.00000		 -0.00000
 -0.00000		 -0.00000
 -0.00000		 -0.00000
 -0.00000		 -0.00000
 -0.00000		  0.00000
 -0.00000		  0.00000
 -0.00000		  0.00000
 -0.00000		  0.00000
 -0.00000		  0.00000
 -0.00000		  0.00000
  0.00000		  0.00000
  0.00000		  0.00000
  0.00000		  0.00000
  0.00000		  0.00000
  0.00000		  0.00000
  0.00000		 -0.00000
  0.00000		 -0.00000
  0.00000		 -0.00000
  0.00000		 -0.00000
  0.00000		 -0.00000
 -0.00000		 -0.00000
 -0.00000		 -0.00000
 -0.00000		 -0.00000
 -0.00000		 -0.00000
 -0.00000		  0.00000
 -0.00000		  0.00000
  0.00000		  0.00000
  0.00000		  0.00000
  0.00000		  0.00000
  0.00000		 -0.00000
  0.00000		 -0.00000
  0.00000		 -0.00000
  0.00000		 -0.00000
  0.00000		 -0.00000
 -0.00000		 -0.00000
 -0.00000		 -0.00000
 -0.00000		 -0.00000
 -0.00000		 -0.00000
 -0.00000		 -0.00000
 -0.00000		  0.00000
 -0.00000		  0.00000
 -0.00000		  0.00000
 -0.00000		  0.00000
 -0.00000		  0.00000
  0.00000		  0.00000
  0.00000		  0.00000
  0.00000		  0.00000
  0.00000		  0.00000
  0.00000		  0.00000
  0.00000		 -0.00000
  0.00000		 -0.00000
 -0.00000		 -0.00000
 -0.00000		 -0.00000
 -0.00000		 -0.00000
 -0.00000		  0.00000
 -0.00000		  0.00000
 -0.00000		  0.00000
 -0.00000		  0.00000
  0.00000		  0.00000
  0.00000		  0.00000
  0.00000		  0.00000
  0.00000		  0.00000
  0.00000		  0.00000
  0.00000		 -0.00000
  0.00000		 -0.00000
  0.00000		 -0.00000
  0.00000		 -0.00000
  0.00000		 -0.00000
  0.00000		 -0.00000
 -0.00000		 -0.00000
 -0.00000		 -0.00000
 -0.00000		 -0.00000
 -0.00000		 -0.00000
 -0.00000		 -0.00000
 -0.00000		 -0.00000
 -0.00000		 -0.00000
 -0.00000		  0.00000
 -0.00000		  0.00000
 -0.00000		 -0.00000
 -0.00000		 -0.00000
 -0.00000		 -0.00000
 -0.00000		 -0.00000
 -0.00000		 -0.00000
 -0.00000		 -0.00000
 -0.00000		 -0.00000
 -0.00000		 -0.00000
 -0.00000		 -0.00000
 -0.00000		  0.00000
 -0.00000		  0.00000
 -0.00000		  0.00000
 -0.00000		  0.00000
 -0.00000		  0.00000
 -0.00000		  0.00000
 -0.00000		  0.00000
  0.00000		  0.00000
  0.00000		  0.00000
  0.00000		  0.00000
  0.00000		  0.00000
  0.00000		  0.00000
  0.00000		  0.00000
  0.00000		  0.00000
  0.00000		  0.00000
  0.00000		 -0.00000
  0.00000		 -0.00000
  0.00000		 -0.00000
  0.00000		 -0.00000
  0.00000		 -0.00000
  0.00000		 -0.00000
  0.00000		 -0.00000
  0.00000		 -0.00000
  0.00000		 -0.00000
  0.00000		 -0.00000
  0.00000		 -0.00000
  0.00000		 -0.00000
  0.00000		 -0.00000
  0.00000		 -0.00000
  0.00000		 -0.00000
  0.00000		 -0.00000
  0.00000		 -0.00000
 -0.00000		 -0.00000
 -0.00000		 -0.00000
 -0.00000		 -0.00000
 -0.00000		 -0.00000
 -0.00000		 -0.00000
 -0.00000		 -0.00000
 -0.00000		 -0.00000
 -0.00000		  0.00000
 -0.00000		  0.00000
 -0.00000		  0.00000
 -0.00000		  0.00000
 -0.00000		  0.00000
 -0.00000		  0.00000
 -0.00000		  0.00000
  0.00000		  0.00000
  0.00000		  0.00000
  0.00000		  0.00000
  0.00000		  0.00000
  0.00000		  0.00000
  0.00000		  0.00000
  0.00000		  0.00000
 -0.00000		  0.00000
 -0.00000		  0.00000
 -0.00000		  0.00000
 -0.00000		  0.00000
  0.00000		  0.00000
  0.00000		  0.00000
  0.00000		  0.00000
  0.00000		  0.00000
  0.00000		  0.00000
  0.00000		  0.00000
  0.00000		 -0.00000
  0.00000		 -0.00000
  0.00000		 -0.00000
  0.00000		 -0.00000
  0.00000		 -0.00000
  0.00000		 -0.00000
 -0.00000		 -0.00000
 -0.00000		 -0.00000
 -0.00000		 -0.00000
 -0.00000		 -0.00000
 -0.00000		 -0.00000
 -0.00000		 -0.00000
 -0.00000		  0.00000
 -0.00000		  0.00000
 -0.00000		  0.00000
 -0.00000		  0.00000
 -0.00000		 -0.00000
 -0.00000		 -0.00000
 -0.00000		 -0.00000
 -0.00000		 -0.00000
 -0.00000		 -0.00000
 -0.00000		 -0.00000
 -0.00000		 -0.00000
 -0.00000		 -0.00000
 -0.00000		  0.00000
 -0.00000		  0.00000
 -0.00000		  0.00000
 -0.00000		  0.00000
 -0.00000		  0.00000
 -0.00000		  0.00000
  0.00000		  0.00000
  0.00000		  0.00000
  0.00000		  0.00000
  0.00000		  0.00000
  0.00000		  0.00000
  0.00000		  0.00000
  0.00000		  0.00000
  0.00000		 -0.00000
  0.00000		 -0.00000
  0.00000		 -0.00000
  0.00000		 -0.00000
  0.00000		 -0.00000
  0.00000		 -0.00000
  0.00000		 -0.00000
  0.00000		 -0.00000
  0.00000		 -0.00000
  0.00000		 -0.00000
  0.00000		 -0.00000
  0.00000		 -0.00000
  0.00000		 -0.00000
  0.00000		 -0.00000
  0.00000		 -0.00000
  0.00000		 -0.00000
 -0.00000		 -0.00000
 -0.00000		 -0.00000
 -0.00000		 -0.00000
 -0.00000		 -0.00000
 -0.00000		 -0.00000
 -0.00000		 -0.00000
 -0.00000		 -0.00000
 -0.00000		 -0.00000
 -0.00000		 -0.00000
 -0.00000		  0.00000
 -0.00000		  0.00000
 -0.00000		  0.00000
 -0.00000		  0.00000
 -0.00000		  0.00000
 -0.00000		  0.00000
 -0.00000		  0.00000
 -0.00000		  0.00000
 -0.00000		  0.00000
  0.00000		  0.00000
  0.00000		  0.00000
  0.00000		  0.00000
  0.00000		  0.00000
  0.00000		  0.00000
  0.00000		  0.00000
  0.00000		  0.00000
  0.00000		  0.00000
  0.00000		  0.00000
  0.00000		  0.00000
  0.00000		  0.00000
  0.00000		  0.00000
  0.00000		  0.00000
  0.00000		  0.00000
  0.00000		  0.00000
  0.00000		  0.00000
  0.00000		 -0.00000
  0.00000		 -0.00000
  0.00000		 -0.00000
  0.00000		 -0.00000
  0.00000		 -0.00000
  0.00000		 -0.00000
 -0.00000		 -0.00000
 -0.00000		 -0.00000
 -0.00000		 -0.00000
 -0.00000		 -0.00000
 -0.00000		 -0.00000
 -0.00000		 -0.00000
 -0.00000		  0.00000
 -0.00000		  0.00000
 -0.00000		  0.00000
 -0.00000		  0.00000
  0.00000		  0.00000
  0.00000		 -0.00000
  0.00000		 -0.00000
 -0.00000		 -0.00000
 -0.00000		 -0.00000
 -0.00000		 -0.00000
 -0.00000		 -0.00000
 -0.00000		 -0.00000
 -0.00000		  0.00000
 -0.00000		  0.00000
 -0.00000		  0.00000
 -0.00000		  0.00000
 -0.00000		  0.00000
  0.00000		  0.00000
  0.00000		  0.00000
  0.00000		  0.00000
  0.00000		  0.00000
  0.00000		  0.00000
  0.00000		  0.00000
  0.00000		 -0.00000
  0.00000		 -0.00000
  0.00000		 -0.00000
  0.00000		 -0.00000
 -0.00000		 -0.00000
 -0.00000		 -0.00000
 -0.00000		 -0.00000
 -0.00000		  0.00000
 -0.00000		  0.00000
  0.00000		  0.00000
  0.00000		  0.00000
  0.00000		  0.00000
  0.00000		  0.00000
  0.00000		 -0.00000
  0.00000		 -0.00000
  0.00000		 -0.00000
  0.00000		 -0.00000
  0.00000		 -0.00000
 -0.00000		 -0.00000
 -0.00000		 -0.00000
 -0.00000		 -0.00000
 -0.00000		 -0.00000
 -0.00000		 -0.00000
 -0.00000		  0.00000
 -0.00000		  0.00000
 -0.00000		  0.00000
 -0.00000		  0.00000
 -0.00000		  0.00000
  0.00000		  0.00000
  0.00000		  0.00000
  0.00000		  0.00000
  0.00000		  0.00000
  0.00000		  0.00000
  0.00000		 -0.00000
 -0.00000		 -0.00000
 -0.00000		 -0.00000
 -0.00000		  0.00000
 -0.00000		  0.00000
 -0.00000		  0.00000
 -0.00000		  0.00000
 -0.00000		  0.00000
  0.00000		  0.00000
  0.00000		  0.00000
  0.00000		  0.00000
  0.00000		  0.00000
  0.00000		  0.00000
  0.00000		  0.00000
  0.00000		 -0.00000
  0.00000		 -0.00000
  0.00000		 -0.00000
  0.00000		 -0.00000
  0.00000		 -0.00000
  0.00000		 -0.00000
 -0.00000		 -0.00000
 -0.00000		 -0.00000
 -0.00000		 -0.00000
 -0.00000		 -0.00000
 -0.00000		 -0.00000
 -0.00000		 -0.00000
 -0.00000		 -0.00000
 -0.00000		 -0.00000
 -0.00000		 -0.00000
 -0.00000		 -0.00000
 -0.00000		 -0.00000
 -0.00000		 -0.00000
 -0.00000		 -0.00000
 -0.00000		 -0.00000
 -0.00000		 -0.00000
 -0.00000		 -0.00000
 -0.00000		 -0.00000
 -0.00000		 -0.00000
 -0.00000		  0.00000
 -0.00000		  0.00000
 -0.00000		  0.00000
 -0.00000		  0.00000
 -0.00000		  0.00000
 -0.00000		  0.00000
 -0.00000		  0.00000
  0.00000		  0.00000
  0.00000		  0.00000
  0.00000		  0.00000
  0.00000		  0.00000
  0.00000		  0.00000
  0.00000		  0.00000
  0.00000		  0.00000
  0.00000		 -0.00000
  0.00000		 -0.00000
  0.00000		 -0.00000
  0.00000		 -0.00000
  0.00000		 -0.00000
  0.00000		 -0.00000
  0.00000		 -0.00000
  0.00000		 -0.00000
  0.00000		  0.00000
  0.00000		  0.00000
  0.00000		  0.00000
  0.00000		 -0.00000
  0.00000		 -0.00000
  0.00000		 -0.00000
  0.00000		 -0.00000
  0.00000		 -0.00000
  0.00000		 -0.00000
  0.00000		 -0.00000
 -0.00000		 -0.00000
 -0.00000		 -0.00000
 -0.00000		 -0.00000
 -0.00000		 -0.00000
 -0.00000		 -0.00000
 -0.00000		  0.00000
 -0.00000		  0.00000
 -0.00000		  0.00000
 -0.00000		  0.00000
 -0.00000		  0.00000
 -0.00000		  0.00000
  0.00000		  0.00000
  0.00000		  0.00000
  0.00000		  0.00000
  0.00000		  0.00000
  0.00000		 -0.00000
  0.00000		 -0.00000
 -0.00000		 -0.00000
 -0.00000		 -0.00000
 -0.00000		  0.00000
 -0.00000		  0.00000
 -0.00000		  0.00000
 -0.00000		  0.00000
 -0.00000		  0.00000
  0.00000		  0.00000
  0.00000		  0.00000
  0.00000		  0.00000
  0.00000		  0.00000
  0.00000		  0.00000
  0.00000		 -0.00000
  0.00000		 -0.00000
  0.00000		 -0.00000
  0.00000		 -0.00000
  0.00000		 -0.00000
  0.00000		 -0.00000
 -0.00000		 -0.00000
 -0.00000		 -0.00000
 -0.00000		 -0.00000
 -0.00000		 -0.00000
 -0.00000		 -0.00000
 -0.00000		  0.00000
 -0.00000		  0.00000
 -0.00000		  0.00000
  0.00000		  0.00000
  0.00000		  0.00000
  0.00000		 -0.00000
  0.00000		 -0.00000
  0.00000		 -0.00000
 -0.00000		 -0.00000
 -0.00000		 -0.00000
 -0.00000		 -0.00000
 -0.00000		 -0.00000
 -0.00000		 -0.00000
 -0.00000		 -0.00000
 -0.00000		  0.00000
 -0.00000		  0.00000
 -0.00000		  0.00000
 -0.00000		  0.00000
 -0.00000		  0.00000
  0.00000		  0.00000
  0.00000		  0.00000
  0.00000		  0.00000
  0.00000		  0.00000
  0.00000		  0.00000
  0.00000		  0.00000
  0.00000		 -0.00000
  0.00000		 -0.00000
  0.00000		 -0.00000
  0.00000		 -0.00000
  0.00000		 -0.00000
 -0.00000		 -0.00000
 -0.00000		 -0.00000
 -0.00000		  0.00000
 -0.00000		  0.00000
 -0.00000		  0.00000
  0.00000		  0.00000
  0.00000		  0.00000
  0.00000		  0.00000
  0.00000		  0.00000
  0.00000		 -0.00000
  0.00000		 -0.00000
  0.00000		 -0.00000
  0.00000		 -0.00000
  0.00000		 -0.00000
 -0.00000		 -0.00000
 -0.00000		 -0.00000
 -0.00000		 -0.00000
 -0.00000		 -0.00000
 -0.00000		 -0.00000
 -0.00000		  0.00000
 -0.00000		  0.00000
 -0.00000		  0.00000
 -0.00000		  0.00000
 -0.00000		  0.00000
  0.00000		  0.00000
  0.00000		  0.00000
  0.00000		  0.00000
  0.00000		  0.00000
  0.00000		 -0.00000
  0.00000		 -0.00000
  0.00000		 -0.00000
 -0.00000		 -0.00000
 -0.00000		 -0.00000
 -0.00000		 -0.00000
 -0.00000		  0.00000
 -0.00000		  0.00000
 -0.00000		  0.00000
 -0.00000		  0.00000
  0.00000		  0.00000
  0.00000		  0.00000
  0.00000		  0.00000
  0.00000		  0.00000
  0.00000		  0.00000
  0.00000		 -0.00000
  0.00000		 -0.00000
  0.00000		 -0.00000
  0.00000		 -0.00000
  0.00000		 -0.00000
 -0.00000		 -0.00000
 -0.00000		 -0.00000
 -0.00000		 -0.00000
 -0.00000		 -0.00000
 -0.00000		  0.00000
 -0.00000		  0.00000
 -0.00000		  0.00000
 -0.00000		  0.00000
  0.00000		  0.00000
  0.00000		  0.00000
  0.00000		  0.00000
  0.00000		 -0.00000
  0.00000		 -0.00000
  0.00000		 -0.00000
  0.00000		 -0.00000
 -0.00000		 -0.00000
 -0.00000		 -0.00000
 -0.00000		 -0.00000
 -0.00000		 -0.00000
 -0.00000		  0.00000
 -0.00000		  0.00000
 -0.00000		  0.00000
 -0.00000		  0.00000
 -0.00000		  0.00000
  0.00000		  0.00000
  0.00000		  0.00000
  0.00000		  0.00000
  0.00000		  0.00000
  0.00000		 -0.00000
  0.00000		 -0.00000
  0.00000		 -0.00000
  0.00000		 -0.00000
 -0.00000		 -0.00000
 -0.00000		 -0.00000
 -0.00000		 -0.00000
 -0.00000		  0.00000
 -0.00000		  0.00000
 -0.00000		  0.00000
 -0.00000		  0.00000
  0.00000		  0.00000
  0.00000		  0.00000
  0.00000		  0.00000
  0.00000		  0.00000
  0.00000		 -0.00000
  0.00000		 -0.00000
  0.00000		 -0.00000
  0.00000		 -0.00000
  0.00000		 -0.00000
 -0.00000		 -0.00000
 -0.00000		 -0.00000
 -0.00000		 -0.00000
 -0.00000		 -0.00000
 -0.00000		 -0.00000
 -0.00000		  0.00000
 -0.00000		  0.00000
 -0.00000		  0.00000
 -0.00000		  0.00000
  0.00000		  0.00000
  0.00000		  0.00000
  0.00000		  0.00000
  0.00000		  0.00000
  0.00000		 -0.00000
  0.00000		 -0.00000
 -0.00000		 -0.00000
 -0.00000		 -0.00000
 -0.00000		 -0.00000
 -0.00000		 -0.00000
 -0.00000		  0.00000
 -0.00000		  0.00000
 -0.00000		  0.00000
 -0.00000		  0.00000
 -0.00000		  0.00000
  0.00000		  0.00000
  0.00000		  0.00000
  0.00000		  0.00000
  0.00000		  0.00000
  0.00000		  0.00000
  0.00000		  0.00000
  0.00000		 -0.00000
  0.00000		 -0.00000
  0.00000		 -0.00000
  0.00000		 -0.00000
  0.00000		 -0.00000
  0.00000		 -0.00000
 -0.00000		 -0.00000
 -0.00000		 -0.00000
 -0.00000		 -0.00000
 -0.00000		 -0.00000
 -0.00000		 -0.00000
 -0.00000		 -0.00000
 -0.00000		 -0.00000
 -0.00000		  0.00000
 -0.00000		  0.00000
  0.00000		  0.00000
  0.00000		 -0.00000
  0.00000		 -0.00000
  0.00000		 -0.00000
  0.00000		 -0.00000
 -0.00000		 -0.00000
 -0.00000		 -0.00000
 -0.00000		 -0.00000
 -0.00000		 -0.00000
 -0.00000		 -0.00000
 -0.00000		 -0.00000
 -0.00000		  0.00000
 -0.00000		  0.00000
 -0.00000		  0.00000
 -0.00000		  0.00000
 -0.00000		  0.00000
 -0.00000		  0.00000
  0.00000		  0.00000
  0.00000		  0.00000
  0.00000		  0.00000
  0.00000		  0.00000
  0.00000		  0.00000
  0.00000		 -0.00000
  0.00000		 -0.00000
  0.00000		 -0.00000
  0.00000		 -0.00000
 -0.00000		 -0.00000
 -0.00000		 -0.00000
 -0.00000		 -0.00000
 -0.00000		 -0.00000
 -0.00000		  0.00000
 -0.00000		  0.00000
 -0.00000		  0.00000
  0.00000		  0.00000
  0.00000		  0.00000
  0.00000		  0.00000
  0.00000		 -0.00000
  0.00000		 -0.00000
  0.00000		 -0.00000
  0.00000		 -0.00000
  0.00000		 -0.00000
 -0.00000		 -0.00000
 -0.00000		 -0.00000
 -0.00000		 -0.00000
 -0.00000		 -0.00000
 -0.00000		 -0.00000
 -0.00000		  0.00000
 -0.00000		  0.00000
 -0.00000		  0.00000
 -0.00000		  0.00000
  0.00000		  0.00000
  0.00000		  0.00000
  0.00000		  0.00000
  0.00000		  0.00000
  0.00000		 -0.00000
  0.00000		 -0.00000
  0.00000		 -0.00000
  0.00000		 -0.00000
 -0.00000		 -0.00000
 -0.00000		 -0.00000
 -0.00000		 -0.00000
 -0.00000		  0.00000
 -0.00000		  0.00000
 -0.00000		  0.00000
 -0.00000		  0.00000
  0.00000		  0.00000
  0.00000		  0.00000
  0.00000		  0.00000
  0.00000		  0.00000
  0.00000		 -0.00000
  0.00000		 -0.00000
  0.00000		 -0.00000
  0.00000		 -0.00000
  0.00000		 -0.00000
 -0.00000		 -0.00000
 -0.00000		 -0.00000
 -0.00000		 -0.00000
 -0.00000		 -0.00000
 -0.00000		  0.00000
 -0.00000		  0.00000
 -0.00000		  0.00000
 -0.00000		  0.00000
  0.00000		  0.00000
  0.00000		  0.00000
  0.00000		  0.00000
  0.00000		 -0.00000
  0.00000		 -0.00000
  0.00000		 -0.00000
  0.00000		 -0.00000
 -0.00000		 -0.00000
 -0.00000		 -0.00000
 -0.00000		 -0.00000
 -0.00000		 -0.00000
 -0.00000		  0.00000
 -0.00000		  0.00000
 -0.00000		  0.00000
 -0.00000		  0.00000
 -0.00000		  0.00000
  0.00000		  0.00000
  0.00000		  0.00000
  0.00000		  0.00000
  0.00000		  0.00000
  0.00000		 -0.00000
  0.00000		 -0.00000
  0.00000		 -0.00000
  0.00000		 -0.00000
 -0.00000		 -0.00000
 -0.00000		 -0.00000
 -0.00000		 -0.00000
 -0.00000		 -0.00000
 -0.00000		  0.00000
 -0.00000		  0.00000
 -0.00000		  0.00000
  0.00000		  0.00000
  0.00000		  0.00000
  0.00000		  0.00000
  0.00000		  0.00000
  0.00000		 -0.00000
  0.00000		 -0.00000
  0.00000		 -0.00000
  0.00000		 -0.00000
 -0.00000		 -0.00000
 -0.00000		 -0.00000
 -0.00000		 -0.00000
 -0.00000		 -0.00000
 -0.00000		 -0.00000
 -0.00000		  0.00000
 -0.00000		  0.00000
 -0.00000		  0.00000
 -0.00000		  0.00000
 -0.00000		  0.00000
  0.00000		  0.00000
  0.00000		  0.00000
  0.00000		  0.00000
  0.00000		  0.00000
  0.00000		 -0.00000
  0.00000		 -0.00000
 -0.00000		 -0.00000
 -0.00000		 -0.00000
 -0.00000		 -0.00000
 -0.00000		  0.00000
 -0.00000		  0.00000
 -0.00000		  0.00000
 -0.00000		  0.00000
 -0.00000		  0.00000
  0.00000		  0.00000
  0.00000		  0.00000
  0.00000		  0.00000
  0.00000		  0.00000
  0.00000		  0.00000
  0.00000		 -0.00000
  0.00000		 -0.00000
  0.00000		 -0.00000
  0.00000		 -0.00000
  0.00000		 -0.00000
  0.00000		 -0.00000
  0.00000		 -0.00000
 -0.00000		 -0.00000
 -0.00000		 -0.00000
 -0.00000		 -0.00000
 -0.00000		 -0.00000
 -0.00000		 -0.00000
 -0.00000		 -0.00000
 -0.00000		 -0.00000
 -0.00000		 -0.00000
 -0.00000		 -0.00000
 -0.00000		 -0.00000
 -0.00000		 -0.00000
 -0.00000		 -0.00000
 -0.00000		 -0.00000
 -0.00000		 -0.00000
 -0.00000		 -0.00000
 -0.00000		 -0.00000
 -0.00000		 -0.00000
 -0.00000		  0.00000
 -0.00000		  0.00000
 -0.00000		  0.00000
 -0.00000		  0.00000
 -0.00000		  0.00000
 -0.00000		  0.00000
 -0.00000		  0.00000
 -0.00000		  0.00000
 -0.00000		  0.00000
  0.00000		  0.00000
  0.00000		  0.00000
  0.00000		  0.00000
  0.00000		  0.00000
  0.00000		  0.00000
  0.00000		  0.00000
  0.00000		  0.00000
  0.00000		 -0.00000
  0.00000		 -0.00000
  0.00000		 -0.00000
  0.00000		 -0.00000
  0.00000		 -0.00000
  0.00000		 -0.00000
  0.00000		 -0.00000
  0.00000		 -0.00000
  0.00000		 -0.00000
  0.00000		 -0.00000
  0.00000		 -0.00000
  0.00000		 -0.00000
  0.00000		 -0.00000
  0.00000		 -0.00000
  0.00000		 -0.00000
  0.00000		 -0.00000
  0.00000		 -0.00000
 -0.00000		 -0.00000
 -0.00000		 -0.00000
 -0.00000		 -0.00000
 -0.00000		 -0.00000
 -0.00000		 -0.00000
 -0.00000		 -0.00000
 -0.00000		 -0.00000
 -0.00000		  0.00000
 -0.00000		  0.00000
 -0.00000		  0.00000
 -0.00000		  0.00000
 -0.00000		  0.00000
  0.00000		  0.00000
  0.00000		  0.00000
  0.00000		  0.00000
  0.00000		  0.00000
  0.00000		  0.00000
  0.00000		  0.00000
 -0.00000		 -0.00000
 -0.00000		  0.00000
 -0.00000		  0.00000
 -0.00000		  0.00000
 -0.00000		  0.00000
 -0.00000		  0.00000
  0.00000		  0.00000
  0.00000		  0.00000
  0.00000		  0.00000
  0.00000		  0.00000
  0.00000		  0.00000
  0.00000		  0.00000
  0.00000		 -0.00000
  0.00000		 -0.00000
  0.00000		 -0.00000
  0.00000		 -0.00000
  0.00000		 -0.00000
  0.00000		 -0.00000
 -0.00000		 -0.00000
 -0.00000		 -0.00000
 -0.00000		 -0.00000
 -0.00000		 -0.00000
 -0.00000		 -0.00000
 -0.00000		 -0.00000
 -0.00000		  0.00000
 -0.00000		 -0.00000
  0.00000		 -0.00000
  0.00000		 -0.00000
  0.00000		 -0.00000
 -0.00000		 -0.00000
 -0.00000		 -0.00000
 -0.00000		 -0.00000
 -0.00000		 -0.00000
 -0.00000		 -0.00000
 -0.00000		 -0.00000
 -0.00000		  0.00000
 -0.00000		  0.00000
 -0.00000		  0.00000
 -0.00000		  0.00000
 -0.00000		  0.00000
 -0.00000		  0.00000
 -0.00000		  0.00000
  0.00000		  0.00000
  0.00000		  0.00000
  0.00000		  0.00000
  0.00000		  0.00000
  0.00000		  0.00000
  0.00000		  0.00000
  0.00000		  0.00000
  0.00000		  0.00000
