  0.11624		  0.01529
  0.23349		 -0.01121
  0.22710		 -0.05238
  0.21351		 -0.09164
  0.19324		 -0.12774
  0.16694		 -0.15958
  0.13551		 -0.18615
  0.09996		 -0.20664
  0.06144		 -0.22045
  0.02121		 -0.22717
 -0.01945		 -0.22663
 -0.05925		 -0.21890
 -0.09693		 -0.20426
 -0.13129		 -0.18322
 -0.16128		 -0.15648
 -0.18596		 -0.12494
 -0.20459		 -0.08962
 -0.21660		 -0.05166
 -0.22166		 -0.01230
 -0.21964		  0.02722
 -0.21067		  0.06562
 -0.19504		  0.10172
 -0.17333		  0.13436
 -0.14624		  0.16254
 -0.11466		  0.18538
 -0.07963		  0.20219
 -0.04230		  0.21249
 -0.00384		  0.21596
  0.03451		  0.21255
  0.07152		  0.20241
  0.10604		  0.18591
  0.13698		  0.16359
  0.16338		  0.13621
  0.18443		  0.10469
  0.19948		  0.07002
  0.20811		  0.03334
  0.21009		 -0.00417
  0.20537		 -0.04133
  0.19415		 -0.07694
  0.17684		 -0.10989
  0.15401		 -0.13916
  0.12643		 -0.16381
  0.09501		 -0.18311
  0.06075		 -0.19649
  0.02478		 -0.20353
 -0.01176		 -0.20406
 -0.04770		 -0.19811
 -0.08190		 -0.18590
 -0.11330		 -0.16787
 -0.14090		 -0.14461
 -0.16386		 -0.11690
 -0.18146		 -0.08564
 -0.19320		 -0.05186
 -0.19873		 -0.01664
 -0.19791		  0.01890
 -0.19081		  0.05362
 -0.17769		  0.08642
 -0.15900		  0.11626
 -0.13539		  0.14223
 -0.10761		  0.16353
 -0.07659		  0.17950
 -0.04333		  0.18966
 -0.00889		  0.19374
  0.02561		  0.19164
  0.05908		  0.18346
  0.09048		  0.16951
  0.11880		  0.15026
  0.14317		  0.12635
  0.16284		  0.09858
  0.17722		  0.06785
  0.18588		  0.03515
  0.18858		  0.00155
  0.18527		 -0.03191
  0.17611		 -0.06413
  0.16139		 -0.09412
  0.14164		 -0.12093
  0.11752		 -0.14373
  0.08982		 -0.16183
  0.05944		 -0.17467
  0.02735		 -0.18188
 -0.00540		 -0.18327
 -0.03777		 -0.17883
 -0.06875		 -0.16874
 -0.09734		 -0.15334
 -0.12266		 -0.13318
 -0.14393		 -0.10890
 -0.16049		 -0.08132
 -0.17185		 -0.05134
 -0.17767		 -0.01991
 -0.17782		  0.01195
 -0.17232		  0.04324
 -0.16137		  0.07295
 -0.14538		  0.10016
 -0.12486		  0.12401
 -0.10050		  0.14378
 -0.07311		  0.15884
 -0.04357		  0.16878
 -0.01283		  0.17328
  0.01811		  0.17226
  0.04829		  0.16576
  0.07675		  0.15404
  0.10258		  0.13751
  0.12499		  0.11671
  0.14329		  0.09234
  0.15692		  0.06518
  0.16548		  0.03613
  0.16872		  0.00612
  0.16659		 -0.02389
  0.15918		 -0.05296
  0.14676		 -0.08015
  0.12975		 -0.10462
  0.10874		 -0.12562
  0.08440		 -0.14249
  0.05754		 -0.15472
  0.02903		 -0.16197
 -0.00023		 -0.16402
 -0.02929		 -0.16084
 -0.05722		 -0.15258
 -0.08317		 -0.13952
 -0.10630		 -0.12212
 -0.12590		 -0.10095
 -0.14139		 -0.07671
 -0.15227		 -0.05019
 -0.15826		 -0.02225
 -0.15917		  0.00622
 -0.15502		  0.03430
 -0.14598		  0.06111
 -0.13236		  0.08581
 -0.11462		  0.10762
 -0.09335		  0.12587
 -0.06927		  0.14000
 -0.04314		  0.14959
 -0.01581		  0.15437
  0.01185		  0.15421
  0.03895		  0.14916
  0.06463		  0.13940
  0.08809		  0.12528
  0.10860		  0.10726
  0.12552		  0.08597
  0.13835		  0.06208
  0.14670		  0.03638
  0.15032		  0.00969
  0.14916		 -0.01713
  0.14326		 -0.04323
  0.13285		 -0.06778
  0.11829		 -0.09002
  0.10007		 -0.10925
  0.07879		 -0.12488
  0.05515		 -0.13644
  0.02992		 -0.14359
  0.00390		 -0.14614
 -0.02206		 -0.14402
 -0.04716		 -0.13734
 -0.07058		 -0.12635
 -0.09161		 -0.11141
 -0.10959		 -0.09304
 -0.12396		 -0.07183
 -0.13431		 -0.04849
 -0.14032		 -0.02376
 -0.14182		  0.00155
 -0.13882		  0.02665
 -0.13142		  0.05073
 -0.11991		  0.07304
 -0.10465		  0.09287
 -0.08619		  0.10962
 -0.06510		  0.12278
 -0.04210		  0.13195
 -0.01791		  0.13686
  0.00669		  0.13740
  0.03090		  0.13357
  0.05396		  0.12551
  0.07516		  0.11354
  0.09382		  0.09803
  0.10938		  0.07951
  0.12135		  0.05860
  0.12939		  0.03597
  0.13327		  0.01236
  0.13288		 -0.01149
  0.12828		 -0.03482
  0.11963		 -0.05686
  0.10724		 -0.07696
  0.09154		 -0.09447
  0.07303		 -0.10886
  0.05234		 -0.11970
  0.03012		 -0.12665
  0.00710		 -0.12953
 -0.01598		 -0.12828
 -0.03840		 -0.12297
 -0.05944		 -0.11379
 -0.07845		 -0.10106
 -0.09483		 -0.08520
 -0.10808		 -0.06676
 -0.11782		 -0.04631
 -0.12374		 -0.02455
 -0.12569		 -0.00215
 -0.12363		  0.02015
 -0.11767		  0.04166
 -0.10800		  0.06170
 -0.09498		  0.07964
 -0.07903		  0.09491
 -0.06068		  0.10707
 -0.04054		  0.11574
 -0.01925		  0.12067
  0.00250		  0.12174
  0.02401		  0.11893
  0.04462		  0.11237
  0.06365		  0.10228
  0.08053		  0.08902
  0.09473		  0.07302
  0.10583		  0.05482
  0.11348		  0.03500
  0.11747		  0.01423
  0.11771		 -0.00686
  0.11420		 -0.02757
  0.10709		 -0.04726
  0.09663		 -0.06531
  0.08318		 -0.08116
  0.06719		 -0.09431
  0.04917		 -0.10437
  0.02973		 -0.11105
  0.00948		 -0.11415
 -0.01092		 -0.11360
 -0.03083		 -0.10945
 -0.04962		 -0.10186
 -0.06669		 -0.09108
 -0.08152		 -0.07749
 -0.09366		 -0.06154
 -0.10273		 -0.04375
 -0.10847		 -0.02470
 -0.11072		 -0.00501
 -0.10944		  0.01470
 -0.10471		  0.03380
 -0.09667		  0.05168
 -0.08563		  0.06779
 -0.07194		  0.08163
 -0.05608		  0.09277
 -0.03855		  0.10089
 -0.01992		  0.10575
 -0.00081		  0.10721
  0.01820		  0.10525
  0.03648		  0.09996
  0.05347		  0.09155
  0.06863		  0.08028
  0.08151		  0.06655
  0.09170		  0.05081
  0.09890		  0.03358
  0.10290		  0.01540
  0.10361		 -0.00312
  0.10102		 -0.02141
  0.09525		 -0.03888
  0.08649		 -0.05499
  0.07506		 -0.06923
  0.06132		 -0.08115
  0.04575		 -0.09042
  0.02883		 -0.09674
  0.01113		 -0.09995
 -0.00679		 -0.09996
 -0.02435		 -0.09679
 -0.04102		 -0.09057
 -0.05625		 -0.08153
 -0.06958		 -0.06996
 -0.08059		 -0.05626
 -0.08897		 -0.04088
 -0.09446		 -0.02432
 -0.09690		 -0.00711
 -0.09626		  0.01019
 -0.09255		  0.02703
 -0.08594		  0.04289
 -0.07665		  0.05726
 -0.06500		  0.06970
 -0.05137		  0.07984
 -0.03622		  0.08736
 -0.02003		  0.09205
 -0.00334		  0.09378
  0.01333		  0.09252
  0.02945		  0.08833
  0.04451		  0.08137
  0.05804		  0.07188
  0.06962		  0.06018
  0.07890		  0.04666
  0.08560		  0.03177
  0.08953		  0.01598
  0.09059		 -0.00019
  0.08877		 -0.01622
  0.08414		 -0.03162
  0.07687		 -0.04589
  0.06722		 -0.05859
  0.05551		 -0.06933
  0.04214		 -0.07778
  0.02753		 -0.08371
  0.01216		 -0.08692
 -0.00347		 -0.08735
 -0.01887		 -0.08500
 -0.03354		 -0.07997
 -0.04703		 -0.07244
 -0.05893		 -0.06268
 -0.06885		 -0.05100
 -0.07652		 -0.03780
 -0.08169		 -0.02350
 -0.08422		 -0.00857
 -0.08407		  0.00652
 -0.08124		  0.02127
 -0.07586		  0.03523
 -0.06811		  0.04796
 -0.05826		  0.05907
 -0.04664		  0.06820
 -0.03364		  0.07510
 -0.01967		  0.07956
 -0.00520		  0.08146
  0.00933		  0.08076
  0.02344		  0.07750
  0.03670		  0.07180
  0.04867		  0.06387
  0.05901		  0.05398
  0.06739		  0.04246
  0.07356		  0.02968
  0.07734		  0.01606
  0.07864		  0.00205
  0.07743		 -0.01191
  0.07378		 -0.02539
  0.06781		 -0.03794
  0.05974		 -0.04919
  0.04983		 -0.05878
  0.03843		 -0.06642
  0.02591		 -0.07190
  0.01266		 -0.07505
 -0.00088		 -0.07578
 -0.01428		 -0.07411
 -0.02711		 -0.07010
 -0.03898		 -0.06389
 -0.04951		 -0.05571
 -0.05838		 -0.04583
 -0.06532		 -0.03458
 -0.07013		 -0.02232
 -0.07267		 -0.00946
 -0.07289		  0.00360
 -0.07079		  0.01643
 -0.06646		  0.02863
 -0.06006		  0.03982
 -0.05180		  0.04965
 -0.04197		  0.05782
 -0.03090		  0.06409
 -0.01893		  0.06827
 -0.00647		  0.07025
  0.00610		  0.06998
  0.01836		  0.06749
  0.02994		  0.06288
  0.04047		  0.05632
  0.04962		  0.04802
  0.05712		  0.03827
  0.06275		  0.02739
  0.06633		  0.01573
  0.06778		  0.00367
  0.06706		 -0.00840
  0.06422		 -0.02010
  0.05937		 -0.03106
  0.05267		 -0.04094
  0.04436		 -0.04944
  0.03471		 -0.05629
  0.02405		 -0.06130
  0.01272		 -0.06432
  0.00107		 -0.06527
 -0.01050		 -0.06414
 -0.02164		 -0.06098
 -0.03199		 -0.05592
 -0.04125		 -0.04913
 -0.04910		 -0.04083
 -0.05534		 -0.03131
 -0.05976		 -0.02089
 -0.06225		 -0.00989
 -0.06273		  0.00133
 -0.06123		  0.01241
 -0.05779		  0.02299
 -0.05255		  0.03275
 -0.04569		  0.04139
 -0.03744		  0.04864
 -0.02807		  0.05428
 -0.01790		  0.05814
 -0.00724		  0.06013
  0.00355		  0.06019
  0.01413		  0.05834
  0.02416		  0.05465
  0.03335		  0.04927
  0.04139		  0.04236
  0.04804		  0.03418
  0.05312		  0.02498
  0.05646		  0.01507
  0.05797		  0.00478
  0.05764		 -0.00558
  0.05548		 -0.01567
  0.05158		 -0.02517
  0.04607		 -0.03378
  0.03916		 -0.04125
  0.03106		 -0.04733
  0.02205		 -0.05187
  0.01242		 -0.05471
  0.00249		 -0.05579
 -0.00744		 -0.05509
 -0.01703		 -0.05265
 -0.02601		 -0.04856
 -0.03407		 -0.04297
 -0.04098		 -0.03607
 -0.04652		 -0.02808
 -0.05054		 -0.01927
 -0.05292		 -0.00994
 -0.05359		 -0.00037
 -0.05256		  0.00912
 -0.04987		  0.01824
 -0.04563		  0.02669
 -0.03997		  0.03422
 -0.03310		  0.04059
 -0.02524		  0.04561
 -0.01665		  0.04915
 -0.00761		  0.05108
  0.00158		  0.05138
  0.01064		  0.05005
  0.01928		  0.04714
  0.02723		  0.04276
  0.03423		  0.03707
  0.04009		  0.03025
  0.04462		  0.02254
  0.04769		  0.01418
  0.04922		  0.00545
  0.04918		 -0.00337
  0.04757		 -0.01200
  0.04447		 -0.02017
  0.03999		 -0.02763
  0.03428		 -0.03413
  0.02753		 -0.03949
  0.01998		 -0.04355
  0.01186		 -0.04619
  0.00344		 -0.04734
 -0.00500		 -0.04697
 -0.01321		 -0.04512
 -0.02092		 -0.04186
 -0.02790		 -0.03729
 -0.03392		 -0.03159
 -0.03881		 -0.02494
 -0.04242		 -0.01756
 -0.04465		 -0.00969
 -0.04545		 -0.00159
 -0.04479		  0.00648
 -0.04272		  0.01427
 -0.03931		  0.02154
 -0.03469		  0.02805
 -0.02901		  0.03361
 -0.02247		  0.03804
 -0.01527		  0.04123
 -0.00766		  0.04308
  0.00012		  0.04355
  0.00782		  0.04263
  0.01520		  0.04036
  0.02202		  0.03684
  0.02809		  0.03218
  0.03320		  0.02654
  0.03721		  0.02012
  0.03999		  0.01313
  0.04149		  0.00578
  0.04165		 -0.00168
  0.04049		 -0.00901
  0.03806		 -0.01599
  0.03444		 -0.02239
  0.02976		 -0.02802
  0.02419		 -0.03270
  0.01790		 -0.03630
  0.01111		 -0.03872
  0.00403		 -0.03988
 -0.00311		 -0.03976
 -0.01008		 -0.03839
 -0.01666		 -0.03581
 -0.02265		 -0.03212
 -0.02786		 -0.02744
 -0.03213		 -0.02194
 -0.03535		 -0.01580
 -0.03741		 -0.00922
 -0.03826		 -0.00242
 -0.03789		  0.00440
 -0.03632		  0.01102
 -0.03362		  0.01721
 -0.02988		  0.02280
 -0.02522		  0.02761
 -0.01981		  0.03149
 -0.01383		  0.03434
 -0.00747		  0.03607
 -0.00093		  0.03664
  0.00557		  0.03604
  0.01183		  0.03430
  0.01765		  0.03150
  0.02285		  0.02772
  0.02728		  0.02310
  0.03080		  0.01779
  0.03330		  0.01197
  0.03472		  0.00583
  0.03503		 -0.00043
  0.03422		 -0.00662
  0.03233		 -0.01253
  0.02944		 -0.01799
  0.02564		 -0.02282
  0.02107		 -0.02688
  0.01588		 -0.03004
  0.01023		 -0.03222
  0.00432		 -0.03336
 -0.00167		 -0.03342
 -0.00755		 -0.03243
 -0.01313		 -0.03041
 -0.01823		 -0.02746
 -0.02270		 -0.02366
 -0.02641		 -0.01915
 -0.02924		 -0.01407
 -0.03112		 -0.00861
 -0.03199		 -0.00292
 -0.03184		  0.00280
 -0.03067		  0.00837
 -0.02855		  0.01362
 -0.02554		  0.01838
 -0.02176		  0.02251
 -0.01732		  0.02589
 -0.01238		  0.02841
 -0.00709		  0.03000
 -0.00164		  0.03062
  0.00381		  0.03027
  0.00908		  0.02896
  0.01402		  0.02674
  0.01845		  0.02370
  0.02225		  0.01994
  0.02531		  0.01559
  0.02753		  0.01078
  0.02886		  0.00569
  0.02926		  0.00046
  0.02873		 -0.00472
  0.02729		 -0.00970
  0.02500		 -0.01432
  0.02194		 -0.01844
  0.01821		 -0.02193
  0.01395		 -0.02469
  0.00929		 -0.02664
  0.00438		 -0.02772
 -0.00061		 -0.02791
 -0.00553		 -0.02721
 -0.01023		 -0.02566
 -0.01455		 -0.02331
 -0.01837		 -0.02025
 -0.02156		 -0.01657
 -0.02403		 -0.01241
 -0.02572		 -0.00790
 -0.02657		 -0.00318
 -0.02658		  0.00158
 -0.02573		  0.00625
 -0.02408		  0.01067
 -0.02169		  0.01470
 -0.01863		  0.01823
 -0.01502		  0.02113
 -0.01096		  0.02334
 -0.00660		  0.02479
 -0.00208		  0.02543
  0.00246		  0.02526
  0.00688		  0.02429
  0.01103		  0.02256
  0.01478		  0.02013
  0.01803		  0.01709
  0.02067		  0.01354
  0.02262		  0.00960
  0.02384		  0.00540
  0.02429		  0.00107
  0.02397		 -0.00325
  0.02288		 -0.00742
  0.02109		 -0.01131
  0.01864		 -0.01480
  0.01563		 -0.01778
  0.01215		 -0.02016
  0.00833		 -0.02189
  0.00428		 -0.02289
  0.00014		 -0.02316
 -0.00395		 -0.02270
 -0.00788		 -0.02152
 -0.01152		 -0.01967
 -0.01475		 -0.01721
 -0.01748		 -0.01424
 -0.01963		 -0.01084
 -0.02113		 -0.00714
 -0.02194		 -0.00326
 -0.02205		  0.00069
 -0.02146		  0.00458
 -0.02020		  0.00827
 -0.01830		  0.01167
 -0.01585		  0.01466
 -0.01292		  0.01715
 -0.00961		  0.01907
 -0.00604		  0.02036
 -0.00231		  0.02100
  0.00145		  0.02096
  0.00512		  0.02025
  0.00860		  0.01892
  0.01176		  0.01699
  0.01451		  0.01455
  0.01678		  0.01168
  0.01848		  0.00846
  0.01958		  0.00501
  0.02005		  0.00145
  0.01988		 -0.00213
  0.01908		 -0.00560
  0.01768		 -0.00885
  0.01574		 -0.01179
  0.01332		 -0.01432
  0.01050		 -0.01637
  0.00739		 -0.01788
  0.00407		 -0.01880
  0.00066		 -0.01912
 -0.00274		 -0.01883
 -0.00601		 -0.01794
 -0.00905		 -0.01650
 -0.01178		 -0.01455
 -0.01410		 -0.01215
 -0.01594		 -0.00940
 -0.01726		 -0.00638
 -0.01802		 -0.00319
 -0.01820		  0.00006
 -0.01780		  0.00328
 -0.01684		  0.00635
 -0.01536		  0.00920
 -0.01341		  0.01171
 -0.01105		  0.01383
 -0.00837		  0.01549
 -0.00545		  0.01664
 -0.00239		  0.01725
  0.00071		  0.01730
  0.00375		  0.01680
  0.00664		  0.01578
  0.00929		  0.01427
  0.01161		  0.01232
  0.01354		  0.01000
  0.01502		  0.00740
  0.01601		  0.00458
  0.01647		  0.00165
  0.01641		 -0.00129
  0.01583		 -0.00417
  0.01476		 -0.00688
  0.01323		 -0.00934
  0.01129		 -0.01148
  0.00902		 -0.01323
  0.00649		 -0.01454
  0.00378		 -0.01537
  0.00098		 -0.01571
 -0.00182		 -0.01555
 -0.00453		 -0.01489
 -0.00706		 -0.01377
 -0.00934		 -0.01223
 -0.01131		 -0.01031
 -0.01289		 -0.00810
 -0.01404		 -0.00564
 -0.01474		 -0.00304
 -0.01496		 -0.00037
 -0.01470		  0.00228
 -0.01398		  0.00483
 -0.01283		  0.00720
 -0.01128		  0.00931
 -0.00939		  0.01111
 -0.00723		  0.01253
 -0.00486		  0.01354
 -0.00236		  0.01410
  0.00018		  0.01422
  0.00269		  0.01388
  0.00509		  0.01311
  0.00730		  0.01193
  0.00925		  0.01038
  0.01088		  0.00852
  0.01216		  0.00642
  0.01303		  0.00413
  0.01348		  0.00174
  0.01349		 -0.00068
  0.01308		 -0.00305
  0.01226		 -0.00530
  0.01106		 -0.00736
  0.00952		 -0.00915
  0.00770		 -0.01064
  0.00566		 -0.01177
  0.00345		 -0.01252
  0.00117		 -0.01286
 -0.00113		 -0.01279
 -0.00337		 -0.01231
 -0.00547		 -0.01145
 -0.00738		 -0.01024
 -0.00903		 -0.00871
 -0.01037		 -0.00693
 -0.01138		 -0.00495
 -0.01201		 -0.00283
 -0.01225		 -0.00065
 -0.01210		  0.00153
 -0.01157		  0.00364
 -0.01067		  0.00560
 -0.00945		  0.00737
 -0.00795		  0.00888
 -0.00621		  0.01010
 -0.00429		  0.01097
 -0.00226		  0.01150
 -0.00018		  0.01165
  0.00189		  0.01143
  0.00387		  0.01085
  0.00570		  0.00993
  0.00733		  0.00871
  0.00871		  0.00723
  0.00980		  0.00553
  0.01057		  0.00368
  0.01099		  0.00173
  0.01106		 -0.00025
  0.01078		 -0.00220
  0.01016		 -0.00406
  0.00922		 -0.00576
  0.00800		 -0.00727
  0.00655		 -0.00853
  0.00490		 -0.00950
  0.00311		 -0.01016
  0.00125		 -0.01049
 -0.00063		 -0.01049
 -0.00247		 -0.01015
 -0.00421		 -0.00949
 -0.00580		 -0.00854
 -0.00718		 -0.00733
 -0.00833		 -0.00591
 -0.00919		 -0.00431
 -0.00975		 -0.00259
 -0.01000		 -0.00081
 -0.00993		  0.00097
 -0.00954		  0.00271
 -0.00886		  0.00434
 -0.00790		  0.00581
 -0.00670		  0.00708
 -0.00531		  0.00811
 -0.00376		  0.00887
 -0.00211		  0.00935
 -0.00041		  0.00952
  0.00128		  0.00938
  0.00291		  0.00896
  0.00443		  0.00825
  0.00579		  0.00729
  0.00696		  0.00611
  0.00789		  0.00474
  0.00855		  0.00325
  0.00894		  0.00167
  0.00904		  0.00005
  0.00886		 -0.00155
  0.00839		 -0.00308
  0.00767		 -0.00450
  0.00671		 -0.00576
  0.00554		 -0.00682
  0.00422		 -0.00765
  0.00278		 -0.00823
  0.00126		 -0.00854
 -0.00028		 -0.00858
 -0.00179		 -0.00835
 -0.00322		 -0.00785
 -0.00454		 -0.00711
 -0.00570		 -0.00616
 -0.00667		 -0.00502
 -0.00741		 -0.00373
 -0.00791		 -0.00234
 -0.00815		 -0.00089
 -0.00813		  0.00057
 -0.00786		  0.00199
 -0.00734		  0.00334
 -0.00659		  0.00456
 -0.00564		  0.00563
 -0.00452		  0.00650
 -0.00327		  0.00716
 -0.00194		  0.00759
 -0.00055		  0.00777
  0.00083		  0.00770
  0.00217		  0.00738
  0.00343		  0.00684
  0.00456		  0.00609
  0.00554		  0.00515
  0.00633		  0.00406
  0.00691		  0.00285
  0.00727		  0.00157
  0.00739		  0.00025
  0.00727		 -0.00106
  0.00693		 -0.00232
  0.00637		 -0.00350
  0.00561		 -0.00455
  0.00469		 -0.00544
  0.00362		 -0.00615
  0.00246		 -0.00666
  0.00123		 -0.00695
 -0.00003		 -0.00702
 -0.00127		 -0.00686
 -0.00245		 -0.00649
 -0.00355		 -0.00592
 -0.00452		 -0.00516
 -0.00533		 -0.00425
 -0.00597		 -0.00322
 -0.00641		 -0.00209
 -0.00664		 -0.00092
 -0.00666		  0.00028
 -0.00647		  0.00145
 -0.00607		  0.00256
 -0.00549		  0.00358
 -0.00474		  0.00447
 -0.00384		  0.00521
 -0.00284		  0.00578
 -0.00176		  0.00616
 -0.00063		  0.00633
  0.00050		  0.00631
  0.00161		  0.00608
  0.00265		  0.00567
  0.00359		  0.00508
  0.00441		  0.00433
  0.00508		  0.00346
  0.00558		  0.00249
  0.00590		  0.00145
  0.00603		  0.00037
  0.00597		 -0.00070
  0.00572		 -0.00174
  0.00529		 -0.00271
  0.00469		 -0.00359
  0.00396		 -0.00434
  0.00310		 -0.00495
  0.00216		 -0.00539
  0.00116		 -0.00566
  0.00014		 -0.00574
 -0.00088		 -0.00564
 -0.00186		 -0.00536
 -0.00277		 -0.00492
 -0.00357		 -0.00432
 -0.00426		 -0.00360
 -0.00481		 -0.00277
 -0.00519		 -0.00186
 -0.00541		 -0.00090
 -0.00545		  0.00007
 -0.00532		  0.00104
 -0.00502		  0.00195
 -0.00457		  0.00280
 -0.00398		  0.00355
 -0.00326		  0.00417
 -0.00246		  0.00466
 -0.00158		  0.00500
 -0.00066		  0.00517
  0.00027		  0.00517
  0.00117		  0.00501
  0.00204		  0.00470
  0.00282		  0.00424
  0.00351		  0.00365
  0.00408		  0.00295
  0.00451		  0.00217
  0.00480		  0.00132
  0.00493		  0.00044
  0.00490		 -0.00044
  0.00472		 -0.00129
  0.00439		 -0.00210
  0.00392		 -0.00283
  0.00334		 -0.00346
  0.00266		 -0.00398
  0.00189		 -0.00436
  0.00108		 -0.00460
  0.00025		 -0.00470
 -0.00059		 -0.00464
 -0.00140		 -0.00444
 -0.00215		 -0.00409
 -0.00283		 -0.00362
 -0.00341		 -0.00305
 -0.00387		 -0.00238
 -0.00421		 -0.00164
 -0.00441		 -0.00086
 -0.00447		 -0.00006
 -0.00439		  0.00073
 -0.00416		  0.00149
 -0.00381		  0.00219
 -0.00334		  0.00282
 -0.00277		  0.00335
 -0.00212		  0.00377
 -0.00141		  0.00406
 -0.00066		  0.00422
  0.00010		  0.00425
  0.00085		  0.00414
  0.00156		  0.00390
  0.00222		  0.00354
  0.00280		  0.00307
  0.00328		  0.00251
  0.00365		  0.00188
  0.00391		  0.00119
  0.00403		  0.00048
  0.00403		 -0.00025
  0.00390		 -0.00095
  0.00365		 -0.00162
  0.00329		 -0.00223
  0.00282		 -0.00277
  0.00227		 -0.00321
  0.00166		 -0.00354
  0.00099		 -0.00376
  0.00031		 -0.00385
 -0.00038		 -0.00382
 -0.00105		 -0.00367
 -0.00167		 -0.00341
 -0.00224		 -0.00304
 -0.00273		 -0.00258
 -0.00313		 -0.00204
 -0.00342		 -0.00145
 -0.00361		 -0.00081
 -0.00367		 -0.00016
 -0.00362		  0.00050
 -0.00346		  0.00113
 -0.00318		  0.00171
 -0.00281		  0.00224
 -0.00236		  0.00269
 -0.00183		  0.00305
 -0.00125		  0.00331
 -0.00064		  0.00346
 -0.00002		  0.00350
  0.00060		  0.00342
  0.00119		  0.00325
  0.00174		  0.00296
  0.00223		  0.00259
  0.00264		  0.00214
  0.00296		  0.00163
  0.00319		  0.00107
  0.00331		  0.00049
  0.00333		 -0.00011
  0.00323		 -0.00069
  0.00304		 -0.00125
  0.00276		 -0.00176
  0.00239		 -0.00221
  0.00194		 -0.00259
  0.00145		 -0.00288
  0.00091		 -0.00307
  0.00034		 -0.00317
 -0.00022		 -0.00316
 -0.00078		 -0.00305
 -0.00130		 -0.00285
 -0.00178		 -0.00256
 -0.00219		 -0.00219
 -0.00253		 -0.00176
 -0.00279		 -0.00127
 -0.00295		 -0.00075
 -0.00302		 -0.00021
 -0.00300		  0.00033
 -0.00288		  0.00085
 -0.00266		  0.00134
 -0.00237		  0.00178
 -0.00201		  0.00216
 -0.00158		  0.00247
 -0.00111		  0.00270
 -0.00061		  0.00284
 -0.00010		  0.00288
  0.00042		  0.00284
  0.00091		  0.00271
  0.00137		  0.00249
  0.00178		  0.00219
  0.00213		  0.00183
  0.00241		  0.00142
  0.00261		  0.00096
  0.00272		  0.00048
  0.00275		 -0.00001
  0.00269		 -0.00050
  0.00254		 -0.00096
  0.00232		 -0.00139
  0.00202		 -0.00177
  0.00167		 -0.00209
  0.00126		 -0.00234
  0.00082		 -0.00252
  0.00036		 -0.00261
 -0.00011		 -0.00262
 -0.00057		 -0.00254
 -0.00101		 -0.00239
 -0.00141		 -0.00216
 -0.00176		 -0.00186
 -0.00205		 -0.00151
 -0.00228		 -0.00112
 -0.00243		 -0.00069
 -0.00250		 -0.00025
 -0.00249		  0.00020
 -0.00240		  0.00064
 -0.00224		  0.00105
 -0.00201		  0.00142
 -0.00171		  0.00174
 -0.00137		  0.00201
 -0.00098		  0.00221
 -0.00057		  0.00234
 -0.00015		  0.00239
  0.00028		  0.00236
  0.00069		  0.00226
  0.00108		  0.00209
  0.00142		  0.00186
  0.00172		  0.00157
  0.00196		  0.00123
  0.00214		  0.00086
  0.00225		  0.00046
  0.00228		  0.00005
  0.00224		 -0.00035
  0.00213		 -0.00074
  0.00196		 -0.00110
  0.00172		 -0.00142
  0.00143		 -0.00170
  0.00110		 -0.00192
  0.00074		 -0.00207
  0.00036		 -0.00216
 -0.00003		 -0.00218
 -0.00042		 -0.00212
 -0.00078		 -0.00201
 -0.00112		 -0.00183
 -0.00142		 -0.00159
 -0.00167		 -0.00130
 -0.00187		 -0.00098
 -0.00200		 -0.00063
 -0.00207		 -0.00026
 -0.00207		  0.00011
 -0.00201		  0.00047
 -0.00188		  0.00082
 -0.00170		  0.00113
 -0.00146		  0.00141
 -0.00118		  0.00164
 -0.00087		  0.00181
 -0.00053		  0.00193
 -0.00018		  0.00198
  0.00018		  0.00197
  0.00052		  0.00190
  0.00085		  0.00177
  0.00114		  0.00158
  0.00140		  0.00135
  0.00161		  0.00107
  0.00176		  0.00076
  0.00186		  0.00044
  0.00190		  0.00010
  0.00188		 -0.00024
  0.00179		 -0.00057
  0.00166		 -0.00087
  0.00147		 -0.00115
  0.00123		 -0.00138
  0.00096		 -0.00157
  0.00066		 -0.00171
  0.00035		 -0.00179
  0.00003		 -0.00181
 -0.00030		 -0.00178
 -0.00061		 -0.00169
 -0.00089		 -0.00155
 -0.00115		 -0.00136
 -0.00136		 -0.00113
 -0.00153		 -0.00086
 -0.00165		 -0.00057
 -0.00172		 -0.00027
 -0.00173		  0.00004
 -0.00169		  0.00035
 -0.00159		  0.00064
 -0.00145		  0.00091
 -0.00126		  0.00114
 -0.00103		  0.00134
 -0.00077		  0.00149
 -0.00049		  0.00160
 -0.00019		  0.00165
  0.00010		  0.00165
  0.00039		  0.00160
  0.00067		  0.00150
  0.00092		  0.00135
  0.00114		  0.00116
  0.00132		  0.00093
  0.00145		  0.00068
  0.00154		  0.00041
  0.00158		  0.00013
  0.00157		 -0.00016
  0.00151		 -0.00043
  0.00141		 -0.00069
  0.00125		 -0.00092
  0.00106		 -0.00113
  0.00084		 -0.00129
  0.00060		 -0.00141
  0.00033		 -0.00149
  0.00006		 -0.00152
 -0.00021		 -0.00150
 -0.00047		 -0.00143
 -0.00071		 -0.00132
 -0.00093		 -0.00116
 -0.00111		 -0.00098
 -0.00126		 -0.00076
 -0.00137		 -0.00052
 -0.00144		 -0.00027
 -0.00145		 -0.00001
 -0.00142		  0.00025
 -0.00135		  0.00050
 -0.00123		  0.00073
 -0.00108		  0.00093
 -0.00089		  0.00110
 -0.00068		  0.00124
 -0.00045		  0.00133
 -0.00020		  0.00138
  0.00005		  0.00139
  0.00029		  0.00135
  0.00052		  0.00127
  0.00074		  0.00115
  0.00093		  0.00100
  0.00108		  0.00081
  0.00120		  0.00060
  0.00129		  0.00038
  0.00133		  0.00014
  0.00132		 -0.00009
  0.00128		 -0.00033
  0.00120		 -0.00055
  0.00107		 -0.00075
  0.00092		 -0.00092
  0.00074		 -0.00107
  0.00053		 -0.00117
  0.00032		 -0.00124
  0.00009		 -0.00127
 -0.00014		 -0.00126
 -0.00036		 -0.00121
 -0.00057		 -0.00112
 -0.00075		 -0.00100
 -0.00091		 -0.00085
 -0.00104		 -0.00067
 -0.00114		 -0.00047
 -0.00120		 -0.00026
 -0.00122		 -0.00004
 -0.00120		  0.00018
 -0.00115		  0.00039
 -0.00105		  0.00058
 -0.00093		  0.00076
 -0.00078		  0.00090
 -0.00060		  0.00102
 -0.00041		  0.00111
 -0.00020		  0.00116
  0.00001		  0.00117
  0.00021		  0.00114
  0.00041		  0.00108
  0.00059		  0.00099
  0.00076		  0.00086
  0.00089		  0.00071
  0.00100		  0.00054
  0.00108		  0.00035
  0.00111		  0.00015
  0.00112		 -0.00005
  0.00109		 -0.00025
  0.00102		 -0.00043
  0.00092		 -0.00060
  0.00080		 -0.00075
  0.00065		 -0.00088
  0.00048		 -0.00098
  0.00030		 -0.00104
  0.00011		 -0.00107
 -0.00009		 -0.00107
 -0.00027		 -0.00103
 -0.00045		 -0.00096
 -0.00061		 -0.00086
 -0.00075		 -0.00074
 -0.00087		 -0.00059
 -0.00095		 -0.00042
 -0.00101		 -0.00025
 -0.00103		 -0.00006
 -0.00102		  0.00012
 -0.00098		  0.00030
 -0.00090		  0.00047
 -0.00080		  0.00062
 -0.00068		  0.00075
 -0.00053		  0.00085
 -0.00037		  0.00093
 -0.00020		  0.00097
 -0.00002		  0.00099
  0.00015		  0.00097
  0.00032		  0.00092
  0.00048		  0.00085
  0.00062		  0.00075
  0.00074		  0.00062
  0.00083		  0.00048
  0.00090		  0.00032
  0.00094		  0.00016
  0.00095		 -0.00001
  0.00092		 -0.00018
  0.00087		 -0.00034
  0.00080		 -0.00049
  0.00069		 -0.00062
  0.00057		 -0.00073
  0.00043		 -0.00081
  0.00027		 -0.00087
  0.00011		 -0.00090
 -0.00005		 -0.00091
 -0.00021		 -0.00088
 -0.00036		 -0.00082
 -0.00050		 -0.00074
 -0.00062		 -0.00064
 -0.00072		 -0.00052
 -0.00080		 -0.00038
 -0.00085		 -0.00023
 -0.00087		 -0.00008
 -0.00087		  0.00008
 -0.00083		  0.00023
 -0.00078		  0.00037
 -0.00069		  0.00050
 -0.00059		  0.00062
 -0.00047		  0.00071
 -0.00034		  0.00078
 -0.00019		  0.00082
 -0.00004		  0.00084
  0.00011		  0.00083
  0.00025		  0.00079
  0.00039		  0.00073
  0.00051		  0.00065
  0.00061		  0.00054
  0.00069		  0.00043
  0.00076		  0.00029
  0.00079		  0.00015
  0.00080		  0.00001
  0.00079		 -0.00013
  0.00075		 -0.00027
  0.00069		 -0.00040
  0.00060		 -0.00051
  0.00050		 -0.00060
  0.00038		 -0.00068
  0.00025		 -0.00073
  0.00012		 -0.00076
 -0.00002		 -0.00077
 -0.00015		 -0.00075
 -0.00028		 -0.00071
 -0.00040		 -0.00064
 -0.00051		 -0.00056
 -0.00060		 -0.00046
 -0.00067		 -0.00034
 -0.00071		 -0.00022
 -0.00074		 -0.00009
 -0.00074		  0.00005
 -0.00071		  0.00018
 -0.00067		  0.00030
 -0.00060		  0.00041
 -0.00052		  0.00051
 -0.00042		  0.00059
 -0.00030		  0.00065
 -0.00018		  0.00069
 -0.00006		  0.00071
  0.00007		  0.00070
  0.00019		  0.00068
  0.00031		  0.00063
  0.00041		  0.00056
  0.00051		  0.00048
  0.00058		  0.00038
  0.00063		  0.00027
  0.00067		  0.00015
  0.00068		  0.00003
  0.00067		 -0.00009
  0.00064		 -0.00021
  0.00059		 -0.00032
  0.00052		 -0.00042
  0.00044		 -0.00050
  0.00034		 -0.00057
  0.00023		 -0.00062
  0.00012		 -0.00065
  0.00000		 -0.00065
 -0.00011		 -0.00064
 -0.00022		 -0.00061
 -0.00033		 -0.00056
 -0.00042		 -0.00049
 -0.00050		 -0.00040
 -0.00056		 -0.00031
 -0.00060		 -0.00020
 -0.00062		 -0.00009
 -0.00063		  0.00002
 -0.00061		  0.00013
 -0.00058		  0.00024
 -0.00052		  0.00033
 -0.00045		  0.00042
 -0.00037		  0.00049
 -0.00027		  0.00055
 -0.00017		  0.00058
 -0.00006		  0.00060
  0.00004		  0.00060
  0.00015		  0.00058
  0.00025		  0.00054
  0.00034		  0.00049
  0.00042		  0.00042
  0.00048		  0.00034
  0.00053		  0.00024
  0.00057		  0.00014
  0.00058		  0.00004
  0.00058		 -0.00006
  0.00055		 -0.00016
  0.00051		 -0.00026
  0.00046		 -0.00034
  0.00039		 -0.00042
  0.00030		 -0.00048
  0.00021		 -0.00052
  0.00012		 -0.00055
  0.00002		 -0.00056
 -0.00008		 -0.00055
 -0.00018		 -0.00052
 -0.00027		 -0.00048
 -0.00035		 -0.00042
 -0.00041		 -0.00036
 -0.00047		 -0.00027
 -0.00051		 -0.00019
 -0.00053		 -0.00009
 -0.00054		  0.00000
 -0.00052		  0.00010
 -0.00050		  0.00019
 -0.00045		  0.00027
 -0.00040		  0.00035
 -0.00033		  0.00041
 -0.00025		  0.00046
 -0.00016		  0.00049
 -0.00007		  0.00051
  0.00002		  0.00051
  0.00011		  0.00050
  0.00020		  0.00047
  0.00028		  0.00042
  0.00035		  0.00037
  0.00041		  0.00030
  0.00045		  0.00022
  0.00048		  0.00014
  0.00049		  0.00005
  0.00049		 -0.00004
  0.00047		 -0.00013
  0.00044		 -0.00021
  0.00040		 -0.00028
  0.00034		 -0.00035
  0.00027		 -0.00040
  0.00019		 -0.00044
  0.00011		 -0.00046
  0.00003		 -0.00048
 -0.00006		 -0.00047
 -0.00014		 -0.00045
 -0.00022		 -0.00042
 -0.00028		 -0.00037
 -0.00034		 -0.00031
 -0.00039		 -0.00025
 -0.00043		 -0.00017
 -0.00045		 -0.00009
 -0.00046		 -0.00001
 -0.00045		  0.00007
 -0.00043		  0.00015
 -0.00039		  0.00022
 -0.00035		  0.00029
 -0.00029		  0.00034
 -0.00022		  0.00039
 -0.00015		  0.00042
 -0.00007		  0.00044
  0.00001		  0.00044
  0.00008		  0.00043
  0.00016		  0.00041
  0.00023		  0.00037
  0.00029		  0.00032
  0.00034		  0.00026
  0.00038		  0.00020
  0.00041		  0.00013
  0.00042		  0.00005
  0.00042		 -0.00002
  0.00041		 -0.00010
  0.00038		 -0.00017
  0.00035		 -0.00023
  0.00030		 -0.00029
  0.00024		 -0.00033
  0.00018		 -0.00037
  0.00011		 -0.00039
  0.00004		 -0.00041
 -0.00004		 -0.00040
 -0.00011		 -0.00039
 -0.00017		 -0.00036
 -0.00023		 -0.00032
 -0.00029		 -0.00028
 -0.00033		 -0.00022
 -0.00036		 -0.00016
 -0.00038		 -0.00009
 -0.00039		 -0.00002
 -0.00039		  0.00005
 -0.00037		  0.00012
 -0.00034		  0.00018
 -0.00030		  0.00024
 -0.00025		  0.00029
 -0.00020		  0.00032
 -0.00014		  0.00035
 -0.00007		  0.00037
 -0.00000		  0.00038
  0.00006		  0.00037
  0.00013		  0.00035
  0.00019		  0.00032
  0.00024		  0.00028
  0.00028		  0.00023
  0.00032		  0.00018
  0.00034		  0.00012
  0.00036		  0.00006
  0.00036		 -0.00001
  0.00035		 -0.00007
  0.00033		 -0.00013
  0.00030		 -0.00019
  0.00026		 -0.00024
  0.00021		 -0.00028
  0.00016		 -0.00031
  0.00010		 -0.00033
  0.00004		 -0.00035
 -0.00002		 -0.00035
 -0.00008		 -0.00033
 -0.00014		 -0.00031
 -0.00019		 -0.00028
 -0.00024		 -0.00024
 -0.00028		 -0.00020
 -0.00031		 -0.00014
 -0.00032		 -0.00009
 -0.00033		 -0.00003
 -0.00033		  0.00003
 -0.00032		  0.00009
 -0.00030		  0.00015
 -0.00026		  0.00020
 -0.00022		  0.00024
 -0.00018		  0.00027
 -0.00013		  0.00030
 -0.00007		  0.00031
 -0.00001		  0.00032
  0.00004		  0.00032
  0.00010		  0.00030
  0.00015		  0.00028
  0.00020		  0.00025
  0.00024		  0.00021
  0.00027		  0.00016
  0.00029		  0.00011
  0.00030		  0.00006
  0.00031		  0.00000
  0.00030		 -0.00005
  0.00029		 -0.00011
  0.00026		 -0.00015
  0.00023		 -0.00020
  0.00019		 -0.00023
  0.00014		 -0.00026
  0.00009		 -0.00028
  0.00004		 -0.00029
 -0.00001		 -0.00030
 -0.00006		 -0.00029
 -0.00011		 -0.00027
 -0.00016		 -0.00025
 -0.00020		 -0.00021
 -0.00023		 -0.00017
 -0.00026		 -0.00013
 -0.00028		 -0.00008
 -0.00028		 -0.00003
 -0.00028		  0.00002
 -0.00027		  0.00007
 -0.00026		  0.00012
 -0.00023		  0.00016
 -0.00020		  0.00020
 -0.00016		  0.00023
 -0.00011		  0.00025
 -0.00007		  0.00027
 -0.00002		  0.00027
  0.00003		  0.00027
  0.00008		  0.00026
  0.00012		  0.00024
  0.00016		  0.00022
  0.00020		  0.00018
  0.00023		  0.00014
  0.00025		  0.00010
  0.00026		  0.00006
  0.00026		  0.00001
  0.00026		 -0.00004
  0.00025		 -0.00008
  0.00023		 -0.00013
  0.00020		 -0.00016
  0.00017		 -0.00020
  0.00013		 -0.00022
  0.00009		 -0.00024
  0.00004		 -0.00025
 -0.00000		 -0.00025
 -0.00005		 -0.00025
 -0.00009		 -0.00023
 -0.00013		 -0.00021
 -0.00016		 -0.00019
 -0.00019		 -0.00015
 -0.00022		 -0.00012
 -0.00023		 -0.00008
 -0.00024		 -0.00003
 -0.00024		  0.00001
 -0.00024		  0.00005
 -0.00022		  0.00009
 -0.00020		  0.00013
 -0.00017		  0.00016
 -0.00014		  0.00019
 -0.00010		  0.00021
 -0.00006		  0.00023
 -0.00002		  0.00023
  0.00002		  0.00023
  0.00006		  0.00023
  0.00010		  0.00021
  0.00013		  0.00019
  0.00016		  0.00016
  0.00019		  0.00013
  0.00021		  0.00009
  0.00022		  0.00005
  0.00023		  0.00001
  0.00022		 -0.00003
  0.00021		 -0.00007
  0.00020		 -0.00010
  0.00018		 -0.00014
  0.00015		 -0.00016
  0.00012		 -0.00019
  0.00008		 -0.00020
  0.00004		 -0.00021
  0.00000		 -0.00022
 -0.00003		 -0.00021
 -0.00007		 -0.00020
 -0.00011		 -0.00019
 -0.00014		 -0.00016
 -0.00016		 -0.00014
 -0.00018		 -0.00011
 -0.00020		 -0.00007
 -0.00021		 -0.00003
 -0.00021		  0.00000
 -0.00020		  0.00004
 -0.00019		  0.00008
 -0.00018		  0.00011
 -0.00015		  0.00014
 -0.00013		  0.00016
 -0.00009		  0.00018
 -0.00006		  0.00019
 -0.00003		  0.00020
  0.00001		  0.00020
  0.00005		  0.00019
  0.00008		  0.00018
  0.00011		  0.00016
  0.00014		  0.00014
  0.00016		  0.00011
  0.00018		  0.00008
  0.00019		  0.00005
  0.00019		  0.00002
  0.00019		 -0.00002
  0.00019		 -0.00005
  0.00017		 -0.00008
  0.00015		 -0.00011
  0.00013		 -0.00014
  0.00010		 -0.00016
  0.00007		 -0.00017
  0.00004		 -0.00018
  0.00001		 -0.00019
 -0.00002		 -0.00018
 -0.00006		 -0.00018
 -0.00009		 -0.00016
 -0.00011		 -0.00014
 -0.00014		 -0.00012
 -0.00015		 -0.00009
 -0.00017		 -0.00007
 -0.00018		 -0.00003
 -0.00018		 -0.00000
 -0.00018		  0.00003
 -0.00017		  0.00006
 -0.00015		  0.00009
 -0.00013		  0.00011
 -0.00011		  0.00014
 -0.00009		  0.00015
 -0.00006		  0.00016
 -0.00003		  0.00017
  0.00000		  0.00017
  0.00003		  0.00017
  0.00006		  0.00016
  0.00009		  0.00014
  0.00011		  0.00012
  0.00013		  0.00010
  0.00015		  0.00008
  0.00016		  0.00005
  0.00016		  0.00002
  0.00016		 -0.00001
  0.00016		 -0.00004
  0.00015		 -0.00007
  0.00013		 -0.00009
  0.00012		 -0.00011
  0.00009		 -0.00013
  0.00007		 -0.00015
  0.00004		 -0.00016
  0.00001		 -0.00016
 -0.00002		 -0.00016
 -0.00004		 -0.00015
 -0.00007		 -0.00014
 -0.00009		 -0.00013
 -0.00011		 -0.00011
 -0.00013		 -0.00008
 -0.00014		 -0.00006
 -0.00015		 -0.00003
 -0.00015		 -0.00001
 -0.00015		  0.00002
 -0.00014		  0.00005
 -0.00013		  0.00007
 -0.00012		  0.00009
 -0.00010		  0.00011
 -0.00008		  0.00013
 -0.00005		  0.00014
 -0.00003		  0.00015
 -0.00000		  0.00015
  0.00003		  0.00014
  0.00005		  0.00014
  0.00007		  0.00013
  0.00009		  0.00011
  0.00011		  0.00009
  0.00013		  0.00007
  0.00014		  0.00005
  0.00014		  0.00002
  0.00014		 -0.00001
  0.00014		 -0.00003
  0.00013		 -0.00005
  0.00012		 -0.00008
  0.00010		 -0.00009
  0.00008		 -0.00011
  0.00006		 -0.00012
  0.00004		 -0.00013
  0.00001		 -0.00014
 -0.00001		 -0.00014
 -0.00003		 -0.00013
 -0.00006		 -0.00012
 -0.00008		 -0.00011
 -0.00009		 -0.00009
 -0.00011		 -0.00008
 -0.00012		 -0.00005
 -0.00013		 -0.00003
 -0.00013		 -0.00001
 -0.00013		  0.00001
 -0.00012		  0.00004
 -0.00012		  0.00006
 -0.00010		  0.00008
 -0.00009		  0.00009
 -0.00007		  0.00011
 -0.00005		  0.00012
 -0.00003		  0.00012
 -0.00000		  0.00013
  0.00002		  0.00012
  0.00004		  0.00012
  0.00006		  0.00011
  0.00008		  0.00010
  0.00009		  0.00008
  0.00011		  0.00006
  0.00012		  0.00004
  0.00012		  0.00002
  0.00012		 -0.00000
  0.00012		 -0.00002
  0.00011		 -0.00004
  0.00010		 -0.00006
  0.00009		 -0.00008
  0.00007		 -0.00009
  0.00006		 -0.00010
  0.00004		 -0.00011
  0.00002		 -0.00012
 -0.00001		 -0.00012
 -0.00003		 -0.00011
 -0.00005		 -0.00011
 -0.00006		 -0.00010
 -0.00008		 -0.00008
 -0.00009		 -0.00007
 -0.00010		 -0.00005
 -0.00011		 -0.00003
 -0.00011		 -0.00001
 -0.00011		  0.00001
 -0.00011		  0.00003
 -0.00010		  0.00005
 -0.00009		  0.00006
 -0.00008		  0.00008
 -0.00006		  0.00009
 -0.00004		  0.00010
 -0.00003		  0.00011
 -0.00001		  0.00011
  0.00001		  0.00011
  0.00003		  0.00010
  0.00005		  0.00009
  0.00006		  0.00008
  0.00008		  0.00007
  0.00009		  0.00006
  0.00010		  0.00004
  0.00010		  0.00002
  0.00010		  0.00000
  0.00010		 -0.00002
  0.00010		 -0.00003
  0.00009		 -0.00005
  0.00008		 -0.00007
  0.00007		 -0.00008
  0.00005		 -0.00009
  0.00003		 -0.00010
  0.00002		 -0.00010
 -0.00000		 -0.00010
 -0.00002		 -0.00010
 -0.00004		 -0.00009
 -0.00005		 -0.00008
 -0.00007		 -0.00007
 -0.00008		 -0.00006
 -0.00009		 -0.00005
 -0.00009		 -0.00003
 -0.00010		 -0.00001
 -0.00010		  0.00001
 -0.00009		  0.00002
 -0.00009		  0.00004
 -0.00008		  0.00005
 -0.00007		  0.00007
 -0.00005		  0.00008
 -0.00004		  0.00008
 -0.00002		  0.00009
 -0.00001		  0.00009
  0.00001		  0.00009
  0.00002		  0.00009
  0.00004		  0.00008
  0.00005		  0.00007
  0.00007		  0.00006
  0.00008		  0.00005
  0.00008		  0.00004
  0.00009		  0.00002
  0.00009		  0.00000
  0.00009		 -0.00001
  0.00008		 -0.00003
  0.00008		 -0.00004
  0.00007		 -0.00005
  0.00006		 -0.00007
  0.00005		 -0.00007
  0.00003		 -0.00008
  0.00002		 -0.00008
  0.00000		 -0.00009
 -0.00001		 -0.00008
 -0.00003		 -0.00008
 -0.00004		 -0.00007
 -0.00005		 -0.00006
 -0.00006		 -0.00005
 -0.00007		 -0.00004
 -0.00008		 -0.00003
 -0.00008		 -0.00001
 -0.00008		  0.00000
 -0.00008		  0.00002
 -0.00008		  0.00003
 -0.00007		  0.00004
 -0.00006		  0.00005
 -0.00005		  0.00006
 -0.00004		  0.00007
 -0.00002		  0.00008
 -0.00001		  0.00008
  0.00001		  0.00008
  0.00002		  0.00008
  0.00003		  0.00007
  0.00004		  0.00006
  0.00005		  0.00006
  0.00006		  0.00004
  0.00007		  0.00003
  0.00007		  0.00002
  0.00008		  0.00001
  0.00008		 -0.00001
  0.00007		 -0.00002
  0.00007		 -0.00003
  0.00006		 -0.00004
  0.00005		 -0.00005
  0.00004		 -0.00006
  0.00003		 -0.00007
  0.00002		 -0.00007
  0.00000		 -0.00007
 -0.00001		 -0.00007
 -0.00002		 -0.00007
 -0.00003		 -0.00006
 -0.00005		 -0.00006
 -0.00005		 -0.00005
 -0.00006		 -0.00004
 -0.00007		 -0.00003
 -0.00007		 -0.00001
 -0.00007		 -0.00000
 -0.00007		  0.00001
 -0.00007		  0.00002
 -0.00006		  0.00004
 -0.00005		  0.00005
 -0.00004		  0.00005
 -0.00003		  0.00006
 -0.00002		  0.00007
 -0.00001		  0.00007
  0.00000		  0.00007
  0.00001		  0.00007
  0.00003		  0.00006
  0.00004		  0.00006
  0.00005		  0.00005
  0.00005		  0.00004
  0.00006		  0.00003
  0.00006		  0.00002
  0.00007		  0.00001
  0.00007		 -0.00000
  0.00006		 -0.00002
  0.00006		 -0.00003
  0.00005		 -0.00004
  0.00005		 -0.00005
  0.00004		 -0.00005
  0.00003		 -0.00006
  0.00002		 -0.00006
  0.00000		 -0.00006
 -0.00001		 -0.00006
 -0.00002		 -0.00006
 -0.00003		 -0.00006
 -0.00004		 -0.00005
 -0.00005		 -0.00004
 -0.00005		 -0.00003
 -0.00006		 -0.00002
 -0.00006		 -0.00001
 -0.00006		 -0.00000
 -0.00006		  0.00001
 -0.00006		  0.00002
 -0.00005		  0.00003
 -0.00005		  0.00004
 -0.00004		  0.00005
 -0.00003		  0.00005
 -0.00002		  0.00006
 -0.00001		  0.00006
  0.00000		  0.00006
  0.00001		  0.00006
  0.00002		  0.00005
  0.00003		  0.00005
  0.00004		  0.00004
  0.00004		  0.00004
  0.00005		  0.00003
  0.00005		  0.00002
  0.00006		  0.00001
  0.00006		 -0.00000
  0.00005		 -0.00001
  0.00005		 -0.00002
  0.00005		 -0.00003
  0.00004		 -0.00004
  0.00003		 -0.00004
  0.00002		 -0.00005
  0.00001		 -0.00005
  0.00001		 -0.00005
 -0.00000		 -0.00005
 -0.00001		 -0.00005
 -0.00002		 -0.00005
 -0.00003		 -0.00004
 -0.00004		 -0.00004
 -0.00004		 -0.00003
 -0.00005		 -0.00002
 -0.00005		 -0.00001
 -0.00005		 -0.00000
 -0.00005		  0.00001
 -0.00005		  0.00002
 -0.00005		  0.00002
 -0.00004		  0.00003
 -0.00003		  0.00004
 -0.00003		  0.00004
 -0.00002		  0.00005
 -0.00001		  0.00005
 -0.00000		  0.00005
  0.00001		  0.00005
  0.00002		  0.00005
  0.00002		  0.00004
  0.00003		  0.00004
  0.00004		  0.00003
  0.00004		  0.00002
  0.00005		  0.00002
  0.00005		  0.00001
  0.00005		 -0.00000
  0.00005		 -0.00001
  0.00004		 -0.00002
  0.00004		 -0.00002
  0.00004		 -0.00003
  0.00003		 -0.00004
  0.00002		 -0.00004
  0.00001		 -0.00004
  0.00001		 -0.00005
 -0.00000		 -0.00005
 -0.00001		 -0.00004
 -0.00002		 -0.00004
 -0.00003		 -0.00004
 -0.00003		 -0.00003
 -0.00004		 -0.00003
 -0.00004		 -0.00002
 -0.00004		 -0.00001
 -0.00004		 -0.00000
 -0.00004		  0.00000
 -0.00004		  0.00001
 -0.00004		  0.00002
 -0.00004		  0.00003
 -0.00003		  0.00003
 -0.00002		  0.00004
 -0.00002		  0.00004
 -0.00001		  0.00004
 -0.00000		  0.00004
  0.00001		  0.00004
  0.00001		  0.00004
  0.00002		  0.00004
  0.00003		  0.00003
  0.00003		  0.00003
  0.00004		  0.00002
  0.00004		  0.00001
  0.00004		  0.00001
  0.00004		  0.00000
  0.00004		 -0.00001
  0.00004		 -0.00001
  0.00004		 -0.00002
  0.00003		 -0.00003
  0.00003		 -0.00003
  0.00002		 -0.00003
  0.00001		 -0.00004
  0.00001		 -0.00004
 -0.00000		 -0.00004
 -0.00001		 -0.00004
 -0.00001		 -0.00004
 -0.00002		 -0.00003
 -0.00003		 -0.00003
 -0.00003		 -0.00002
 -0.00003		 -0.00002
 -0.00004		 -0.00001
 -0.00004		 -0.00000
 -0.00004		  0.00000
 -0.00004		  0.00001
 -0.00003		  0.00002
 -0.00003		  0.00002
 -0.00003		  0.00003
 -0.00002		  0.00003
 -0.00002		  0.00003
 -0.00001		  0.00004
 -0.00000		  0.00004
  0.00000		  0.00004
  0.00001		  0.00003
  0.00002		  0.00003
  0.00002		  0.00003
  0.00003		  0.00002
  0.00003		  0.00002
  0.00003		  0.00001
  0.00003		  0.00001
  0.00004		  0.00000
  0.00003		 -0.00000
  0.00003		 -0.00001
  0.00003		 -0.00002
  0.00003		 -0.00002
  0.00002		 -0.00003
  0.00002		 -0.00003
  0.00001		 -0.00003
  0.00001		 -0.00003
  0.00000		 -0.00003
 -0.00001		 -0.00003
 -0.00001		 -0.00003
 -0.00002		 -0.00003
 -0.00002		 -0.00003
 -0.00003		 -0.00002
 -0.00003		 -0.00002
 -0.00003		 -0.00001
 -0.00003		 -0.00000
 -0.00003		  0.00000
 -0.00003		  0.00001
 -0.00003		  0.00001
 -0.00003		  0.00002
 -0.00002		  0.00002
 -0.00002		  0.00003
 -0.00001		  0.00003
 -0.00001		  0.00003
 -0.00000		  0.00003
  0.00000		  0.00003
  0.00001		  0.00003
  0.00001		  0.00003
  0.00002		  0.00003
  0.00002		  0.00002
  0.00003		  0.00002
  0.00003		  0.00001
  0.00003		  0.00001
  0.00003		  0.00000
  0.00003		 -0.00000
  0.00003		 -0.00001
  0.00003		 -0.00001
  0.00002		 -0.00002
  0.00002		 -0.00002
  0.00002		 -0.00002
  0.00001		 -0.00003
  0.00001		 -0.00003
  0.00000		 -0.00003
 -0.00000		 -0.00003
 -0.00001		 -0.00003
 -0.00001		 -0.00003
 -0.00002		 -0.00002
 -0.00002		 -0.00002
 -0.00002		 -0.00001
 -0.00003		 -0.00001
 -0.00003		 -0.00000
 -0.00003		  0.00000
 -0.00003		  0.00001
 -0.00003		  0.00001
 -0.00002		  0.00001
 -0.00002		  0.00002
 -0.00002		  0.00002
 -0.00001		  0.00002
 -0.00001		  0.00003
 -0.00000		  0.00003
  0.00000		  0.00003
  0.00001		  0.00003
  0.00001		  0.00002
  0.00001		  0.00002
  0.00002		  0.00002
  0.00002		  0.00002
  0.00002		  0.00001
  0.00003		  0.00001
  0.00003		  0.00000
  0.00003		 -0.00000
  0.00002		 -0.00001
  0.00002		 -0.00001
  0.00002		 -0.00001
  0.00002		 -0.00002
  0.00001		 -0.00002
  0.00001		 -0.00002
  0.00001		 -0.00002
  0.00000		 -0.00002
 -0.00000		 -0.00002
 -0.00001		 -0.00002
 -0.00001		 -0.00002
 -0.00001		 -0.00002
 -0.00002		 -0.00002
 -0.00002		 -0.00001
 -0.00002		 -0.00001
 -0.00002		 -0.00000
 -0.00002		 -0.00000
 -0.00002		  0.00000
 -0.00002		  0.00001
 -0.00002		  0.00001
 -0.00002		  0.00002
 -0.00002		  0.00002
 -0.00001		  0.00002
 -0.00001		  0.00002
 -0.00000		  0.00002
  0.00000		  0.00002
  0.00000		  0.00002
  0.00001		  0.00002
  0.00001		  0.00002
  0.00002		  0.00002
  0.00002		  0.00001
  0.00002		  0.00001
  0.00002		  0.00001
  0.00002		  0.00000
  0.00002		 -0.00000
  0.00002		 -0.00001
  0.00002		 -0.00001
  0.00002		 -0.00001
  0.00002		 -0.00002
  0.00001		 -0.00002
  0.00001		 -0.00002
  0.00001		 -0.00002
  0.00000		 -0.00002
 -0.00000		 -0.00002
 -0.00001		 -0.00002
 -0.00001		 -0.00002
 -0.00001		 -0.00002
 -0.00002		 -0.00001
 -0.00002		 -0.00001
 -0.00002		 -0.00001
 -0.00002		 -0.00000
 -0.00002		 -0.00000
 -0.00002		  0.00000
 -0.00002		  0.00001
 -0.00002		  0.00001
 -0.00002		  0.00001
 -0.00001		  0.00002
 -0.00001		  0.00002
 -0.00001		  0.00002
 -0.00000		  0.00002
 -0.00000		  0.00002
  0.00000		  0.00002
  0.00001		  0.00002
  0.00001		  0.00002
  0.00001		  0.00001
  0.00001		  0.00001
  0.00002		  0.00001
  0.00002		  0.00001
  0.00002		  0.00000
  0.00002		 -0.00000
  0.00002		 -0.00000
  0.00002		 -0.00001
  0.00002		 -0.00001
  0.00001		 -0.00001
  0.00001		 -0.00001
  0.00001		 -0.00002
  0.00001		 -0.00002
  0.00000		 -0.00002
 -0.00000		 -0.00002
 -0.00000		 -0.00002
 -0.00001		 -0.00002
 -0.00001		 -0.00001
 -0.00001		 -0.00001
 -0.00001		 -0.00001
 -0.00002		 -0.00001
 -0.00002		 -0.00000
 -0.00002		 -0.00000
 -0.00002		  0.00000
 -0.00002		  0.00000
 -0.00002		  0.00001
 -0.00001		  0.00001
 -0.00001		  0.00001
 -0.00001		  0.00001
 -0.00001		  0.00002
 -0.00000		  0.00002
 -0.00000		  0.00002
  0.00000		  0.00002
  0.00001		  0.00002
  0.00001		  0.00001
  0.00001		  0.00001
  0.00001		  0.00001
  0.00001		  0.00001
  0.00002		  0.00001
  0.00002		  0.00000
  0.00002		  0.00000
  0.00002		 -0.00000
  0.00002		 -0.00001
  0.00001		 -0.00001
  0.00001		 -0.00001
  0.00001		 -0.00001
  0.00001		 -0.00001
  0.00000		 -0.00001
  0.00000		 -0.00002
 -0.00000		 -0.00002
 -0.00000		 -0.00002
 -0.00001		 -0.00001
 -0.00001		 -0.00001
 -0.00001		 -0.00001
 -0.00001		 -0.00001
 -0.00001		 -0.00001
 -0.00001		 -0.00000
 -0.00002		 -0.00000
 -0.00001		  0.00000
 -0.00001		  0.00000
 -0.00001		  0.00001
 -0.00001		  0.00001
 -0.00001		  0.00001
 -0.00001		  0.00001
 -0.00001		  0.00001
 -0.00000		  0.00001
 -0.00000		  0.00001
  0.00000		  0.00001
  0.00000		  0.00001
  0.00001		  0.00001
  0.00001		  0.00001
  0.00001		  0.00001
  0.00001		  0.00001
  0.00001		  0.00001
  0.00001		  0.00000
  0.00001		  0.00000
  0.00001		 -0.00000
  0.00001		 -0.00000
  0.00001		 -0.00001
  0.00001		 -0.00001
  0.00001		 -0.00001
  0.00001		 -0.00001
  0.00000		 -0.00001
  0.00000		 -0.00001
 -0.00000		 -0.00001
 -0.00000		 -0.00001
 -0.00000		 -0.00001
 -0.00001		 -0.00001
 -0.00001		 -0.00001
 -0.00001		 -0.00001
 -0.00001		 -0.00001
 -0.00001		 -0.00000
 -0.00001		 -0.00000
 -0.00001		  0.00000
 -0.00001		  0.00000
 -0.00001		  0.00001
 -0.00001		  0.00001
 -0.00001		  0.00001
 -0.00001		  0.00001
 -0.00001		  0.00001
 -0.00000		  0.00001
 -0.00000		  0.00001
  0.00000		  0.00001
  0.00000		  0.00001
  0.00001		  0.00001
  0.00001		  0.00001
  0.00001		  0.00001
  0.00001		  0.00001
  0.00001		  0.00000
  0.00001		  0.00000
  0.00001		  0.00000
  0.00001		 -0.00000
  0.00001		 -0.00000
  0.00001		 -0.00001
  0.00001		 -0.00001
  0.00001		 -0.00001
  0.00001		 -0.00001
  0.00000		 -0.00001
  0.00000		 -0.00001
  0.00000		 -0.00001
 -0.00000		 -0.00001
 -0.00000		 -0.00001
 -0.00001		 -0.00001
 -0.00001		 -0.00001
 -0.00001		 -0.00001
 -0.00001		 -0.00001
 -0.00001		 -0.00000
 -0.00001		 -0.00000
 -0.00001		  0.00000
 -0.00001		  0.00000
 -0.00001		  0.00000
 -0.00001		  0.00001
 -0.00001		  0.00001
 -0.00001		  0.00001
 -0.00000		  0.00001
 -0.00000		  0.00001
 -0.00000		  0.00001
  0.00000		  0.00001
  0.00000		  0.00001
  0.00000		  0.00001
  0.00001		  0.00001
  0.00001		  0.00001
  0.00001		  0.00001
  0.00001		  0.00000
  0.00001		  0.00000
  0.00001		  0.00000
  0.00001		 -0.00000
  0.00001		 -0.00000
  0.00001		 -0.00000
  0.00001		 -0.00001
  0.00001		 -0.00001
  0.00001		 -0.00001
  0.00000		 -0.00001
  0.00000		 -0.00001
  0.00000		 -0.00001
 -0.00000		 -0.00001
 -0.00000		 -0.00001
 -0.00000		 -0.00001
 -0.00001		 -0.00001
 -0.00001		 -0.00001
 -0.00001		 -0.00000
 -0.00001		 -0.00000
 -0.00001		 -0.00000
 -0.00001		 -0.00000
 -0.00001		  0.00000
 -0.00001		  0.00000
 -0.00001		  0.00000
 -0.00001		  0.00001
 -0.00001		  0.00001
 -0.00000		  0.00001
 -0.00000		  0.00001
 -0.00000		  0.00001
  0.00000		  0.00001
  0.00000		  0.00001
  0.00000		  0.00001
  0.00000		  0.00001
  0.00001		  0.00001
  0.00001		  0.00001
  0.00001		  0.00000
  0.00001		  0.00000
  0.00001		  0.00000
  0.00001		 -0.00000
  0.00001		 -0.00000
  0.00001		 -0.00000
  0.00001		 -0.00000
  0.00001		 -0.00001
  0.00000		 -0.00001
  0.00000		 -0.00001
  0.00000		 -0.00001
  0.00000		 -0.00001
 -0.00000		 -0.00001
 -0.00000		 -0.00001
 -0.00000		 -0.00001
 -0.00000		 -0.00001
 -0.00001		 -0.00001
 -0.00001		 -0.00000
 -0.00001		 -0.00000
 -0.00001		 -0.00000
 -0.00001		 -0.00000
 -0.00001		  0.00000
 -0.00001		  0.00000
 -0.00001		  0.00000
 -0.00001		  0.00000
 -0.00001		  0.00001
 -0.00000		  0.00001
 -0.00000		  0.00001
 -0.00000		  0.00001
  0.00000		  0.00001
  0.00000		  0.00001
  0.00000		  0.00001
  0.00000		  0.00001
  0.00001		  0.00001
  0.00001		  0.00000
  0.00001		  0.00000
  0.00001		  0.00000
  0.00001		  0.00000
  0.00001		 -0.00000
  0.00001		 -0.00000
  0.00001		 -0.00000
  0.00001		 -0.00000
  0.00001		 -0.00001
  0.00000		 -0.00001
  0.00000		 -0.00001
  0.00000		 -0.00001
  0.00000		 -0.00001
 -0.00000		 -0.00001
 -0.00000		 -0.00001
 -0.00000		 -0.00001
 -0.00000		 -0.00001
 -0.00001		 -0.00000
 -0.00001		 -0.00000
 -0.00001		 -0.00000
 -0.00001		 -0.00000
 -0.00001		 -0.00000
 -0.00001		  0.00000
 -0.00001		  0.00000
 -0.00001		  0.00000
 -0.00001		  0.00000
 -0.00000		  0.00001
 -0.00000		  0.00001
 -0.00000		  0.00001
 -0.00000		  0.00001
 -0.00000		  0.00001
  0.00000		  0.00001
  0.00000		  0.00001
  0.00000		  0.00001
  0.00000		  0.00001
  0.00000		  0.00000
  0.00001		  0.00000
  0.00001		  0.00000
  0.00001		  0.00000
  0.00001		 -0.00000
  0.00001		 -0.00000
  0.00001		 -0.00000
  0.00001		 -0.00000
  0.00000		 -0.00000
  0.00000		 -0.00000
  0.00000		 -0.00001
  0.00000		 -0.00001
  0.00000		 -0.00001
 -0.00000		 -0.00001
 -0.00000		 -0.00001
 -0.00000		 -0.00001
 -0.00000		 -0.00001
 -0.00000		 -0.00000
 -0.00000		 -0.00000
 -0.00001		 -0.00000
 -0.00001		 -0.00000
 -0.00001		 -0.00000
 -0.00001		  0.00000
 -0.00001		  0.00000
 -0.00001		  0.00000
 -0.00000		  0.00000
 -0.00000		  0.00000
 -0.00000		  0.00000
 -0.00000		  0.00001
 -0.00000		  0.00001
 -0.00000		  0.00001
  0.00000		  0.00001
  0.00000		  0.00001
  0.00000		  0.00001
  0.00000		  0.00000
  0.00000		  0.00000
  0.00000		  0.00000
  0.00001		  0.00000
  0.00001		  0.00000
  0.00001		  0.00000
  0.00001		 -0.00000
  0.00001		 -0.00000
  0.00000		 -0.00000
  0.00000		 -0.00000
  0.00000		 -0.00000
  0.00000		 -0.00000
  0.00000		 -0.00001
  0.00000		 -0.00001
 -0.00000		 -0.00001
 -0.00000		 -0.00001
 -0.00000		 -0.00000
 -0.00000		 -0.00000
 -0.00000		 -0.00000
 -0.00000		 -0.00000
 -0.00000		 -0.00000
 -0.00000		 -0.00000
 -0.00001		 -0.00000
 -0.00001		  0.00000
 -0.00000		  0.00000
 -0.00000		  0.00000
 -0.00000		  0.00000
 -0.00000		  0.00000
 -0.00000		  0.00000
 -0.00000		  0.00000
 -0.00000		  0.00000
 -0.00000		  0.00000
  0.00000		  0.00000
  0.00000		  0.00000
  0.00000		  0.00000
  0.00000		  0.00000
  0.00000		  0.00000
  0.00000		  0.00000
  0.00000		  0.00000
  0.00000		  0.00000
  0.00000		  0.00000
  0.00000		 -0.00000
  0.00000		 -0.00000
  0.00000		 -0.00000
  0.00000		 -0.00000
  0.00000		 -0.00000
  0.00000		 -0.00000
  0.00000		 -0.00000
  0.00000		 -0.00000
  0.00000		 -0.00000
 -0.00000		 -0.00000
 -0.00000		 -0.00000
 -0.00000		 -0.00000
 -0.00000		 -0.00000
 -0.00000		 -0.00000
 -0.00000		 -0.00000
 -0.00000		 -0.00000
 -0.00000		 -0.00000
 -0.00000		  0.00000
 -0.00000		  0.00000
 -0.00000		  0.00000
 -0.00000		  0.00000
 -0.00000		  0.00000
 -0.00000		  0.00000
 -0.00000		  0.00000
 -0.00000		  0.00000
 -0.00000		  0.00000
  0.00000		  0.00000
  0.00000		  0.00000
  0.00000		  0.00000
  0.00000		  0.00000
  0.00000		  0.00000
  0.00000		  0.00000
  0.00000		  0.00000
  0.00000		  0.00000
  0.00000		  0.00000
  0.00000		 -0.00000
  0.00000		 -0.00000
  0.00000		 -0.00000
  0.00000		 -0.00000
  0.00000		 -0.00000
  0.00000		 -0.00000
  0.00000		 -0.00000
  0.00000		 -0.00000
  0.00000		 -0.00000
 -0.00000		 -0.00000
 -0.00000		 -0.00000
 -0.00000		 -0.00000
 -0.00000		 -0.00000
 -0.00000		 -0.00000
 -0.00000		 -0.00000
 -0.00000		 -0.00000
 -0.00000		 -0.00000
 -0.00000		  0.00000
 -0.00000		  0.00000
 -0.00000		  0.00000
 -0.00000		  0.00000
 -0.00000		  0.00000
 -0.00000		  0.00000
 -0.00000		  0.00000
 -0.00000		  0.00000
 -0.00000		  0.00000
  0.00000		  0.00000
  0.00000		  0.00000
  0.00000		  0.00000
  0.00000		  0.00000
  0.00000		  0.00000
  0.00000		  0.00000
  0.00000		  0.00000
  0.00000		  0.00000
  0.00000		  0.00000
  0.00000		 -0.00000
  0.00000		 -0.00000
  0.00000		 -0.00000
  0.00000		 -0.00000
  0.00000		 -0.00000
  0.00000		 -0.00000
  0.00000		 -0.00000
  0.00000		 -0.00000
  0.00000		 -0.00000
 -0.00000		 -0.00000
 -0.00000		 -0.00000
 -0.00000		 -0.00000
 -0.00000		 -0.00000
 -0.00000		 -0.00000
 -0.00000		 -0.00000
 -0.00000		 -0.00000
 -0.00000		 -0.00000
 -0.00000		 -0.00000
 -0.00000		  0.00000
 -0.00000		  0.00000
 -0.00000		  0.00000
 -0.00000		  0.00000
 -0.00000		  0.00000
 -0.00000		  0.00000
 -0.00000		  0.00000
 -0.00000		  0.00000
  0.00000		  0.00000
  0.00000		  0.00000
  0.00000		  0.00000
  0.00000		  0.00000
  0.00000		  0.00000
  0.00000		  0.00000
  0.00000		  0.00000
  0.00000		  0.00000
  0.00000		  0.00000
  0.00000		 -0.00000
  0.00000		 -0.00000
  0.00000		 -0.00000
  0.00000		 -0.00000
  0.00000		 -0.00000
  0.00000		 -0.00000
  0.00000		 -0.00000
  0.00000		 -0.00000
  0.00000		 -0.00000
 -0.00000		 -0.00000
 -0.00000		 -0.00000
 -0.00000		 -0.00000
 -0.00000		 -0.00000
 -0.00000		 -0.00000
 -0.00000		 -0.00000
 -0.00000		 -0.00000
 -0.00000		 -0.00000
 -0.00000		 -0.00000
 -0.00000		  0.00000
 -0.00000		  0.00000
 -0.00000		  0.00000
 -0.00000		  0.00000
 -0.00000		  0.00000
 -0.00000		  0.00000
 -0.00000		  0.00000
 -0.00000		  0.00000
 -0.00000		  0.00000
  0.00000		  0.00000
  0.00000		  0.00000
  0.00000		  0.00000
  0.00000		  0.00000
  0.00000		  0.00000
  0.00000		  0.00000
  0.00000		  0.00000
  0.00000		  0.00000
  0.00000		 -0.00000
  0.00000		 -0.00000
  0.00000		 -0.00000
  0.00000		 -0.00000
  0.00000		 -0.00000
  0.00000		 -0.00000
  0.00000		 -0.00000
  0.00000		 -0.00000
  0.00000		 -0.00000
 -0.00000		 -0.00000
 -0.00000		 -0.00000
 -0.00000		 -0.00000
 -0.00000		 -0.00000
 -0.00000		 -0.00000
 -0.00000		 -0.00000
 -0.00000		 -0.00000
 -0.00000		 -0.00000
 -0.00000		 -0.00000
 -0.00000		  0.00000
 -0.00000		  0.00000
 -0.00000		  0.00000
 -0.00000		  0.00000
 -0.00000		  0.00000
 -0.00000		  0.00000
 -0.00000		  0.00000
 -0.00000		  0.00000
 -0.00000		  0.00000
  0.00000		  0.00000
  0.00000		  0.00000
  0.00000		  0.00000
  0.00000		  0.00000
  0.00000		  0.00000
  0.00000		  0.00000
  0.00000		  0.00000
  0.00000		  0.00000
  0.00000		  0.00000
  0.00000		 -0.00000
  0.00000		 -0.00000
  0.00000		 -0.00000
  0.00000		 -0.00000
  0.00000		 -0.00000
  0.00000		 -0.00000
  0.00000		 -0.00000
  0.00000		 -0.00000
 -0.00000		 -0.00000
 -0.00000		 -0.00000
 -0.00000		 -0.00000
 -0.00000		 -0.00000
 -0.00000		 -0.00000
 -0.00000		 -0.00000
 -0.00000		 -0.00000
 -0.00000		 -0.00000
 -0.00000		 -0.00000
 -0.00000		  0.00000
 -0.00000		  0.00000
 -0.00000		  0.00000
 -0.00000		  0.00000
 -0.00000		  0.00000
 -0.00000		  0.00000
 -0.00000		  0.00000
 -0.00000		  0.00000
 -0.00000		  0.00000
  0.00000		  0.00000
  0.00000		  0.00000
  0.00000		  0.00000
  0.00000		  0.00000
  0.00000		  0.00000
  0.00000		  0.00000
  0.00000		  0.00000
  0.00000		  0.00000
  0.00000		  0.00000
  0.00000		 -0.00000
  0.00000		 -0.00000
  0.00000		 -0.00000
  0.00000		 -0.00000
  0.00000		 -0.00000
  0.00000		 -0.00000
  0.00000		 -0.00000
  0.00000		 -0.00000
 -0.00000		 -0.00000
 -0.00000		 -0.00000
 -0.00000		 -0.00000
 -0.00000		 -0.00000
 -0.00000		 -0.00000
 -0.00000		 -0.00000
 -0.00000		 -0.00000
 -0.00000		 -0.00000
 -0.00000		 -0.00000
 -0.00000		  0.00000
 -0.00000		  0.00000
 -0.00000		  0.00000
 -0.00000		  0.00000
 -0.00000		  0.00000
 -0.00000		  0.00000
 -0.00000		  0.00000
 -0.00000		  0.00000
 -0.00000		  0.00000
  0.00000		  0.00000
  0.00000		  0.00000
  0.00000		  0.00000
  0.00000		  0.00000
  0.00000		  0.00000
  0.00000		  0.00000
  0.00000		  0.00000
  0.00000		  0.00000
  0.00000		  0.00000
  0.00000		 -0.00000
  0.00000		 -0.00000
  0.00000		 -0.00000
  0.00000		 -0.00000
  0.00000		 -0.00000
  0.00000		 -0.00000
  0.00000		 -0.00000
  0.00000		 -0.00000
  0.00000		 -0.00000
 -0.00000		 -0.00000
 -0.00000		 -0.00000
 -0.00000		 -0.00000
 -0.00000		 -0.00000
 -0.00000		 -0.00000
 -0.00000		 -0.00000
 -0.00000		 -0.00000
 -0.00000		 -0.00000
 -0.00000		  0.00000
 -0.00000		  0.00000
 -0.00000		  0.00000
 -0.00000		  0.00000
 -0.00000		  0.00000
 -0.00000		  0.00000
 -0.00000		  0.00000
 -0.00000		  0.00000
 -0.00000		  0.00000
  0.00000		  0.00000
  0.00000		  0.00000
  0.00000		  0.00000
  0.00000		  0.00000
  0.00000		  0.00000
  0.00000		  0.00000
  0.00000		  0.00000
  0.00000		  0.00000
  0.00000		  0.00000
  0.00000		 -0.00000
  0.00000		 -0.00000
  0.00000		 -0.00000
  0.00000		 -0.00000
  0.00000		 -0.00000
  0.00000		 -0.00000
  0.00000		 -0.00000
  0.00000		 -0.00000
  0.00000		 -0.00000
 -0.00000		 -0.00000
 -0.00000		 -0.00000
 -0.00000		 -0.00000
 -0.00000		 -0.00000
 -0.00000		 -0.00000
 -0.00000		 -0.00000
 -0.00000		 -0.00000
 -0.00000		 -0.00000
 -0.00000		 -0.00000
 -0.00000		  0.00000
 -0.00000		  0.00000
 -0.00000		  0.00000
 -0.00000		  0.00000
 -0.00000		  0.00000
 -0.00000		  0.00000
 -0.00000		  0.00000
 -0.00000		  0.00000
  0.00000		  0.00000
  0.00000		  0.00000
  0.00000		  0.00000
  0.00000		  0.00000
  0.00000		  0.00000
  0.00000		  0.00000
  0.00000		  0.00000
  0.00000		  0.00000
  0.00000		  0.00000
  0.00000		 -0.00000
  0.00000		 -0.00000
  0.00000		 -0.00000
  0.00000		 -0.00000
  0.00000		 -0.00000
  0.00000		 -0.00000
  0.00000		 -0.00000
  0.00000		 -0.00000
  0.00000		 -0.00000
 -0.00000		 -0.00000
 -0.00000		 -0.00000
 -0.00000		 -0.00000
 -0.00000		 -0.00000
 -0.00000		 -0.00000
 -0.00000		 -0.00000
 -0.00000		 -0.00000
 -0.00000		 -0.00000
 -0.00000		 -0.00000
 -0.00000		  0.00000
 -0.00000		  0.00000
 -0.00000		  0.00000
 -0.00000		  0.00000
 -0.00000		  0.00000
 -0.00000		  0.00000
 -0.00000		  0.00000
 -0.00000		  0.00000
 -0.00000		  0.00000
  0.00000		  0.00000
  0.00000		  0.00000
  0.00000		  0.00000
  0.00000		  0.00000
  0.00000		  0.00000
  0.00000		  0.00000
  0.00000		  0.00000
  0.00000		  0.00000
  0.00000		 -0.00000
  0.00000		 -0.00000
  0.00000		 -0.00000
  0.00000		 -0.00000
  0.00000		 -0.00000
  0.00000		 -0.00000
  0.00000		 -0.00000
  0.00000		 -0.00000
  0.00000		 -0.00000
 -0.00000		 -0.00000
 -0.00000		 -0.00000
 -0.00000		 -0.00000
 -0.00000		 -0.00000
 -0.00000		 -0.00000
 -0.00000		 -0.00000
 -0.00000		 -0.00000
 -0.00000		 -0.00000
 -0.00000		 -0.00000
 -0.00000		  0.00000
 -0.00000		  0.00000
 -0.00000		  0.00000
 -0.00000		  0.00000
 -0.00000		  0.00000
 -0.00000		  0.00000
 -0.00000		  0.00000
 -0.00000		  0.00000
 -0.00000		  0.00000
  0.00000		  0.00000
  0.00000		  0.00000
  0.00000		  0.00000
  0.00000		  0.00000
  0.00000		  0.00000
  0.00000		  0.00000
  0.00000		  0.00000
  0.00000		  0.00000
  0.00000		 -0.00000
  0.00000		 -0.00000
  0.00000		 -0.00000
  0.00000		 -0.00000
  0.00000		 -0.00000
  0.00000		 -0.00000
  0.00000		 -0.00000
  0.00000		 -0.00000
  0.00000		 -0.00000
 -0.00000		 -0.00000
 -0.00000		 -0.00000
 -0.00000		 -0.00000
 -0.00000		 -0.00000
 -0.00000		 -0.00000
 -0.00000		 -0.00000
 -0.00000		 -0.00000
 -0.00000		 -0.00000
 -0.00000		 -0.00000
 -0.00000		  0.00000
 -0.00000		  0.00000
 -0.00000		  0.00000
 -0.00000		  0.00000
 -0.00000		  0.00000
 -0.00000		  0.00000
 -0.00000		  0.00000
 -0.00000		  0.00000
 -0.00000		  0.00000
  0.00000		  0.00000
  0.00000		  0.00000
  0.00000		  0.00000
  0.00000		  0.00000
  0.00000		  0.00000
  0.00000		  0.00000
  0.00000		  0.00000
  0.00000		  0.00000
  0.00000		  0.00000
  0.00000		 -0.00000
  0.00000		 -0.00000
  0.00000		 -0.00000
  0.00000		 -0.00000
  0.00000		 -0.00000
  0.00000		 -0.00000
  0.00000		 -0.00000
  0.00000		 -0.00000
 -0.00000		 -0.00000
 -0.00000		 -0.00000
 -0.00000		 -0.00000
 -0.00000		 -0.00000
 -0.00000		 -0.00000
 -0.00000		 -0.00000
 -0.00000		 -0.00000
 -0.00000		 -0.00000
 -0.00000		 -0.00000
 -0.00000		  0.00000
 -0.00000		  0.00000
 -0.00000		  0.00000
 -0.00000		  0.00000
 -0.00000		  0.00000
 -0.00000		  0.00000
 -0.00000		  0.00000
 -0.00000		  0.00000
 -0.00000		  0.00000
  0.00000		  0.00000
  0.00000		  0.00000
  0.00000		  0.00000
  0.00000		  0.00000
  0.00000		  0.00000
  0.00000		  0.00000
  0.00000		  0.00000
  0.00000		  0.00000
  0.00000		  0.00000
  0.00000		 -0.00000
  0.00000		 -0.00000
  0.00000		 -0.00000
  0.00000		 -0.00000
  0.00000		 -0.00000
  0.00000		 -0.00000
  0.00000		 -0.00000
  0.00000		 -0.00000
  0.00000		 -0.00000
 -0.00000		 -0.00000
 -0.00000		 -0.00000
 -0.00000		 -0.00000
 -0.00000		 -0.00000
 -0.00000		 -0.00000
 -0.00000		 -0.00000
 -0.00000		 -0.00000
 -0.00000		 -0.00000
 -0.00000		  0.00000
 -0.00000		  0.00000
 -0.00000		  0.00000
 -0.00000		  0.00000
 -0.00000		  0.00000
 -0.00000		  0.00000
 -0.00000		  0.00000
 -0.00000		  0.00000
 -0.00000		  0.00000
  0.00000		  0.00000
  0.00000		  0.00000
  0.00000		  0.00000
  0.00000		  0.00000
  0.00000		  0.00000
  0.00000		  0.00000
  0.00000		  0.00000
  0.00000		  0.00000
  0.00000		  0.00000
  0.00000		 -0.00000
  0.00000		 -0.00000
  0.00000		 -0.00000
  0.00000		 -0.00000
  0.00000		 -0.00000
  0.00000		 -0.00000
  0.00000		 -0.00000
  0.00000		 -0.00000
  0.00000		 -0.00000
 -0.00000		 -0.00000
 -0.00000		 -0.00000
 -0.00000		 -0.00000
 -0.00000		 -0.00000
 -0.00000		 -0.00000
 -0.00000		 -0.00000
 -0.00000		 -0.00000
 -0.00000		 -0.00000
 -0.00000		 -0.00000
 -0.00000		  0.00000
 -0.00000		  0.00000
 -0.00000		  0.00000
 -0.00000		  0.00000
 -0.00000		  0.00000
 -0.00000		  0.00000
 -0.00000		  0.00000
 -0.00000		  0.00000
  0.00000		  0.00000
  0.00000		  0.00000
  0.00000		  0.00000
  0.00000		  0.00000
  0.00000		  0.00000
  0.00000		  0.00000
  0.00000		  0.00000
  0.00000		  0.00000
  0.00000		  0.00000
  0.00000		 -0.00000
  0.00000		 -0.00000
  0.00000		 -0.00000
  0.00000		 -0.00000
  0.00000		 -0.00000
  0.00000		 -0.00000
  0.00000		 -0.00000
  0.00000		 -0.00000
  0.00000		 -0.00000
 -0.00000		 -0.00000
 -0.00000		 -0.00000
 -0.00000		 -0.00000
 -0.00000		 -0.00000
 -0.00000		 -0.00000
 -0.00000		 -0.00000
 -0.00000		 -0.00000
 -0.00000		 -0.00000
 -0.00000		 -0.00000
 -0.00000		  0.00000
 -0.00000		  0.00000
 -0.00000		  0.00000
 -0.00000		  0.00000
 -0.00000		  0.00000
 -0.00000		  0.00000
 -0.00000		  0.00000
 -0.00000		  0.00000
  0.00000		  0.00000
  0.00000		  0.00000
  0.00000		  0.00000
  0.00000		  0.00000
  0.00000		  0.00000
  0.00000		  0.00000
  0.00000		  0.00000
  0.00000		  0.00000
  0.00000		  0.00000
  0.00000		 -0.00000
  0.00000		 -0.00000
  0.00000		 -0.00000
  0.00000		 -0.00000
  0.00000		 -0.00000
  0.00000		 -0.00000
  0.00000		 -0.00000
  0.00000		 -0.00000
  0.00000		 -0.00000
 -0.00000		 -0.00000
 -0.00000		 -0.00000
 -0.00000		 -0.00000
 -0.00000		 -0.00000
 -0.00000		 -0.00000
 -0.00000		 -0.00000
 -0.00000		 -0.00000
 -0.00000		 -0.00000
 -0.00000		 -0.00000
 -0.00000		  0.00000
 -0.00000		  0.00000
 -0.00000		  0.00000
 -0.00000		  0.00000
 -0.00000		  0.00000
 -0.00000		  0.00000
 -0.00000		  0.00000
 -0.00000		  0.00000
 -0.00000		  0.00000
  0.00000		  0.00000
  0.00000		  0.00000
  0.00000		  0.00000
  0.00000		  0.00000
  0.00000		  0.00000
  0.00000		  0.00000
  0.00000		  0.00000
  0.00000		  0.00000
  0.00000		 -0.00000
  0.00000		 -0.00000
  0.00000		 -0.00000
  0.00000		 -0.00000
  0.00000		 -0.00000
  0.00000		 -0.00000
  0.00000		 -0.00000
  0.00000		 -0.00000
  0.00000		 -0.00000
 -0.00000		 -0.00000
 -0.00000		 -0.00000
 -0.00000		 -0.00000
 -0.00000		 -0.00000
 -0.00000		 -0.00000
 -0.00000		 -0.00000
 -0.00000		 -0.00000
 -0.00000		 -0.00000
 -0.00000		 -0.00000
 -0.00000		  0.00000
 -0.00000		  0.00000
 -0.00000		  0.00000
 -0.00000		  0.00000
 -0.00000		  0.00000
 -0.00000		  0.00000
 -0.00000		  0.00000
 -0.00000		  0.00000
 -0.00000		  0.00000
  0.00000		  0.00000
  0.00000		  0.00000
  0.00000		  0.00000
  0.00000		  0.00000
  0.00000		  0.00000
  0.00000		  0.00000
  0.00000		  0.00000
  0.00000		  0.00000
  0.00000		  0.00000
  0.00000		 -0.00000
  0.00000		 -0.00000
  0.00000		 -0.00000
  0.00000		 -0.00000
  0.00000		 -0.00000
  0.00000		 -0.00000
  0.00000		 -0.00000
  0.00000		 -0.00000
 -0.00000		 -0.00000
 -0.00000		 -0.00000
 -0.00000		 -0.00000
 -0.00000		 -0.00000
 -0.00000		 -0.00000
 -0.00000		 -0.00000
 -0.00000		 -0.00000
 -0.00000		 -0.00000
 -0.00000		 -0.00000
 -0.00000		  0.00000
 -0.00000		  0.00000
 -0.00000		  0.00000
 -0.00000		  0.00000
 -0.00000		  0.00000
 -0.00000		  0.00000
 -0.00000		  0.00000
 -0.00000		  0.00000
 -0.00000		  0.00000
  0.00000		  0.00000
  0.00000		  0.00000
  0.00000		  0.00000
  0.00000		  0.00000
  0.00000		  0.00000
  0.00000		  0.00000
  0.00000		  0.00000
  0.00000		  0.00000
  0.00000		  0.00000
  0.00000		 -0.00000
  0.00000		 -0.00000
  0.00000		 -0.00000
  0.00000		 -0.00000
  0.00000		 -0.00000
  0.00000		 -0.00000
  0.00000		 -0.00000
  0.00000		 -0.00000
  0.00000		 -0.00000
 -0.00000		 -0.00000
 -0.00000		 -0.00000
 -0.00000		 -0.00000
 -0.00000		 -0.00000
 -0.00000		 -0.00000
 -0.00000		 -0.00000
 -0.00000		 -0.00000
 -0.00000		 -0.00000
 -0.00000		  0.00000
 -0.00000		  0.00000
 -0.00000		  0.00000
 -0.00000		  0.00000
 -0.00000		  0.00000
 -0.00000		  0.00000
 -0.00000		  0.00000
 -0.00000		  0.00000
 -0.00000		  0.00000
  0.00000		  0.00000
  0.00000		  0.00000
  0.00000		  0.00000
  0.00000		  0.00000
  0.00000		  0.00000
  0.00000		  0.00000
  0.00000		  0.00000
  0.00000		  0.00000
  0.00000		  0.00000
  0.00000		 -0.00000
  0.00000		 -0.00000
  0.00000		 -0.00000
  0.00000		 -0.00000
  0.00000		 -0.00000
  0.00000		 -0.00000
  0.00000		 -0.00000
  0.00000		 -0.00000
  0.00000		 -0.00000
 -0.00000		 -0.00000
 -0.00000		 -0.00000
 -0.00000		 -0.00000
 -0.00000		 -0.00000
 -0.00000		 -0.00000
 -0.00000		 -0.00000
 -0.00000		 -0.00000
 -0.00000		 -0.00000
 -0.00000		  0.00000
 -0.00000		  0.00000
 -0.00000		  0.00000
 -0.00000		  0.00000
 -0.00000		  0.00000
 -0.00000		  0.00000
 -0.00000		  0.00000
 -0.00000		  0.00000
 -0.00000		  0.00000
  0.00000		  0.00000
  0.00000		  0.00000
  0.00000		  0.00000
  0.00000		  0.00000
  0.00000		  0.00000
  0.00000		  0.00000
  0.00000		  0.00000
  0.00000		  0.00000
  0.00000		  0.00000
  0.00000		 -0.00000
  0.00000		 -0.00000
  0.00000		 -0.00000
  0.00000		 -0.00000
  0.00000		 -0.00000
  0.00000		 -0.00000
  0.00000		 -0.00000
  0.00000		 -0.00000
  0.00000		 -0.00000
 -0.00000		 -0.00000
 -0.00000		 -0.00000
 -0.00000		 -0.00000
 -0.00000		 -0.00000
 -0.00000		 -0.00000
 -0.00000		 -0.00000
 -0.00000		 -0.00000
 -0.00000		 -0.00000
 -0.00000		 -0.00000
 -0.00000		  0.00000
 -0.00000		  0.00000
 -0.00000		  0.00000
 -0.00000		  0.00000
 -0.00000		  0.00000
 -0.00000		  0.00000
 -0.00000		  0.00000
 -0.00000		  0.00000
  0.00000		  0.00000
  0.00000		  0.00000
  0.00000		  0.00000
  0.00000		  0.00000
  0.00000		  0.00000
  0.00000		  0.00000
  0.00000		  0.00000
  0.00000		  0.00000
  0.00000		  0.00000
  0.00000		 -0.00000
  0.00000		 -0.00000
  0.00000		 -0.00000
  0.00000		 -0.00000
  0.00000		 -0.00000
  0.00000		 -0.00000
  0.00000		 -0.00000
  0.00000		 -0.00000
  0.00000		 -0.00000
 -0.00000		 -0.00000
 -0.00000		 -0.00000
 -0.00000		 -0.00000
 -0.00000		 -0.00000
 -0.00000		 -0.00000
 -0.00000		 -0.00000
 -0.00000		 -0.00000
 -0.00000		 -0.00000
 -0.00000		 -0.00000
 -0.00000		  0.00000
 -0.00000		  0.00000
 -0.00000		  0.00000
 -0.00000		  0.00000
 -0.00000		  0.00000
 -0.00000		  0.00000
 -0.00000		  0.00000
 -0.00000		  0.00000
 -0.00000		  0.00000
  0.00000		  0.00000
  0.00000		  0.00000
  0.00000		  0.00000
  0.00000		  0.00000
  0.00000		  0.00000
  0.00000		  0.00000
  0.00000		  0.00000
  0.00000		  0.00000
  0.00000		 -0.00000
  0.00000		 -0.00000
  0.00000		 -0.00000
  0.00000		 -0.00000
  0.00000		 -0.00000
  0.00000		 -0.00000
  0.00000		 -0.00000
  0.00000		 -0.00000
  0.00000		 -0.00000
 -0.00000		 -0.00000
 -0.00000		 -0.00000
 -0.00000		 -0.00000
 -0.00000		 -0.00000
 -0.00000		 -0.00000
 -0.00000		 -0.00000
 -0.00000		 -0.00000
 -0.00000		 -0.00000
 -0.00000		 -0.00000
 -0.00000		  0.00000
 -0.00000		  0.00000
 -0.00000		  0.00000
 -0.00000		  0.00000
 -0.00000		  0.00000
 -0.00000		  0.00000
 -0.00000		  0.00000
 -0.00000		  0.00000
 -0.00000		  0.00000
  0.00000		  0.00000
  0.00000		  0.00000
  0.00000		  0.00000
  0.00000		  0.00000
  0.00000		  0.00000
  0.00000		  0.00000
  0.00000		  0.00000
  0.00000		  0.00000
  0.00000		  0.00000
  0.00000		 -0.00000
  0.00000		 -0.00000
  0.00000		 -0.00000
  0.00000		 -0.00000
  0.00000		 -0.00000
  0.00000		 -0.00000
  0.00000		 -0.00000
  0.00000		 -0.00000
 -0.00000		 -0.00000
 -0.00000		 -0.00000
 -0.00000		 -0.00000
 -0.00000		 -0.00000
 -0.00000		 -0.00000
 -0.00000		 -0.00000
 -0.00000		 -0.00000
 -0.00000		 -0.00000
 -0.00000		 -0.00000
 -0.00000		  0.00000
 -0.00000		  0.00000
 -0.00000		  0.00000
 -0.00000		  0.00000
 -0.00000		  0.00000
 -0.00000		  0.00000
 -0.00000		  0.00000
 -0.00000		  0.00000
 -0.00000		  0.00000
  0.00000		  0.00000
  0.00000		  0.00000
  0.00000		  0.00000
  0.00000		  0.00000
  0.00000		  0.00000
  0.00000		  0.00000
  0.00000		  0.00000
  0.00000		  0.00000
  0.00000		  0.00000
  0.00000		 -0.00000
  0.00000		 -0.00000
  0.00000		 -0.00000
  0.00000		 -0.00000
  0.00000		 -0.00000
  0.00000		 -0.00000
  0.00000		 -0.00000
  0.00000		 -0.00000
 -0.00000		 -0.00000
 -0.00000		 -0.00000
 -0.00000		 -0.00000
 -0.00000		 -0.00000
 -0.00000		 -0.00000
 -0.00000		 -0.00000
 -0.00000		 -0.00000
 -0.00000		 -0.00000
 -0.00000		 -0.00000
 -0.00000		  0.00000
 -0.00000		  0.00000
 -0.00000		  0.00000
 -0.00000		  0.00000
 -0.00000		  0.00000
 -0.00000		  0.00000
 -0.00000		  0.00000
 -0.00000		  0.00000
 -0.00000		  0.00000
  0.00000		  0.00000
  0.00000		  0.00000
  0.00000		  0.00000
  0.00000		  0.00000
  0.00000		  0.00000
  0.00000		  0.00000
  0.00000		  0.00000
  0.00000		  0.00000
  0.00000		  0.00000
  0.00000		 -0.00000
  0.00000		 -0.00000
  0.00000		 -0.00000
  0.00000		 -0.00000
  0.00000		 -0.00000
  0.00000		 -0.00000
  0.00000		 -0.00000
  0.00000		 -0.00000
  0.00000		 -0.00000
 -0.00000		 -0.00000
 -0.00000		 -0.00000
 -0.00000		 -0.00000
 -0.00000		 -0.00000
 -0.00000		 -0.00000
 -0.00000		 -0.00000
 -0.00000		 -0.00000
 -0.00000		 -0.00000
 -0.00000		  0.00000
 -0.00000		  0.00000
 -0.00000		  0.00000
 -0.00000		  0.00000
 -0.00000		  0.00000
 -0.00000		  0.00000
 -0.00000		  0.00000
 -0.00000		  0.00000
 -0.00000		  0.00000
  0.00000		  0.00000
  0.00000		  0.00000
  0.00000		  0.00000
  0.00000		  0.00000
  0.00000		  0.00000
  0.00000		  0.00000
  0.00000		  0.00000
  0.00000		  0.00000
  0.00000		  0.00000
  0.00000		 -0.00000
  0.00000		 -0.00000
  0.00000		 -0.00000
  0.00000		 -0.00000
  0.00000		 -0.00000
  0.00000		 -0.00000
  0.00000		 -0.00000
  0.00000		 -0.00000
  0.00000		 -0.00000
 -0.00000		 -0.00000
 -0.00000		 -0.00000
 -0.00000		 -0.00000
 -0.00000		 -0.00000
 -0.00000		 -0.00000
 -0.00000		 -0.00000
 -0.00000		 -0.00000
 -0.00000		 -0.00000
 -0.00000		 -0.00000
 -0.00000		  0.00000
 -0.00000		  0.00000
 -0.00000		  0.00000
 -0.00000		  0.00000
 -0.00000		  0.00000
 -0.00000		  0.00000
 -0.00000		  0.00000
 -0.00000		  0.00000
  0.00000		  0.00000
  0.00000		  0.00000
  0.00000		  0.00000
  0.00000		  0.00000
  0.00000		  0.00000
  0.00000		  0.00000
  0.00000		  0.00000
  0.00000		  0.00000
  0.00000		  0.00000
  0.00000		 -0.00000
  0.00000		 -0.00000
  0.00000		 -0.00000
  0.00000		 -0.00000
  0.00000		 -0.00000
  0.00000		 -0.00000
  0.00000		 -0.00000
  0.00000		 -0.00000
  0.00000		 -0.00000
 -0.00000		 -0.00000
 -0.00000		 -0.00000
 -0.00000		 -0.00000
 -0.00000		 -0.00000
 -0.00000		 -0.00000
 -0.00000		 -0.00000
 -0.00000		 -0.00000
 -0.00000		 -0.00000
 -0.00000		 -0.00000
 -0.00000		  0.00000
 -0.00000		  0.00000
 -0.00000		  0.00000
 -0.00000		  0.00000
 -0.00000		  0.00000
 -0.00000		  0.00000
 -0.00000		  0.00000
 -0.00000		  0.00000
 -0.00000		  0.00000
  0.00000		  0.00000
  0.00000		  0.00000
  0.00000		  0.00000
  0.00000		  0.00000
  0.00000		  0.00000
  0.00000		  0.00000
  0.00000		  0.00000
  0.00000		  0.00000
  0.00000		 -0.00000
  0.00000		 -0.00000
  0.00000		 -0.00000
  0.00000		 -0.00000
  0.00000		 -0.00000
  0.00000		 -0.00000
  0.00000		 -0.00000
  0.00000		 -0.00000
  0.00000		 -0.00000
 -0.00000		 -0.00000
 -0.00000		 -0.00000
 -0.00000		 -0.00000
 -0.00000		 -0.00000
 -0.00000		 -0.00000
 -0.00000		 -0.00000
 -0.00000		 -0.00000
 -0.00000		 -0.00000
 -0.00000		 -0.00000
 -0.00000		  0.00000
 -0.00000		  0.00000
 -0.00000		  0.00000
 -0.00000		  0.00000
 -0.00000		  0.00000
 -0.00000		  0.00000
 -0.00000		  0.00000
 -0.00000		  0.00000
 -0.00000		  0.00000
  0.00000		  0.00000
  0.00000		  0.00000
  0.00000		  0.00000
  0.00000		  0.00000
  0.00000		  0.00000
  0.00000		  0.00000
  0.00000		  0.00000
  0.00000		  0.00000
  0.00000		 -0.00000
  0.00000		 -0.00000
  0.00000		 -0.00000
  0.00000		 -0.00000
  0.00000		 -0.00000
  0.00000		 -0.00000
  0.00000		 -0.00000
  0.00000		 -0.00000
  0.00000		 -0.00000
 -0.00000		 -0.00000
 -0.00000		 -0.00000
 -0.00000		 -0.00000
 -0.00000		 -0.00000
 -0.00000		 -0.00000
 -0.00000		 -0.00000
 -0.00000		 -0.00000
 -0.00000		 -0.00000
 -0.00000		 -0.00000
 -0.00000		  0.00000
 -0.00000		  0.00000
 -0.00000		  0.00000
 -0.00000		  0.00000
 -0.00000		  0.00000
 -0.00000		  0.00000
 -0.00000		  0.00000
 -0.00000		  0.00000
 -0.00000		  0.00000
  0.00000		  0.00000
  0.00000		  0.00000
  0.00000		  0.00000
  0.00000		  0.00000
  0.00000		  0.00000
  0.00000		  0.00000
  0.00000		  0.00000
  0.00000		  0.00000
  0.00000		  0.00000
  0.00000		 -0.00000
  0.00000		 -0.00000
  0.00000		 -0.00000
  0.00000		 -0.00000
  0.00000		 -0.00000
  0.00000		 -0.00000
  0.00000		 -0.00000
  0.00000		 -0.00000
 -0.00000		 -0.00000
 -0.00000		 -0.00000
 -0.00000		 -0.00000
 -0.00000		 -0.00000
 -0.00000		 -0.00000
 -0.00000		 -0.00000
 -0.00000		 -0.00000
 -0.00000		 -0.00000
 -0.00000		 -0.00000
 -0.00000		  0.00000
 -0.00000		  0.00000
 -0.00000		  0.00000
 -0.00000		  0.00000
 -0.00000		  0.00000
 -0.00000		  0.00000
 -0.00000		  0.00000
 -0.00000		  0.00000
 -0.00000		  0.00000
  0.00000		  0.00000
  0.00000		  0.00000
  0.00000		  0.00000
  0.00000		  0.00000
  0.00000		  0.00000
  0.00000		  0.00000
  0.00000		  0.00000
  0.00000		  0.00000
  0.00000		  0.00000
  0.00000		 -0.00000
  0.00000		 -0.00000
  0.00000		 -0.00000
  0.00000		 -0.00000
  0.00000		 -0.00000
  0.00000		 -0.00000
  0.00000		 -0.00000
  0.00000		 -0.00000
  0.00000		 -0.00000
 -0.00000		 -0.00000
 -0.00000		 -0.00000
 -0.00000		 -0.00000
 -0.00000		 -0.00000
 -0.00000		 -0.00000
 -0.00000		 -0.00000
 -0.00000		 -0.00000
 -0.00000		 -0.00000
 -0.00000		  0.00000
 -0.00000		  0.00000
 -0.00000		  0.00000
 -0.00000		  0.00000
 -0.00000		  0.00000
 -0.00000		  0.00000
 -0.00000		  0.00000
 -0.00000		  0.00000
 -0.00000		  0.00000
  0.00000		  0.00000
  0.00000		  0.00000
  0.00000		  0.00000
  0.00000		  0.00000
  0.00000		  0.00000
  0.00000		  0.00000
  0.00000		  0.00000
  0.00000		  0.00000
  0.00000		  0.00000
  0.00000		 -0.00000
  0.00000		 -0.00000
  0.00000		 -0.00000
  0.00000		 -0.00000
  0.00000		 -0.00000
  0.00000		 -0.00000
  0.00000		 -0.00000
  0.00000		 -0.00000
  0.00000		 -0.00000
 -0.00000		 -0.00000
 -0.00000		 -0.00000
 -0.00000		 -0.00000
 -0.00000		 -0.00000
 -0.00000		 -0.00000
 -0.00000		 -0.00000
 -0.00000		 -0.00000
 -0.00000		 -0.00000
 -0.00000		 -0.00000
 -0.00000		  0.00000
 -0.00000		  0.00000
 -0.00000		  0.00000
 -0.00000		  0.00000
 -0.00000		  0.00000
 -0.00000		  0.00000
 -0.00000		  0.00000
 -0.00000		  0.00000
  0.00000		  0.00000
  0.00000		  0.00000
  0.00000		  0.00000
  0.00000		  0.00000
  0.00000		  0.00000
  0.00000		  0.00000
  0.00000		  0.00000
  0.00000		  0.00000
  0.00000		  0.00000
  0.00000		 -0.00000
  0.00000		 -0.00000
  0.00000		 -0.00000
  0.00000		 -0.00000
  0.00000		 -0.00000
  0.00000		 -0.00000
  0.00000		 -0.00000
  0.00000		 -0.00000
  0.00000		 -0.00000
 -0.00000		 -0.00000
 -0.00000		 -0.00000
 -0.00000		 -0.00000
 -0.00000		 -0.00000
 -0.00000		 -0.00000
 -0.00000		 -0.00000
 -0.00000		 -0.00000
 -0.00000		 -0.00000
 -0.00000		 -0.00000
 -0.00000		  0.00000
 -0.00000		  0.00000
 -0.00000		  0.00000
 -0.00000		  0.00000
 -0.00000		  0.00000
 -0.00000		  0.00000
 -0.00000		  0.00000
 -0.00000		  0.00000
  0.00000		  0.00000
  0.00000		  0.00000
  0.00000		  0.00000
  0.00000		  0.00000
  0.00000		  0.00000
  0.00000		  0.00000
  0.00000		  0.00000
  0.00000		  0.00000
  0.00000		  0.00000
  0.00000		 -0.00000
  0.00000		 -0.00000
  0.00000		 -0.00000
  0.00000		 -0.00000
  0.00000		 -0.00000
  0.00000		 -0.00000
  0.00000		 -0.00000
  0.00000		 -0.00000
  0.00000		 -0.00000
 -0.00000		 -0.00000
 -0.00000		 -0.00000
 -0.00000		 -0.00000
 -0.00000		 -0.00000
 -0.00000		 -0.00000
 -0.00000		 -0.00000
 -0.00000		 -0.00000
 -0.00000		 -0.00000
 -0.00000		 -0.00000
 -0.00000		  0.00000
 -0.00000		  0.00000
 -0.00000		  0.00000
 -0.00000		  0.00000
 -0.00000		  0.00000
 -0.00000		  0.00000
 -0.00000		  0.00000
 -0.00000		  0.00000
 -0.00000		  0.00000
  0.00000		  0.00000
  0.00000		  0.00000
  0.00000		  0.00000
  0.00000		  0.00000
  0.00000		  0.00000
  0.00000		  0.00000
  0.00000		  0.00000
  0.00000		  0.00000
  0.00000		 -0.00000
  0.00000		 -0.00000
  0.00000		 -0.00000
  0.00000		 -0.00000
  0.00000		 -0.00000
  0.00000		 -0.00000
  0.00000		 -0.00000
  0.00000		 -0.00000
  0.00000		 -0.00000
 -0.00000		 -0.00000
 -0.00000		 -0.00000
 -0.00000		 -0.00000
 -0.00000		 -0.00000
 -0.00000		 -0.00000
 -0.00000		 -0.00000
 -0.00000		 -0.00000
 -0.00000		 -0.00000
 -0.00000		 -0.00000
 -0.00000		  0.00000
 -0.00000		  0.00000
 -0.00000		  0.00000
 -0.00000		  0.00000
 -0.00000		  0.00000
 -0.00000		  0.00000
 -0.00000		  0.00000
 -0.00000		  0.00000
 -0.00000		  0.00000
  0.00000		  0.00000
  0.00000		  0.00000
  0.00000		  0.00000
  0.00000		  0.00000
  0.00000		  0.00000
  0.00000		  0.00000
  0.00000		  0.00000
  0.00000		  0.00000
  0.00000		  0.00000
  0.00000		 -0.00000
  0.00000		 -0.00000
  0.00000		 -0.00000
  0.00000		 -0.00000
  0.00000		 -0.00000
  0.00000		 -0.00000
  0.00000		 -0.00000
  0.00000		 -0.00000
 -0.00000		 -0.00000
 -0.00000		 -0.00000
 -0.00000		 -0.00000
 -0.00000		 -0.00000
 -0.00000		 -0.00000
 -0.00000		 -0.00000
 -0.00000		 -0.00000
 -0.00000		 -0.00000
 -0.00000		 -0.00000
 -0.00000		  0.00000
 -0.00000		  0.00000
 -0.00000		  0.00000
 -0.00000		  0.00000
 -0.00000		  0.00000
 -0.00000		  0.00000
 -0.00000		  0.00000
 -0.00000		  0.00000
 -0.00000		  0.00000
  0.00000		  0.00000
  0.00000		  0.00000
  0.00000		  0.00000
  0.00000		  0.00000
  0.00000		  0.00000
  0.00000		  0.00000
  0.00000		  0.00000
  0.00000		  0.00000
  0.00000		  0.00000
  0.00000		 -0.00000
  0.00000		 -0.00000
  0.00000		 -0.00000
  0.00000		 -0.00000
  0.00000		 -0.00000
  0.00000		 -0.00000
  0.00000		 -0.00000
  0.00000		 -0.00000
  0.00000		 -0.00000
 -0.00000		 -0.00000
 -0.00000		 -0.00000
 -0.00000		 -0.00000
 -0.00000		 -0.00000
 -0.00000		 -0.00000
 -0.00000		 -0.00000
 -0.00000		 -0.00000
 -0.00000		 -0.00000
 -0.00000		  0.00000
 -0.00000		  0.00000
 -0.00000		  0.00000
 -0.00000		  0.00000
 -0.00000		  0.00000
 -0.00000		  0.00000
 -0.00000		  0.00000
 -0.00000		  0.00000
 -0.00000		  0.00000
  0.00000		  0.00000
  0.00000		  0.00000
  0.00000		  0.00000
  0.00000		  0.00000
  0.00000		  0.00000
  0.00000		  0.00000
  0.00000		  0.00000
  0.00000		  0.00000
  0.00000		  0.00000
  0.00000		 -0.00000
  0.00000		 -0.00000
  0.00000		 -0.00000
  0.00000		 -0.00000
  0.00000		 -0.00000
  0.00000		 -0.00000
  0.00000		 -0.00000
  0.00000		 -0.00000
  0.00000		 -0.00000
 -0.00000		 -0.00000
 -0.00000		 -0.00000
 -0.00000		 -0.00000
 -0.00000		 -0.00000
 -0.00000		 -0.00000
 -0.00000		 -0.00000
 -0.00000		 -0.00000
 -0.00000		 -0.00000
 -0.00000		  0.00000
 -0.00000		  0.00000
 -0.00000		  0.00000
 -0.00000		  0.00000
 -0.00000		  0.00000
 -0.00000		  0.00000
 -0.00000		  0.00000
 -0.00000		  0.00000
 -0.00000		  0.00000
  0.00000		  0.00000
  0.00000		  0.00000
  0.00000		  0.00000
  0.00000		  0.00000
  0.00000		  0.00000
  0.00000		  0.00000
  0.00000		  0.00000
  0.00000		  0.00000
  0.00000		  0.00000
  0.00000		 -0.00000
  0.00000		 -0.00000
  0.00000		 -0.00000
  0.00000		 -0.00000
  0.00000		 -0.00000
  0.00000		 -0.00000
  0.00000		 -0.00000
  0.00000		 -0.00000
  0.00000		 -0.00000
 -0.00000		 -0.00000
 -0.00000		 -0.00000
 -0.00000		 -0.00000
 -0.00000		 -0.00000
 -0.00000		 -0.00000
 -0.00000		 -0.00000
 -0.00000		 -0.00000
 -0.00000		 -0.00000
 -0.00000		 -0.00000
 -0.00000		  0.00000
 -0.00000		  0.00000
 -0.00000		  0.00000
 -0.00000		  0.00000
 -0.00000		  0.00000
 -0.00000		  0.00000
 -0.00000		  0.00000
 -0.00000		  0.00000
  0.00000		  0.00000
  0.00000		  0.00000
  0.00000		  0.00000
  0.00000		  0.00000
  0.00000		  0.00000
  0.00000		  0.00000
  0.00000		  0.00000
  0.00000		  0.00000
  0.00000		  0.00000
  0.00000		 -0.00000
  0.00000		 -0.00000
  0.00000		 -0.00000
  0.00000		 -0.00000
  0.00000		 -0.00000
  0.00000		 -0.00000
  0.00000		 -0.00000
  0.00000		 -0.00000
  0.00000		 -0.00000
 -0.00000		 -0.00000
 -0.00000		 -0.00000
 -0.00000		 -0.00000
 -0.00000		 -0.00000
 -0.00000		 -0.00000
 -0.00000		 -0.00000
 -0.00000		 -0.00000
 -0.00000		 -0.00000
 -0.00000		 -0.00000
 -0.00000		  0.00000
 -0.00000		  0.00000
 -0.00000		  0.00000
 -0.00000		  0.00000
 -0.00000		  0.00000
 -0.00000		  0.00000
 -0.00000		  0.00000
 -0.00000		  0.00000
 -0.00000		  0.00000
  0.00000		  0.00000
  0.00000		  0.00000
  0.00000		  0.00000
  0.00000		  0.00000
  0.00000		  0.00000
  0.00000		  0.00000
  0.00000		  0.00000
  0.00000		  0.00000
  0.00000		 -0.00000
  0.00000		 -0.00000
  0.00000		 -0.00000
  0.00000		 -0.00000
  0.00000		 -0.00000
  0.00000		 -0.00000
  0.00000		 -0.00000
  0.00000		 -0.00000
  0.00000		 -0.00000
 -0.00000		 -0.00000
 -0.00000		 -0.00000
 -0.00000		 -0.00000
 -0.00000		 -0.00000
 -0.00000		 -0.00000
 -0.00000		 -0.00000
 -0.00000		 -0.00000
 -0.00000		 -0.00000
 -0.00000		 -0.00000
 -0.00000		  0.00000
 -0.00000		  0.00000
 -0.00000		  0.00000
 -0.00000		  0.00000
 -0.00000		  0.00000
 -0.00000		  0.00000
 -0.00000		  0.00000
 -0.00000		  0.00000
 -0.00000		  0.00000
  0.00000		  0.00000
  0.00000		  0.00000
  0.00000		  0.00000
  0.00000		  0.00000
  0.00000		  0.00000
  0.00000		  0.00000
  0.00000		  0.00000
  0.00000		  0.00000
  0.00000		  0.00000
  0.00000		 -0.00000
  0.00000		 -0.00000
  0.00000		 -0.00000
  0.00000		 -0.00000
  0.00000		 -0.00000
  0.00000		 -0.00000
  0.00000		 -0.00000
  0.00000		 -0.00000
 -0.00000		 -0.00000
 -0.00000		 -0.00000
 -0.00000		 -0.00000
 -0.00000		 -0.00000
 -0.00000		 -0.00000
 -0.00000		 -0.00000
 -0.00000		 -0.00000
 -0.00000		 -0.00000
 -0.00000		 -0.00000
 -0.00000		  0.00000
 -0.00000		  0.00000
 -0.00000		  0.00000
 -0.00000		  0.00000
 -0.00000		  0.00000
 -0.00000		  0.00000
 -0.00000		  0.00000
 -0.00000		  0.00000
 -0.00000		  0.00000
  0.00000		  0.00000
  0.00000		  0.00000
  0.00000		  0.00000
  0.00000		  0.00000
  0.00000		  0.00000
  0.00000		  0.00000
  0.00000		  0.00000
  0.00000		  0.00000
  0.00000		  0.00000
  0.00000		 -0.00000
  0.00000		 -0.00000
  0.00000		 -0.00000
  0.00000		 -0.00000
  0.00000		 -0.00000
  0.00000		 -0.00000
  0.00000		 -0.00000
  0.00000		 -0.00000
 -0.00000		 -0.00000
 -0.00000		 -0.00000
 -0.00000		 -0.00000
 -0.00000		 -0.00000
 -0.00000		 -0.00000
 -0.00000		 -0.00000
 -0.00000		 -0.00000
 -0.00000		 -0.00000
 -0.00000		 -0.00000
 -0.00000		  0.00000
 -0.00000		  0.00000
 -0.00000		  0.00000
 -0.00000		  0.00000
 -0.00000		  0.00000
 -0.00000		  0.00000
 -0.00000		  0.00000
 -0.00000		  0.00000
 -0.00000		  0.00000
  0.00000		  0.00000
  0.00000		  0.00000
  0.00000		  0.00000
  0.00000		  0.00000
  0.00000		  0.00000
  0.00000		  0.00000
  0.00000		  0.00000
  0.00000		  0.00000
  0.00000		  0.00000
  0.00000		 -0.00000
  0.00000		 -0.00000
  0.00000		 -0.00000
  0.00000		 -0.00000
  0.00000		 -0.00000
  0.00000		 -0.00000
  0.00000		 -0.00000
  0.00000		 -0.00000
  0.00000		 -0.00000
 -0.00000		 -0.00000
 -0.00000		 -0.00000
 -0.00000		 -0.00000
 -0.00000		 -0.00000
 -0.00000		 -0.00000
 -0.00000		 -0.00000
 -0.00000		 -0.00000
 -0.00000		 -0.00000
 -0.00000		  0.00000
 -0.00000		  0.00000
 -0.00000		  0.00000
 -0.00000		  0.00000
 -0.00000		  0.00000
 -0.00000		  0.00000
 -0.00000		  0.00000
 -0.00000		  0.00000
 -0.00000		  0.00000
  0.00000		  0.00000
  0.00000		  0.00000
  0.00000		  0.00000
  0.00000		  0.00000
  0.00000		  0.00000
  0.00000		  0.00000
  0.00000		  0.00000
  0.00000		  0.00000
  0.00000		  0.00000
  0.00000		 -0.00000
  0.00000		 -0.00000
  0.00000		 -0.00000
  0.00000		 -0.00000
  0.00000		 -0.00000
  0.00000		 -0.00000
  0.00000		 -0.00000
  0.00000		 -0.00000
  0.00000		 -0.00000
 -0.00000		 -0.00000
 -0.00000		 -0.00000
 -0.00000		 -0.00000
 -0.00000		 -0.00000
 -0.00000		 -0.00000
 -0.00000		 -0.00000
 -0.00000		 -0.00000
 -0.00000		 -0.00000
 -0.00000		 -0.00000
 -0.00000		  0.00000
 -0.00000		  0.00000
 -0.00000		  0.00000
 -0.00000		  0.00000
 -0.00000		  0.00000
 -0.00000		  0.00000
 -0.00000		  0.00000
 -0.00000		  0.00000
  0.00000		  0.00000
  0.00000		  0.00000
  0.00000		  0.00000
  0.00000		  0.00000
  0.00000		  0.00000
  0.00000		  0.00000
  0.00000		  0.00000
  0.00000		  0.00000
  0.00000		  0.00000
  0.00000		 -0.00000
  0.00000		 -0.00000
  0.00000		 -0.00000
  0.00000		 -0.00000
  0.00000		 -0.00000
  0.00000		 -0.00000
  0.00000		 -0.00000
  0.00000		 -0.00000
  0.00000		 -0.00000
 -0.00000		 -0.00000
 -0.00000		 -0.00000
 -0.00000		 -0.00000
 -0.00000		 -0.00000
 -0.00000		 -0.00000
 -0.00000		 -0.00000
 -0.00000		 -0.00000
 -0.00000		 -0.00000
 -0.00000		 -0.00000
 -0.00000		  0.00000
 -0.00000		  0.00000
 -0.00000		  0.00000
 -0.00000		  0.00000
 -0.00000		  0.00000
 -0.00000		  0.00000
 -0.00000		  0.00000
 -0.00000		  0.00000
 -0.00000		  0.00000
  0.00000		  0.00000
  0.00000		  0.00000
  0.00000		  0.00000
  0.00000		  0.00000
  0.00000		  0.00000
  0.00000		  0.00000
  0.00000		  0.00000
  0.00000		  0.00000
  0.00000		 -0.00000
  0.00000		 -0.00000
  0.00000		 -0.00000
  0.00000		 -0.00000
  0.00000		 -0.00000
  0.00000		 -0.00000
  0.00000		 -0.00000
  0.00000		 -0.00000
  0.00000		 -0.00000
 -0.00000		 -0.00000
 -0.00000		 -0.00000
 -0.00000		 -0.00000
 -0.00000		 -0.00000
 -0.00000		 -0.00000
 -0.00000		 -0.00000
 -0.00000		 -0.00000
 -0.00000		 -0.00000
 -0.00000		 -0.00000
 -0.00000		  0.00000
 -0.00000		  0.00000
 -0.00000		  0.00000
 -0.00000		  0.00000
 -0.00000		  0.00000
 -0.00000		  0.00000
 -0.00000		  0.00000
 -0.00000		  0.00000
 -0.00000		  0.00000
  0.00000		  0.00000
  0.00000		  0.00000
  0.00000		  0.00000
  0.00000		  0.00000
  0.00000		  0.00000
  0.00000		  0.00000
  0.00000		  0.00000
  0.00000		  0.00000
  0.00000		 -0.00000
  0.00000		 -0.00000
  0.00000		 -0.00000
  0.00000		 -0.00000
  0.00000		 -0.00000
  0.00000		 -0.00000
  0.00000		 -0.00000
  0.00000		 -0.00000
  0.00000		 -0.00000
 -0.00000		 -0.00000
 -0.00000		 -0.00000
 -0.00000		 -0.00000
 -0.00000		 -0.00000
 -0.00000		 -0.00000
 -0.00000		 -0.00000
 -0.00000		 -0.00000
 -0.00000		 -0.00000
