  0.18054		  0.02301
  0.36080		 -0.02180
  0.34612		 -0.08704
  0.31841		 -0.14627
  0.27996		 -0.19666
  0.23368		 -0.23628
  0.18276		 -0.26414
  0.13038		 -0.28025
  0.07935		 -0.28549
  0.03195		 -0.28140
 -0.01030		 -0.26997
 -0.04663		 -0.25329
 -0.07693		 -0.23335
 -0.10171		 -0.21181
 -0.12179		 -0.18986
 -0.13818		 -0.16822
 -0.15182		 -0.14710
 -0.16346		 -0.12637
 -0.17357		 -0.10568
 -0.18229		 -0.08462
 -0.18948		 -0.06283
 -0.19484		 -0.04016
 -0.19794		 -0.01662
 -0.19843		  0.00750
 -0.19606		  0.03181
 -0.19074		  0.05582
 -0.18258		  0.07906
 -0.17179		  0.10117
 -0.15867		  0.12192
 -0.14347		  0.14121
 -0.12633		  0.15908
 -0.10726		  0.17557
 -0.08610		  0.19066
 -0.06254		  0.20416
 -0.03629		  0.21564
 -0.00711		  0.22442
  0.02500		  0.22956
  0.05970		  0.22998
  0.09623		  0.22459
  0.13341		  0.21244
  0.16966		  0.19290
  0.20311		  0.16584
  0.23180		  0.13170
  0.25388		  0.09152
  0.26781		  0.04693
  0.27255		 -0.00002
  0.26772		 -0.04699
  0.25364		 -0.09165
  0.23130		 -0.13186
  0.20225		 -0.16591
  0.16841		 -0.19266
  0.13190		 -0.21166
  0.09469		 -0.22311
  0.05850		 -0.22773
  0.02456		 -0.22668
 -0.00643		 -0.22131
 -0.03433		 -0.21290
 -0.05944		 -0.20252
 -0.08238		 -0.19084
 -0.10387		 -0.17808
 -0.12450		 -0.16404
 -0.14462		 -0.14814
 -0.16416		 -0.12970
 -0.18259		 -0.10798
 -0.19896		 -0.08252
 -0.21206		 -0.05324
 -0.22052		 -0.02056
 -0.22314		  0.01457
 -0.21899		  0.05066
 -0.20766		  0.08598
 -0.18934		  0.11857
 -0.16487		  0.14666
 -0.13566		  0.16874
 -0.10352		  0.18388
 -0.07049		  0.19176
 -0.03857		  0.19278
 -0.00945		  0.18795
  0.01567		  0.17875
  0.03622		  0.16693
  0.05230		  0.15424
  0.06464		  0.14218
  0.07446		  0.13180
  0.08323		  0.12354
  0.09247		  0.11716
  0.10344		  0.11180
  0.11692		  0.10615
  0.13311		  0.09859
  0.15148		  0.08746
  0.17085		  0.07138
  0.18951		  0.04943
  0.20537		  0.02133
  0.21630		 -0.01241
  0.22032		 -0.05055
  0.21590		 -0.09121
  0.20215		 -0.13202
  0.17897		 -0.17037
  0.14705		 -0.20367
  0.10785		 -0.22965
  0.06348		 -0.24656
  0.01646		 -0.25333
 -0.03050		 -0.24968
 -0.07478		 -0.23615
 -0.11405		 -0.21394
 -0.14651		 -0.18488
 -0.17097		 -0.15113
 -0.18696		 -0.11503
 -0.19473		 -0.07881
 -0.19509		 -0.04446
 -0.18934		 -0.01352
 -0.17908		  0.01302
 -0.16601		  0.03472
 -0.15176		  0.05173
 -0.13769		  0.06464
 -0.12481		  0.07443
 -0.11365		  0.08224
 -0.10429		  0.08929
 -0.09636		  0.09664
 -0.08909		  0.10512
 -0.08148		  0.11517
 -0.07240		  0.12680
 -0.06078		  0.13957
 -0.04570		  0.15263
 -0.02661		  0.16480
 -0.00336		  0.17468
  0.02371		  0.18080
  0.05376		  0.18181
  0.08551		  0.17661
  0.11733		  0.16449
  0.14733		  0.14527
  0.17361		  0.11933
  0.19439		  0.08762
  0.20819		  0.05163
  0.21403		  0.01323
  0.21149		 -0.02547
  0.20078		 -0.06229
  0.18277		 -0.09523
  0.15885		 -0.12263
  0.13084		 -0.14336
  0.10080		 -0.15688
  0.07075		 -0.16334
  0.04256		 -0.16349
  0.01765		 -0.15860
 -0.00310		 -0.15028
 -0.01942		 -0.14027
 -0.03167		 -0.13021
 -0.04077		 -0.12141
 -0.04805		 -0.11472
 -0.05497		 -0.11037
 -0.06301		 -0.10796
 -0.07332		 -0.10652
 -0.08662		 -0.10467
 -0.10299		 -0.10078
 -0.12185		 -0.09321
 -0.14199		 -0.08062
 -0.16170		 -0.06211
 -0.17895		 -0.03744
 -0.19162		 -0.00709
 -0.19780		  0.02772
 -0.19600		  0.06515
 -0.18539		  0.10289
 -0.16589		  0.13845
 -0.13820		  0.16934
 -0.10380		  0.19341
 -0.06473		  0.20905
 -0.02346		  0.21534
  0.01743		  0.21216
  0.05548		  0.20017
  0.08859		  0.18070
  0.11521		  0.15562
  0.13446		  0.12708
  0.14621		  0.09731
  0.15097		  0.06833
  0.14979		  0.04185
  0.14415		  0.01903
  0.13567		  0.00046
  0.12597		 -0.01384
  0.11649		 -0.02437
  0.10829		 -0.03205
  0.10199		 -0.03801
  0.09776		 -0.04349
  0.09528		 -0.04962
  0.09386		 -0.05730
  0.09253		 -0.06711
  0.09018		 -0.07923
  0.08568		 -0.09342
  0.07802		 -0.10905
  0.06642		 -0.12517
  0.05045		 -0.14056
  0.03003		 -0.15388
  0.00553		 -0.16377
 -0.02230		 -0.16896
 -0.05231		 -0.16841
 -0.08306		 -0.16140
 -0.11290		 -0.14763
 -0.14007		 -0.12725
 -0.16289		 -0.10090
 -0.17984		 -0.06974
 -0.18974		 -0.03528
 -0.19187		  0.00058
 -0.18608		  0.03579
 -0.17279		  0.06833
 -0.15305		  0.09631
 -0.12842		  0.11828
 -0.10083		  0.13328
 -0.07243		  0.14104
 -0.04534		  0.14198
 -0.02141		  0.13717
 -0.00198		  0.12825
  0.01226		  0.11721
  0.02136		  0.10612
  0.02618		  0.09688
  0.02820		  0.09093
  0.02938		  0.08900
  0.03187		  0.09103
  0.03764		  0.09604
  0.04822		  0.10231
  0.06437		  0.10754
  0.08591		  0.10916
  0.11163		  0.10471
  0.13937		  0.09224
  0.16623		  0.07061
  0.18891		  0.03981
  0.20412		  0.00104
  0.20907		 -0.04333
  0.20182		 -0.08994
  0.18166		 -0.13484
  0.14931		 -0.17390
  0.10685		 -0.20334
  0.05763		 -0.22026
  0.00585		 -0.22298
 -0.04388		 -0.21133
 -0.08710		 -0.18674
 -0.12011		 -0.15209
 -0.14035		 -0.11137
 -0.14684		 -0.06920
 -0.14024		 -0.03026
 -0.12282		  0.00129
 -0.09814		  0.02243
 -0.07060		  0.03157
 -0.04487		  0.02885
 -0.02522		  0.01606
 -0.01497		 -0.00354
 -0.01604		 -0.02573
 -0.02862		 -0.04583
 -0.05120		 -0.05940
 -0.08072		 -0.06284
 -0.11295		 -0.05386
 -0.14308		 -0.03186
 -0.16636		  0.00199
 -0.17868		  0.04488
 -0.17719		  0.09268
 -0.16062		  0.14051
 -0.12946		  0.18330
 -0.08595		  0.21644
 -0.03370		  0.23636
  0.02266		  0.24095
  0.07812		  0.22978
  0.12791		  0.20408
  0.16800		  0.16658
  0.19559		  0.12109
  0.20936		  0.07199
  0.20954		  0.02370
  0.19772		 -0.01988
  0.17665		 -0.05577
  0.14968		 -0.08221
  0.12038		 -0.09874
  0.09200		 -0.10612
  0.06713		 -0.10611
  0.04741		 -0.10107
  0.03342		 -0.09361
  0.02476		 -0.08613
  0.02024		 -0.08053
  0.01811		 -0.07798
  0.01652		 -0.07883
  0.01370		 -0.08264
  0.00834		 -0.08836
 -0.00027		 -0.09456
 -0.01222		 -0.09972
 -0.02695		 -0.10245
 -0.04349		 -0.10177
 -0.06055		 -0.09715
 -0.07686		 -0.08862
 -0.09128		 -0.07664
 -0.10302		 -0.06200
 -0.11166		 -0.04562
 -0.11713		 -0.02842
 -0.11972		 -0.01114
 -0.11982		  0.00576
 -0.11789		  0.02208
 -0.11424		  0.03785
 -0.10899		  0.05322
 -0.10203		  0.06832
 -0.09306		  0.08315
 -0.08167		  0.09744
 -0.06752		  0.11067
 -0.05048		  0.12204
 -0.03071		  0.13062
 -0.00877		  0.13547
  0.01440		  0.13583
  0.03752		  0.13127
  0.05919		  0.12183
  0.07804		  0.10807
  0.09297		  0.09102
  0.10327		  0.07207
  0.10884		  0.05277
  0.11013		  0.03459
  0.10815		  0.01869
  0.10423		  0.00570
  0.09987		 -0.00434
  0.09640		 -0.01208
  0.09471		 -0.01866
  0.09512		 -0.02558
  0.09719		 -0.03438
  0.09976		 -0.04632
  0.10113		 -0.06210
  0.09926		 -0.08162
  0.09217		 -0.10390
  0.07829		 -0.12708
  0.05678		 -0.14865
  0.02783		 -0.16577
 -0.00729		 -0.17564
 -0.04621		 -0.17595
 -0.08574		 -0.16532
 -0.12221		 -0.14355
 -0.15196		 -0.11179
 -0.17184		 -0.07249
 -0.17966		 -0.02913
 -0.17457		  0.01413
 -0.15725		  0.05301
 -0.12985		  0.08366
 -0.09581		  0.10320
 -0.05941		  0.11015
 -0.02521		  0.10466
  0.00255		  0.08851
  0.02055		  0.06490
  0.02685		  0.03809
  0.02121		  0.01273
  0.00512		 -0.00668
 -0.01835		 -0.01652
 -0.04497		 -0.01452
 -0.06991		 -0.00013
 -0.08841		  0.02539
 -0.09648		  0.05906
 -0.09141		  0.09662
 -0.07222		  0.13303
 -0.03980		  0.16318
  0.00316		  0.18255
  0.05249		  0.18783
  0.10311		  0.17737
  0.14964		  0.15140
  0.18713		  0.11201
  0.21164		  0.06286
  0.22075		  0.00870
  0.21386		 -0.04520
  0.19215		 -0.09380
  0.15844		 -0.13284
  0.11675		 -0.15935
  0.07173		 -0.17200
  0.02805		 -0.17114
 -0.01020		 -0.15865
 -0.03999		 -0.13763
 -0.05967		 -0.11187
 -0.06908		 -0.08530
 -0.06946		 -0.06144
 -0.06315		 -0.04297
 -0.05314		 -0.03140
 -0.04263		 -0.02693
 -0.03447		 -0.02860
 -0.03083		 -0.03445
 -0.03285		 -0.04196
 -0.04056		 -0.04843
 -0.05296		 -0.05148
 -0.06822		 -0.04934
 -0.08400		 -0.04116
 -0.09789		 -0.02703
 -0.10769		 -0.00801
 -0.11186		  0.01418
 -0.10961		  0.03736
 -0.10104		  0.05929
 -0.08705		  0.07799
 -0.06915		  0.09202
 -0.04922		  0.10062
 -0.02914		  0.10380
 -0.01059		  0.10226
  0.00526		  0.09719
  0.01782		  0.09003
  0.02716		  0.08222
  0.03387		  0.07495
  0.03894		  0.06895
  0.04348		  0.06444
  0.04854		  0.06108
  0.05483		  0.05813
  0.06266		  0.05458
  0.07181		  0.04938
  0.08160		  0.04168
  0.09101		  0.03096
  0.09884		  0.01717
  0.10395		  0.00075
  0.10542		 -0.01741
  0.10271		 -0.03615
  0.09577		 -0.05417
  0.08499		 -0.07026
  0.07118		 -0.08346
  0.05538		 -0.09319
  0.03870		 -0.09930
  0.02216		 -0.10203
  0.00650		 -0.10195
 -0.00786		 -0.09978
 -0.02088		 -0.09624
 -0.03283		 -0.09186
 -0.04416		 -0.08691
 -0.05534		 -0.08129
 -0.06671		 -0.07461
 -0.07830		 -0.06626
 -0.08977		 -0.05557
 -0.10042		 -0.04200
 -0.10917		 -0.02533
 -0.11483		 -0.00578
 -0.11620		  0.01591
 -0.11238		  0.03849
 -0.10290		  0.06033
 -0.08790		  0.07962
 -0.06821		  0.09459
 -0.04530		  0.10381
 -0.02112		  0.10640
  0.00211		  0.10224
  0.02220		  0.09198
  0.03731		  0.07708
  0.04620		  0.05958
  0.04846		  0.04186
  0.04456		  0.02634
  0.03589		  0.01512
  0.02449		  0.00965
  0.01286		  0.01053
  0.00357		  0.01736
 -0.00109		  0.02881
  0.00052		  0.04272
  0.00916		  0.05644
  0.02452		  0.06716
  0.04528		  0.07230
  0.06917		  0.06991
  0.09336		  0.05894
  0.11472		  0.03944
  0.13029		  0.01258
  0.13766		 -0.01947
  0.13532		 -0.05381
  0.12281		 -0.08714
  0.10087		 -0.11619
  0.07130		 -0.13813
  0.03673		 -0.15091
  0.00034		 -0.15350
 -0.03461		 -0.14603
 -0.06512		 -0.12968
 -0.08883		 -0.10653
 -0.10428		 -0.07928
 -0.11105		 -0.05087
 -0.10973		 -0.02408
 -0.10178		 -0.00122
 -0.08930		  0.01616
 -0.07468		  0.02739
 -0.06025		  0.03272
 -0.04796		  0.03318
 -0.03918		  0.03039
 -0.03448		  0.02625
 -0.03366		  0.02264
 -0.03582		  0.02113
 -0.03956		  0.02276
 -0.04324		  0.02789
 -0.04523		  0.03620
 -0.04421		  0.04674
 -0.03935		  0.05813
 -0.03043		  0.06880
 -0.01786		  0.07719
 -0.00262		  0.08206
  0.01393		  0.08261
  0.03024		  0.07864
  0.04482		  0.07050
  0.05644		  0.05910
  0.06430		  0.04566
  0.06815		  0.03161
  0.06826		  0.01829
  0.06537		  0.00683
  0.06055		 -0.00208
  0.05501		 -0.00820
  0.04989		 -0.01182
  0.04610		 -0.01360
  0.04417		 -0.01453
  0.04416		 -0.01568
  0.04570		 -0.01805
  0.04801		 -0.02241
  0.05007		 -0.02912
  0.05075		 -0.03814
  0.04903		 -0.04894
  0.04411		 -0.06065
  0.03558		 -0.07211
  0.02344		 -0.08206
  0.00818		 -0.08931
 -0.00936		 -0.09287
 -0.02802		 -0.09210
 -0.04652		 -0.08675
 -0.06355		 -0.07701
 -0.07795		 -0.06346
 -0.08883		 -0.04699
 -0.09561		 -0.02867
 -0.09808		 -0.00966
 -0.09638		  0.00893
 -0.09091		  0.02613
 -0.08232		  0.04121
 -0.07135		  0.05365
 -0.05878		  0.06319
 -0.04534		  0.06980
 -0.03167		  0.07358
 -0.01830		  0.07478
 -0.00565		  0.07368
  0.00597		  0.07058
  0.01634		  0.06580
  0.02525		  0.05963
  0.03256		  0.05240
  0.03814		  0.04442
  0.04192		  0.03605
  0.04389		  0.02770
  0.04412		  0.01978
  0.04282		  0.01271
  0.04032		  0.00686
  0.03705		  0.00248
  0.03358		 -0.00029
  0.03046		 -0.00152
  0.02826		 -0.00148
  0.02741		 -0.00065
  0.02819		  0.00036
  0.03061		  0.00081
  0.03442		 -0.00002
  0.03912		 -0.00273
  0.04394		 -0.00775
  0.04800		 -0.01524
  0.05034		 -0.02499
  0.05009		 -0.03649
  0.04657		 -0.04891
  0.03939		 -0.06117
  0.02852		 -0.07212
  0.01434		 -0.08056
 -0.00238		 -0.08549
 -0.02059		 -0.08614
 -0.03900		 -0.08214
 -0.05625		 -0.07352
 -0.07105		 -0.06075
 -0.08232		 -0.04467
 -0.08928		 -0.02642
 -0.09157		 -0.00729
 -0.08921		  0.01138
 -0.08267		  0.02837
 -0.07270		  0.04268
 -0.06033		  0.05364
 -0.04666		  0.06095
 -0.03277		  0.06466
 -0.01963		  0.06515
 -0.00794		  0.06303
  0.00183		  0.05905
  0.00955		  0.05400
  0.01534		  0.04859
  0.01953		  0.04337
  0.02255		  0.03868
  0.02490		  0.03464
  0.02700		  0.03119
  0.02916		  0.02809
  0.03155		  0.02504
  0.03411		  0.02170
  0.03670		  0.01782
  0.03903		  0.01326
  0.04078		  0.00803
  0.04165		  0.00227
  0.04144		 -0.00374
  0.04006		 -0.00965
  0.03757		 -0.01510
  0.03417		 -0.01978
  0.03019		 -0.02347
  0.02598		 -0.02612
  0.02191		 -0.02779
  0.01828		 -0.02872
  0.01526		 -0.02925
  0.01288		 -0.02972
  0.01098		 -0.03052
  0.00926		 -0.03188
  0.00733		 -0.03394
  0.00474		 -0.03664
  0.00108		 -0.03972
 -0.00395		 -0.04275
 -0.01049		 -0.04519
 -0.01848		 -0.04644
 -0.02759		 -0.04590
 -0.03733		 -0.04311
 -0.04701		 -0.03775
 -0.05583		 -0.02977
 -0.06301		 -0.01934
 -0.06781		 -0.00693
 -0.06965		  0.00679
 -0.06818		  0.02097
 -0.06331		  0.03471
 -0.05526		  0.04706
 -0.04447		  0.05720
 -0.03166		  0.06450
 -0.01765		  0.06852
 -0.00338		  0.06913
  0.01024		  0.06645
  0.02241		  0.06087
  0.03249		  0.05297
  0.04003		  0.04346
  0.04486		  0.03314
  0.04702		  0.02277
  0.04677		  0.01305
  0.04455		  0.00450
  0.04089		 -0.00251
  0.03637		 -0.00780
  0.03156		 -0.01138
  0.02697		 -0.01345
  0.02298		 -0.01430
  0.01983		 -0.01432
  0.01763		 -0.01391
  0.01634		 -0.01346
  0.01580		 -0.01332
  0.01578		 -0.01372
  0.01596		 -0.01481
  0.01606		 -0.01662
  0.01576		 -0.01907
  0.01483		 -0.02201
  0.01308		 -0.02522
  0.01042		 -0.02843
  0.00682		 -0.03137
  0.00234		 -0.03377
 -0.00289		 -0.03539
 -0.00869		 -0.03602
 -0.01482		 -0.03552
 -0.02103		 -0.03380
 -0.02704		 -0.03084
 -0.03258		 -0.02667
 -0.03740		 -0.02140
 -0.04127		 -0.01516
 -0.04399		 -0.00817
 -0.04540		 -0.00065
 -0.04541		  0.00713
 -0.04396		  0.01488
 -0.04109		  0.02232
 -0.03685		  0.02915
 -0.03140		  0.03512
 -0.02491		  0.03999
 -0.01763		  0.04358
 -0.00984		  0.04574
 -0.00182		  0.04641
  0.00611		  0.04558
  0.01365		  0.04332
  0.02054		  0.03974
  0.02653		  0.03503
  0.03143		  0.02941
  0.03510		  0.02314
  0.03747		  0.01650
  0.03853		  0.00976
  0.03834		  0.00320
  0.03701		 -0.00295
  0.03469		 -0.00848
  0.03158		 -0.01324
  0.02789		 -0.01713
  0.02384		 -0.02009
  0.01967		 -0.02215
  0.01556		 -0.02337
  0.01169		 -0.02384
  0.00818		 -0.02372
  0.00513		 -0.02317
  0.00254		 -0.02234
  0.00041		 -0.02142
 -0.00133		 -0.02053
 -0.00280		 -0.01978
 -0.00412		 -0.01924
 -0.00544		 -0.01891
 -0.00689		 -0.01876
 -0.00860		 -0.01870
 -0.01064		 -0.01859
 -0.01305		 -0.01827
 -0.01580		 -0.01758
 -0.01881		 -0.01636
 -0.02194		 -0.01446
 -0.02500		 -0.01180
 -0.02778		 -0.00833
 -0.03003		 -0.00408
 -0.03154		  0.00084
 -0.03209		  0.00626
 -0.03154		  0.01197
 -0.02979		  0.01769
 -0.02684		  0.02312
 -0.02274		  0.02798
 -0.01763		  0.03200
 -0.01174		  0.03494
 -0.00532		  0.03665
  0.00133		  0.03703
  0.00791		  0.03606
  0.01410		  0.03381
  0.01964		  0.03042
  0.02432		  0.02608
  0.02796		  0.02103
  0.03048		  0.01553
  0.03185		  0.00985
  0.03211		  0.00423
  0.03135		 -0.00109
  0.02971		 -0.00595
  0.02736		 -0.01021
  0.02447		 -0.01378
  0.02123		 -0.01663
  0.01779		 -0.01876
  0.01432		 -0.02022
  0.01092		 -0.02107
  0.00770		 -0.02140
  0.00470		 -0.02130
  0.00197		 -0.02088
 -0.00048		 -0.02020
 -0.00268		 -0.01937
 -0.00465		 -0.01842
 -0.00644		 -0.01740
 -0.00807		 -0.01634
 -0.00960		 -0.01524
 -0.01106		 -0.01410
 -0.01248		 -0.01288
 -0.01387		 -0.01155
 -0.01523		 -0.01008
 -0.01654		 -0.00842
 -0.01776		 -0.00654
 -0.01884		 -0.00441
 -0.01971		 -0.00203
 -0.02030		  0.00060
 -0.02053		  0.00344
 -0.02033		  0.00644
 -0.01965		  0.00951
 -0.01845		  0.01258
 -0.01670		  0.01552
 -0.01441		  0.01823
 -0.01162		  0.02059
 -0.00839		  0.02249
 -0.00480		  0.02385
 -0.00096		  0.02460
  0.00302		  0.02467
  0.00700		  0.02406
  0.01086		  0.02275
  0.01446		  0.02078
  0.01770		  0.01821
  0.02046		  0.01510
  0.02264		  0.01154
  0.02418		  0.00766
  0.02501		  0.00356
  0.02512		 -0.00061
  0.02448		 -0.00473
  0.02313		 -0.00864
  0.02110		 -0.01222
  0.01849		 -0.01533
  0.01539		 -0.01787
  0.01193		 -0.01976
  0.00827		 -0.02093
  0.00456		 -0.02137
  0.00097		 -0.02110
 -0.00235		 -0.02019
 -0.00528		 -0.01873
 -0.00771		 -0.01687
 -0.00960		 -0.01474
 -0.01093		 -0.01250
 -0.01174		 -0.01031
 -0.01211		 -0.00829
 -0.01216		 -0.00654
 -0.01202		 -0.00508
 -0.01182		 -0.00393
 -0.01168		 -0.00303
 -0.01171		 -0.00228
 -0.01193		 -0.00157
 -0.01236		 -0.00076
 -0.01294		  0.00027
 -0.01356		  0.00161
 -0.01409		  0.00332
 -0.01437		  0.00541
 -0.01425		  0.00780
 -0.01360		  0.01039
 -0.01233		  0.01303
 -0.01040		  0.01552
 -0.00783		  0.01767
 -0.00473		  0.01929
 -0.00122		  0.02023
  0.00249		  0.02040
  0.00619		  0.01975
  0.00968		  0.01831
  0.01276		  0.01618
  0.01527		  0.01349
  0.01712		  0.01042
  0.01826		  0.00716
  0.01871		  0.00389
  0.01854		  0.00077
  0.01785		 -0.00207
  0.01678		 -0.00458
  0.01544		 -0.00671
  0.01394		 -0.00850
  0.01238		 -0.00999
  0.01079		 -0.01124
  0.00919		 -0.01232
  0.00754		 -0.01328
  0.00582		 -0.01412
  0.00396		 -0.01484
  0.00195		 -0.01539
 -0.00025		 -0.01571
 -0.00259		 -0.01570
 -0.00504		 -0.01528
 -0.00747		 -0.01440
 -0.00978		 -0.01303
 -0.01183		 -0.01118
 -0.01348		 -0.00892
 -0.01462		 -0.00635
 -0.01517		 -0.00363
 -0.01512		 -0.00091
 -0.01449		  0.00164
 -0.01336		  0.00387
 -0.01187		  0.00566
 -0.01018		  0.00695
 -0.00844		  0.00774
 -0.00683		  0.00808
 -0.00545		  0.00807
 -0.00439		  0.00785
 -0.00367		  0.00756
 -0.00325		  0.00736
 -0.00304		  0.00736
 -0.00292		  0.00765
 -0.00273		  0.00824
 -0.00232		  0.00909
 -0.00157		  0.01011
 -0.00038		  0.01116
  0.00127		  0.01208
  0.00336		  0.01267
  0.00579		  0.01278
  0.00843		  0.01229
  0.01107		  0.01112
  0.01352		  0.00925
  0.01556		  0.00674
  0.01703		  0.00371
  0.01778		  0.00033
  0.01773		 -0.00321
  0.01685		 -0.00667
  0.01520		 -0.00985
  0.01287		 -0.01255
  0.01004		 -0.01462
  0.00687		 -0.01597
  0.00359		 -0.01656
  0.00037		 -0.01640
 -0.00259		 -0.01557
 -0.00515		 -0.01419
 -0.00722		 -0.01239
 -0.00875		 -0.01036
 -0.00972		 -0.00822
 -0.01018		 -0.00615
 -0.01021		 -0.00424
 -0.00991		 -0.00258
 -0.00938		 -0.00122
 -0.00875		 -0.00017
 -0.00811		  0.00061
 -0.00754		  0.00116
 -0.00710		  0.00155
 -0.00682		  0.00188
 -0.00667		  0.00223
 -0.00664		  0.00265
 -0.00667		  0.00322
 -0.00667		  0.00395
 -0.00658		  0.00485
 -0.00631		  0.00590
 -0.00581		  0.00703
 -0.00502		  0.00818
 -0.00392		  0.00926
 -0.00252		  0.01017
 -0.00086		  0.01082
  0.00099		  0.01114
  0.00295		  0.01106
  0.00490		  0.01056
  0.00675		  0.00965
  0.00839		  0.00835
  0.00973		  0.00673
  0.01069		  0.00489
  0.01124		  0.00292
  0.01137		  0.00093
  0.01111		 -0.00097
  0.01051		 -0.00271
  0.00964		 -0.00421
  0.00858		 -0.00543
  0.00743		 -0.00639
  0.00626		 -0.00708
  0.00512		 -0.00756
  0.00406		 -0.00789
  0.00307		 -0.00811
  0.00215		 -0.00829
  0.00126		 -0.00846
  0.00035		 -0.00862
 -0.00063		 -0.00877
 -0.00172		 -0.00888
 -0.00294		 -0.00887
 -0.00428		 -0.00868
 -0.00572		 -0.00825
 -0.00717		 -0.00752
 -0.00857		 -0.00644
 -0.00980		 -0.00502
 -0.01076		 -0.00329
 -0.01136		 -0.00130
 -0.01151		  0.00082
 -0.01118		  0.00298
 -0.01036		  0.00502
 -0.00910		  0.00683
 -0.00746		  0.00828
 -0.00557		  0.00929
 -0.00356		  0.00980
 -0.00157		  0.00983
  0.00026		  0.00940
  0.00182		  0.00859
  0.00303		  0.00752
  0.00384		  0.00632
  0.00426		  0.00511
  0.00434		  0.00403
  0.00415		  0.00315
  0.00381		  0.00255
  0.00343		  0.00224
  0.00313		  0.00219
  0.00300		  0.00235
  0.00313		  0.00261
  0.00353		  0.00288
  0.00419		  0.00302
  0.00507		  0.00293
  0.00607		  0.00253
  0.00708		  0.00176
  0.00797		  0.00062
  0.00861		 -0.00086
  0.00889		 -0.00260
  0.00873		 -0.00450
  0.00806		 -0.00641
  0.00689		 -0.00820
  0.00527		 -0.00970
  0.00327		 -0.01081
  0.00102		 -0.01141
 -0.00134		 -0.01146
 -0.00365		 -0.01094
 -0.00576		 -0.00989
 -0.00754		 -0.00838
 -0.00888		 -0.00654
 -0.00971		 -0.00449
 -0.01001		 -0.00238
 -0.00981		 -0.00037
 -0.00918		  0.00143
 -0.00821		  0.00290
 -0.00702		  0.00400
 -0.00575		  0.00470
 -0.00451		  0.00504
 -0.00342		  0.00506
 -0.00254		  0.00487
 -0.00190		  0.00456
 -0.00152		  0.00424
 -0.00133		  0.00400
 -0.00128		  0.00392
 -0.00128		  0.00403
 -0.00121		  0.00434
 -0.00100		  0.00480
 -0.00058		  0.00534
  0.00010		  0.00586
  0.00104		  0.00628
  0.00219		  0.00647
  0.00349		  0.00637
  0.00483		  0.00591
  0.00610		  0.00508
  0.00717		  0.00391
  0.00794		  0.00246
  0.00833		  0.00083
  0.00830		 -0.00086
  0.00786		 -0.00247
  0.00703		 -0.00390
  0.00591		 -0.00503
  0.00461		 -0.00580
  0.00324		 -0.00619
  0.00194		 -0.00621
  0.00080		 -0.00593
 -0.00010		 -0.00543
 -0.00073		 -0.00482
 -0.00107		 -0.00422
 -0.00118		 -0.00371
 -0.00114		 -0.00338
 -0.00105		 -0.00327
 -0.00100		 -0.00337
 -0.00110		 -0.00363
 -0.00141		 -0.00399
 -0.00197		 -0.00433
 -0.00279		 -0.00455
 -0.00381		 -0.00454
 -0.00494		 -0.00422
 -0.00608		 -0.00353
 -0.00711		 -0.00248
 -0.00789		 -0.00111
 -0.00831		  0.00052
 -0.00832		  0.00229
 -0.00786		  0.00407
 -0.00694		  0.00571
 -0.00563		  0.00708
 -0.00401		  0.00809
 -0.00220		  0.00865
 -0.00034		  0.00875
  0.00143		  0.00839
  0.00300		  0.00764
  0.00428		  0.00658
  0.00519		  0.00531
  0.00574		  0.00396
  0.00592		  0.00264
  0.00579		  0.00143
  0.00543		  0.00042
  0.00491		 -0.00036
  0.00433		 -0.00090
  0.00377		 -0.00123
  0.00328		 -0.00137
  0.00291		 -0.00140
  0.00268		 -0.00137
  0.00258		 -0.00135
  0.00259		 -0.00139
  0.00266		 -0.00153
  0.00274		 -0.00177
  0.00279		 -0.00214
  0.00276		 -0.00259
  0.00261		 -0.00312
  0.00232		 -0.00368
  0.00188		 -0.00422
  0.00129		 -0.00469
  0.00056		 -0.00507
 -0.00027		 -0.00531
 -0.00118		 -0.00538
 -0.00213		 -0.00527
 -0.00307		 -0.00497
 -0.00396		 -0.00447
 -0.00476		 -0.00379
 -0.00543		 -0.00294
 -0.00592		 -0.00197
 -0.00622		 -0.00090
 -0.00630		  0.00022
 -0.00615		  0.00133
 -0.00578		  0.00239
 -0.00521		  0.00334
 -0.00446		  0.00415
 -0.00359		  0.00477
 -0.00263		  0.00519
 -0.00165		  0.00539
 -0.00070		  0.00538
  0.00017		  0.00520
  0.00093		  0.00488
  0.00156		  0.00445
  0.00204		  0.00398
  0.00239		  0.00351
  0.00264		  0.00307
  0.00282		  0.00268
  0.00297		  0.00235
  0.00313		  0.00206
  0.00332		  0.00180
  0.00355		  0.00152
  0.00382		  0.00119
  0.00411		  0.00077
  0.00438		  0.00023
  0.00457		 -0.00042
  0.00465		 -0.00118
  0.00456		 -0.00202
  0.00427		 -0.00287
  0.00377		 -0.00368
  0.00306		 -0.00439
  0.00218		 -0.00492
  0.00118		 -0.00523
  0.00014		 -0.00529
 -0.00086		 -0.00509
 -0.00176		 -0.00465
 -0.00249		 -0.00404
 -0.00300		 -0.00330
 -0.00328		 -0.00253
 -0.00333		 -0.00179
 -0.00320		 -0.00117
 -0.00295		 -0.00069
 -0.00265		 -0.00040
 -0.00238		 -0.00028
 -0.00220		 -0.00029
 -0.00215		 -0.00038
 -0.00227		 -0.00048
 -0.00254		 -0.00051
 -0.00293		 -0.00040
 -0.00336		 -0.00010
 -0.00378		  0.00041
 -0.00407		  0.00113
 -0.00418		  0.00201
 -0.00403		  0.00299
 -0.00359		  0.00397
 -0.00286		  0.00487
 -0.00186		  0.00559
 -0.00067		  0.00604
  0.00064		  0.00617
  0.00196		  0.00595
  0.00319		  0.00540
  0.00423		  0.00455
  0.00501		  0.00349
  0.00548		  0.00229
  0.00562		  0.00106
  0.00545		 -0.00010
  0.00503		 -0.00112
  0.00441		 -0.00193
  0.00367		 -0.00250
  0.00291		 -0.00284
  0.00220		 -0.00295
  0.00159		 -0.00290
  0.00112		 -0.00274
  0.00080		 -0.00253
  0.00061		 -0.00234
  0.00052		 -0.00221
  0.00049		 -0.00217
  0.00046		 -0.00224
  0.00038		 -0.00239
  0.00022		 -0.00259
 -0.00005		 -0.00281
 -0.00043		 -0.00300
 -0.00092		 -0.00311
 -0.00147		 -0.00310
 -0.00206		 -0.00295
 -0.00262		 -0.00265
 -0.00313		 -0.00221
 -0.00353		 -0.00166
 -0.00380		 -0.00102
 -0.00393		 -0.00034
 -0.00390		  0.00035
 -0.00374		  0.00099
 -0.00347		  0.00157
 -0.00311		  0.00205
 -0.00269		  0.00245
 -0.00224		  0.00274
 -0.00179		  0.00295
 -0.00134		  0.00309
 -0.00091		  0.00318
 -0.00050		  0.00322
 -0.00011		  0.00323
  0.00029		  0.00321
  0.00068		  0.00316
  0.00109		  0.00308
  0.00150		  0.00295
  0.00191		  0.00277
  0.00232		  0.00251
  0.00270		  0.00219
  0.00305		  0.00179
  0.00333		  0.00132
  0.00354		  0.00080
  0.00365		  0.00023
  0.00366		 -0.00036
  0.00357		 -0.00094
  0.00337		 -0.00151
  0.00308		 -0.00203
  0.00270		 -0.00249
  0.00225		 -0.00287
  0.00174		 -0.00316
  0.00120		 -0.00336
  0.00065		 -0.00347
  0.00009		 -0.00348
 -0.00045		 -0.00340
 -0.00096		 -0.00324
 -0.00143		 -0.00300
 -0.00184		 -0.00269
 -0.00218		 -0.00233
 -0.00246		 -0.00192
 -0.00265		 -0.00149
 -0.00276		 -0.00105
 -0.00280		 -0.00061
 -0.00276		 -0.00020
 -0.00266		  0.00018
 -0.00252		  0.00051
 -0.00234		  0.00079
 -0.00215		  0.00102
 -0.00195		  0.00120
 -0.00177		  0.00134
 -0.00160		  0.00146
 -0.00146		  0.00158
 -0.00133		  0.00169
 -0.00120		  0.00183
 -0.00107		  0.00199
 -0.00090		  0.00217
 -0.00069		  0.00237
 -0.00042		  0.00257
 -0.00008		  0.00275
  0.00033		  0.00288
  0.00080		  0.00293
  0.00132		  0.00290
  0.00186		  0.00274
  0.00238		  0.00246
  0.00286		  0.00206
  0.00326		  0.00154
  0.00354		  0.00093
  0.00369		  0.00026
  0.00369		 -0.00043
  0.00353		 -0.00111
  0.00323		 -0.00173
  0.00281		 -0.00226
  0.00229		 -0.00268
  0.00172		 -0.00296
  0.00113		 -0.00311
  0.00056		 -0.00313
  0.00003		 -0.00304
 -0.00042		 -0.00286
 -0.00080		 -0.00262
 -0.00110		 -0.00235
 -0.00132		 -0.00208
 -0.00148		 -0.00182
 -0.00160		 -0.00158
 -0.00170		 -0.00137
 -0.00179		 -0.00118
 -0.00189		 -0.00100
 -0.00199		 -0.00082
 -0.00211		 -0.00061
 -0.00222		 -0.00037
 -0.00232		 -0.00009
 -0.00238		  0.00023
 -0.00239		  0.00059
 -0.00233		  0.00097
 -0.00218		  0.00136
 -0.00195		  0.00172
 -0.00165		  0.00204
 -0.00128		  0.00228
 -0.00087		  0.00245
 -0.00044		  0.00252
 -0.00001		  0.00249
  0.00038		  0.00239
  0.00071		  0.00222
  0.00098		  0.00200
  0.00119		  0.00176
  0.00133		  0.00152
  0.00142		  0.00131
  0.00147		  0.00112
  0.00152		  0.00098
  0.00157		  0.00086
  0.00165		  0.00075
  0.00176		  0.00064
  0.00190		  0.00051
  0.00206		  0.00032
  0.00222		  0.00008
  0.00236		 -0.00024
  0.00245		 -0.00063
  0.00245		 -0.00108
  0.00235		 -0.00156
  0.00213		 -0.00204
  0.00178		 -0.00249
  0.00131		 -0.00287
  0.00075		 -0.00314
  0.00012		 -0.00328
 -0.00054		 -0.00326
 -0.00118		 -0.00308
 -0.00176		 -0.00276
 -0.00224		 -0.00231
 -0.00259		 -0.00177
 -0.00280		 -0.00119
 -0.00286		 -0.00059
 -0.00278		 -0.00003
 -0.00258		  0.00046
 -0.00229		  0.00085
 -0.00195		  0.00114
 -0.00160		  0.00131
 -0.00127		  0.00139
 -0.00099		  0.00139
 -0.00076		  0.00134
 -0.00060		  0.00127
 -0.00051		  0.00120
 -0.00046		  0.00116
 -0.00043		  0.00116
 -0.00041		  0.00121
 -0.00036		  0.00131
 -0.00028		  0.00143
 -0.00014		  0.00156
  0.00006		  0.00168
  0.00032		  0.00177
  0.00061		  0.00180
  0.00094		  0.00176
  0.00126		  0.00164
  0.00157		  0.00145
  0.00184		  0.00118
  0.00204		  0.00086
  0.00218		  0.00050
  0.00224		  0.00013
  0.00222		 -0.00025
  0.00214		 -0.00061
  0.00199		 -0.00094
  0.00180		 -0.00122
  0.00157		 -0.00146
  0.00131		 -0.00166
  0.00105		 -0.00181
  0.00077		 -0.00192
  0.00049		 -0.00199
  0.00020		 -0.00203
 -0.00008		 -0.00203
 -0.00037		 -0.00201
 -0.00065		 -0.00194
 -0.00093		 -0.00183
 -0.00120		 -0.00168
 -0.00145		 -0.00149
 -0.00167		 -0.00125
 -0.00185		 -0.00098
 -0.00198		 -0.00067
 -0.00206		 -0.00034
 -0.00207		  0.00000
 -0.00203		  0.00034
 -0.00192		  0.00065
 -0.00176		  0.00094
 -0.00156		  0.00118
 -0.00132		  0.00138
 -0.00107		  0.00153
 -0.00080		  0.00163
 -0.00054		  0.00168
 -0.00029		  0.00169
 -0.00005		  0.00166
  0.00017		  0.00161
  0.00037		  0.00154
  0.00055		  0.00144
  0.00072		  0.00133
  0.00086		  0.00121
  0.00099		  0.00108
  0.00111		  0.00094
  0.00120		  0.00079
  0.00128		  0.00063
  0.00134		  0.00046
  0.00138		  0.00029
  0.00140		  0.00011
  0.00140		 -0.00006
  0.00138		 -0.00023
  0.00134		 -0.00039
  0.00129		 -0.00055
  0.00122		 -0.00070
  0.00115		 -0.00085
  0.00105		 -0.00100
  0.00094		 -0.00115
  0.00081		 -0.00129
  0.00066		 -0.00143
  0.00047		 -0.00155
  0.00025		 -0.00166
  0.00000		 -0.00174
 -0.00028		 -0.00178
 -0.00058		 -0.00176
 -0.00089		 -0.00169
 -0.00120		 -0.00155
 -0.00148		 -0.00134
 -0.00173		 -0.00106
 -0.00191		 -0.00073
 -0.00202		 -0.00037
 -0.00205		  0.00002
 -0.00199		  0.00040
 -0.00184		  0.00076
 -0.00163		  0.00107
 -0.00136		  0.00131
 -0.00105		  0.00148
 -0.00073		  0.00156
 -0.00042		  0.00158
 -0.00015		  0.00152
  0.00009		  0.00142
  0.00027		  0.00129
  0.00039		  0.00114
  0.00047		  0.00101
  0.00051		  0.00089
  0.00053		  0.00081
  0.00055		  0.00076
  0.00058		  0.00073
  0.00063		  0.00072
  0.00071		  0.00071
  0.00082		  0.00069
  0.00095		  0.00064
  0.00110		  0.00055
  0.00124		  0.00041
  0.00137		  0.00022
  0.00146		 -0.00001
  0.00149		 -0.00027
  0.00146		 -0.00055
  0.00136		 -0.00083
  0.00120		 -0.00108
  0.00099		 -0.00129
  0.00073		 -0.00144
  0.00045		 -0.00153
  0.00016		 -0.00155
 -0.00011		 -0.00151
 -0.00036		 -0.00142
 -0.00056		 -0.00129
 -0.00072		 -0.00114
 -0.00084		 -0.00098
 -0.00092		 -0.00081
 -0.00097		 -0.00066
 -0.00100		 -0.00053
 -0.00102		 -0.00041
 -0.00103		 -0.00031
 -0.00106		 -0.00021
 -0.00109		 -0.00010
 -0.00112		  0.00001
 -0.00114		  0.00015
 -0.00115		  0.00030
 -0.00114		  0.00047
 -0.00110		  0.00066
 -0.00102		  0.00085
 -0.00089		  0.00103
 -0.00072		  0.00120
 -0.00051		  0.00132
 -0.00027		  0.00141
 -0.00002		  0.00144
  0.00024		  0.00142
  0.00048		  0.00134
  0.00070		  0.00121
  0.00088		  0.00104
  0.00102		  0.00085
  0.00111		  0.00065
  0.00115		  0.00044
  0.00115		  0.00024
  0.00112		  0.00007
  0.00106		 -0.00008
  0.00099		 -0.00021
  0.00092		 -0.00031
  0.00084		 -0.00039
  0.00078		 -0.00046
  0.00071		 -0.00052
  0.00066		 -0.00058
  0.00060		 -0.00064
  0.00054		 -0.00071
  0.00047		 -0.00078
  0.00039		 -0.00086
  0.00029		 -0.00093
  0.00017		 -0.00099
  0.00003		 -0.00104
 -0.00013		 -0.00106
 -0.00030		 -0.00105
 -0.00047		 -0.00101
 -0.00064		 -0.00094
 -0.00079		 -0.00084
 -0.00093		 -0.00070
 -0.00103		 -0.00054
 -0.00111		 -0.00036
 -0.00115		 -0.00018
 -0.00116		  0.00001
 -0.00113		  0.00020
 -0.00107		  0.00037
 -0.00098		  0.00053
 -0.00087		  0.00066
 -0.00074		  0.00077
 -0.00061		  0.00086
 -0.00047		  0.00092
 -0.00032		  0.00096
 -0.00018		  0.00098
 -0.00004		  0.00097
  0.00009		  0.00096
  0.00022		  0.00092
  0.00033		  0.00087
  0.00044		  0.00081
  0.00054		  0.00074
  0.00063		  0.00066
  0.00071		  0.00057
  0.00078		  0.00047
  0.00083		  0.00036
  0.00088		  0.00024
  0.00090		  0.00012
  0.00091		 -0.00001
  0.00090		 -0.00014
  0.00088		 -0.00027
  0.00083		 -0.00039
  0.00077		 -0.00051
  0.00068		 -0.00062
  0.00058		 -0.00071
  0.00047		 -0.00079
  0.00034		 -0.00085
  0.00021		 -0.00089
  0.00008		 -0.00090
 -0.00006		 -0.00090
 -0.00019		 -0.00087
 -0.00032		 -0.00082
 -0.00043		 -0.00075
 -0.00053		 -0.00067
 -0.00061		 -0.00058
 -0.00067		 -0.00047
 -0.00072		 -0.00037
 -0.00075		 -0.00026
 -0.00076		 -0.00015
 -0.00076		 -0.00005
 -0.00075		  0.00005
 -0.00073		  0.00014
 -0.00070		  0.00022
 -0.00067		  0.00031
 -0.00062		  0.00038
 -0.00058		  0.00046
 -0.00052		  0.00053
 -0.00046		  0.00060
 -0.00039		  0.00067
 -0.00030		  0.00073
 -0.00020		  0.00078
 -0.00009		  0.00083
  0.00004		  0.00085
  0.00017		  0.00086
  0.00031		  0.00083
  0.00046		  0.00079
  0.00059		  0.00071
  0.00071		  0.00061
  0.00081		  0.00048
  0.00088		  0.00033
  0.00092		  0.00016
  0.00093		 -0.00000
  0.00090		 -0.00017
  0.00084		 -0.00032
  0.00075		 -0.00045
  0.00064		 -0.00055
  0.00051		 -0.00063
  0.00039		 -0.00067
  0.00026		 -0.00069
  0.00015		 -0.00068
  0.00005		 -0.00065
 -0.00003		 -0.00061
 -0.00009		 -0.00056
 -0.00014		 -0.00052
 -0.00017		 -0.00048
 -0.00020		 -0.00045
 -0.00022		 -0.00044
 -0.00025		 -0.00043
 -0.00030		 -0.00042
 -0.00035		 -0.00041
 -0.00041		 -0.00039
 -0.00048		 -0.00036
 -0.00056		 -0.00031
 -0.00063		 -0.00023
 -0.00069		 -0.00013
 -0.00073		 -0.00002
 -0.00075		  0.00011
 -0.00073		  0.00025
 -0.00069		  0.00039
 -0.00061		  0.00051
 -0.00051		  0.00062
 -0.00038		  0.00069
 -0.00025		  0.00074
 -0.00011		  0.00076
  0.00003		  0.00075
  0.00015		  0.00071
  0.00025		  0.00065
  0.00033		  0.00057
  0.00039		  0.00049
  0.00044		  0.00042
  0.00046		  0.00034
  0.00048		  0.00028
  0.00049		  0.00022
  0.00050		  0.00017
  0.00052		  0.00013
  0.00053		  0.00008
  0.00055		  0.00002
  0.00057		 -0.00005
  0.00059		 -0.00012
  0.00059		 -0.00021
  0.00057		 -0.00031
  0.00053		 -0.00042
  0.00047		 -0.00052
  0.00038		 -0.00061
  0.00027		 -0.00068
  0.00014		 -0.00072
  0.00000		 -0.00074
 -0.00014		 -0.00072
 -0.00027		 -0.00067
 -0.00038		 -0.00060
 -0.00047		 -0.00050
 -0.00053		 -0.00038
 -0.00056		 -0.00027
 -0.00057		 -0.00016
 -0.00055		 -0.00005
 -0.00051		  0.00003
 -0.00046		  0.00009
 -0.00040		  0.00013
 -0.00035		  0.00016
 -0.00031		  0.00017
 -0.00028		  0.00017
 -0.00027		  0.00017
 -0.00026		  0.00018
 -0.00027		  0.00019
 -0.00027		  0.00022
 -0.00027		  0.00026
 -0.00027		  0.00031
 -0.00025		  0.00037
 -0.00021		  0.00043
 -0.00015		  0.00048
 -0.00007		  0.00053
  0.00002		  0.00056
  0.00012		  0.00058
  0.00023		  0.00056
  0.00034		  0.00053
  0.00044		  0.00047
  0.00052		  0.00038
  0.00059		  0.00028
  0.00064		  0.00017
  0.00066		  0.00005
  0.00065		 -0.00006
  0.00063		 -0.00018
  0.00058		 -0.00028
  0.00051		 -0.00038
  0.00043		 -0.00045
  0.00034		 -0.00051
  0.00024		 -0.00054
  0.00014		 -0.00056
  0.00005		 -0.00056
 -0.00004		 -0.00054
 -0.00012		 -0.00051
 -0.00019		 -0.00047
 -0.00025		 -0.00041
 -0.00030		 -0.00036
 -0.00033		 -0.00030
 -0.00035		 -0.00024
 -0.00036		 -0.00018
 -0.00036		 -0.00013
 -0.00036		 -0.00009
 -0.00035		 -0.00005
 -0.00034		 -0.00001
 -0.00034		  0.00002
 -0.00033		  0.00005
 -0.00033		  0.00008
 -0.00032		  0.00011
 -0.00032		  0.00015
 -0.00031		  0.00019
 -0.00029		  0.00024
 -0.00027		  0.00028
 -0.00023		  0.00033
 -0.00018		  0.00037
 -0.00013		  0.00040
 -0.00006		  0.00043
  0.00001		  0.00044
  0.00009		  0.00043
  0.00016		  0.00041
  0.00022		  0.00038
  0.00028		  0.00033
  0.00033		  0.00028
  0.00036		  0.00022
  0.00037		  0.00015
  0.00038		  0.00009
  0.00038		  0.00004
  0.00037		 -0.00001
  0.00035		 -0.00005
  0.00034		 -0.00009
  0.00032		 -0.00012
  0.00031		 -0.00015
  0.00030		 -0.00018
  0.00029		 -0.00022
  0.00027		 -0.00026
  0.00025		 -0.00030
  0.00022		 -0.00035
  0.00017		 -0.00040
  0.00011		 -0.00044
  0.00004		 -0.00047
 -0.00005		 -0.00049
 -0.00014		 -0.00049
 -0.00024		 -0.00047
 -0.00033		 -0.00042
 -0.00041		 -0.00035
 -0.00048		 -0.00027
 -0.00052		 -0.00017
 -0.00053		 -0.00006
 -0.00052		  0.00005
 -0.00049		  0.00015
 -0.00043		  0.00024
 -0.00036		  0.00030
 -0.00028		  0.00035
 -0.00019		  0.00037
 -0.00011		  0.00036
 -0.00004		  0.00034
  0.00001		  0.00031
  0.00005		  0.00027
  0.00007		  0.00023
  0.00008		  0.00019
  0.00007		  0.00017
  0.00006		  0.00015
  0.00005		  0.00015
  0.00005		  0.00015
  0.00005		  0.00017
  0.00006		  0.00019
  0.00009		  0.00020
  0.00012		  0.00022
  0.00017		  0.00022
  0.00022		  0.00021
  0.00027		  0.00018
  0.00031		  0.00014
  0.00035		  0.00009
  0.00038		  0.00002
  0.00039		 -0.00005
  0.00038		 -0.00012
  0.00036		 -0.00019
  0.00032		 -0.00026
  0.00027		 -0.00032
  0.00021		 -0.00036
  0.00014		 -0.00039
  0.00007		 -0.00041
 -0.00000		 -0.00041
 -0.00007		 -0.00040
 -0.00014		 -0.00037
 -0.00019		 -0.00034
 -0.00024		 -0.00030
 -0.00028		 -0.00025
 -0.00031		 -0.00020
 -0.00033		 -0.00015
 -0.00034		 -0.00009
 -0.00034		 -0.00004
 -0.00034		  0.00001
 -0.00033		  0.00006
 -0.00031		  0.00010
 -0.00029		  0.00014
 -0.00026		  0.00018
 -0.00023		  0.00021
 -0.00019		  0.00024
 -0.00015		  0.00026
 -0.00011		  0.00028
 -0.00007		  0.00029
 -0.00003		  0.00029
  0.00001		  0.00029
  0.00005		  0.00028
  0.00009		  0.00027
  0.00013		  0.00024
  0.00016		  0.00022
  0.00019		  0.00019
  0.00021		  0.00016
  0.00022		  0.00012
  0.00023		  0.00009
  0.00023		  0.00005
  0.00023		  0.00002
  0.00022		 -0.00001
  0.00021		 -0.00003
  0.00020		 -0.00005
  0.00018		 -0.00007
  0.00017		 -0.00009
  0.00016		 -0.00010
  0.00015		 -0.00011
  0.00015		 -0.00012
  0.00014		 -0.00014
  0.00013		 -0.00015
  0.00012		 -0.00018
  0.00011		 -0.00020
  0.00009		 -0.00023
  0.00006		 -0.00025
  0.00003		 -0.00028
 -0.00002		 -0.00030
 -0.00007		 -0.00030
 -0.00013		 -0.00030
 -0.00019		 -0.00029
 -0.00025		 -0.00025
 -0.00030		 -0.00021
 -0.00035		 -0.00015
 -0.00037		 -0.00008
 -0.00039		 -0.00001
 -0.00038		  0.00007
 -0.00036		  0.00014
 -0.00032		  0.00021
 -0.00027		  0.00027
 -0.00021		  0.00031
 -0.00014		  0.00033
 -0.00007		  0.00034
 -0.00000		  0.00033
  0.00006		  0.00031
  0.00010		  0.00027
  0.00014		  0.00024
  0.00016		  0.00019
  0.00018		  0.00015
  0.00018		  0.00012
  0.00017		  0.00009
  0.00016		  0.00006
  0.00015		  0.00004
  0.00015		  0.00003
  0.00014		  0.00003
  0.00014		  0.00002
  0.00014		  0.00002
  0.00015		  0.00001
  0.00016		 -0.00000
  0.00017		 -0.00002
  0.00017		 -0.00004
  0.00018		 -0.00006
  0.00018		 -0.00009
  0.00017		 -0.00012
  0.00015		 -0.00015
  0.00013		 -0.00018
  0.00010		 -0.00020
  0.00007		 -0.00022
  0.00004		 -0.00023
 -0.00000		 -0.00024
 -0.00004		 -0.00024
 -0.00008		 -0.00023
 -0.00011		 -0.00022
 -0.00015		 -0.00020
 -0.00018		 -0.00017
 -0.00020		 -0.00015
 -0.00022		 -0.00011
 -0.00024		 -0.00008
 -0.00025		 -0.00004
 -0.00025		 -0.00000
 -0.00025		  0.00004
 -0.00024		  0.00007
 -0.00023		  0.00011
 -0.00021		  0.00015
 -0.00019		  0.00018
 -0.00016		  0.00021
 -0.00012		  0.00023
 -0.00008		  0.00025
 -0.00004		  0.00026
  0.00000		  0.00026
  0.00005		  0.00025
  0.00009		  0.00024
  0.00012		  0.00022
  0.00015		  0.00019
  0.00018		  0.00016
  0.00020		  0.00012
  0.00021		  0.00009
  0.00021		  0.00005
  0.00021		  0.00002
  0.00020		 -0.00001
  0.00019		 -0.00004
  0.00017		 -0.00007
  0.00016		 -0.00009
  0.00014		 -0.00010
  0.00012		 -0.00011
  0.00010		 -0.00012
  0.00008		 -0.00012
  0.00007		 -0.00012
  0.00006		 -0.00012
  0.00005		 -0.00012
  0.00004		 -0.00013
  0.00003		 -0.00013
  0.00002		 -0.00014
  0.00001		 -0.00014
 -0.00001		 -0.00015
 -0.00002		 -0.00016
 -0.00004		 -0.00016
 -0.00007		 -0.00016
 -0.00010		 -0.00016
 -0.00013		 -0.00016
 -0.00016		 -0.00014
 -0.00019		 -0.00012
 -0.00021		 -0.00009
 -0.00024		 -0.00005
 -0.00025		 -0.00001
 -0.00025		  0.00004
 -0.00025		  0.00009
 -0.00023		  0.00013
 -0.00020		  0.00018
 -0.00016		  0.00021
 -0.00012		  0.00024
 -0.00007		  0.00026
 -0.00002		  0.00026
  0.00003		  0.00026
  0.00008		  0.00024
  0.00011		  0.00021
  0.00014		  0.00018
  0.00017		  0.00014
  0.00018		  0.00011
  0.00018		  0.00007
  0.00018		  0.00004
  0.00017		  0.00001
  0.00016		 -0.00001
  0.00014		 -0.00002
  0.00013		 -0.00003
  0.00012		 -0.00004
  0.00011		 -0.00005
  0.00011		 -0.00005
  0.00011		 -0.00006
  0.00010		 -0.00007
  0.00010		 -0.00008
  0.00010		 -0.00009
  0.00009		 -0.00011
  0.00008		 -0.00013
  0.00006		 -0.00015
  0.00004		 -0.00016
  0.00002		 -0.00017
 -0.00001		 -0.00018
 -0.00004		 -0.00018
 -0.00007		 -0.00017
 -0.00010		 -0.00015
 -0.00012		 -0.00013
 -0.00014		 -0.00011
 -0.00016		 -0.00008
 -0.00016		 -0.00006
 -0.00017		 -0.00003
 -0.00017		 -0.00001
 -0.00016		  0.00002
 -0.00015		  0.00003
 -0.00015		  0.00005
 -0.00014		  0.00007
 -0.00013		  0.00008
 -0.00012		  0.00010
 -0.00011		  0.00011
 -0.00010		  0.00013
 -0.00008		  0.00015
 -0.00007		  0.00016
 -0.00004		  0.00018
 -0.00002		  0.00019
  0.00001		  0.00019
  0.00005		  0.00020
  0.00008		  0.00019
  0.00012		  0.00017
  0.00015		  0.00015
  0.00018		  0.00012
  0.00020		  0.00009
  0.00021		  0.00005
  0.00021		  0.00001
  0.00021		 -0.00003
  0.00019		 -0.00007
  0.00017		 -0.00010
  0.00014		 -0.00013
  0.00011		 -0.00014
  0.00008		 -0.00015
  0.00005		 -0.00015
  0.00002		 -0.00014
 -0.00000		 -0.00013
 -0.00002		 -0.00012
 -0.00003		 -0.00011
 -0.00003		 -0.00009
 -0.00003		 -0.00008
 -0.00003		 -0.00008
 -0.00003		 -0.00008
 -0.00003		 -0.00008
 -0.00004		 -0.00008
 -0.00005		 -0.00008
 -0.00006		 -0.00009
 -0.00007		 -0.00009
 -0.00009		 -0.00009
 -0.00011		 -0.00008
 -0.00013		 -0.00006
 -0.00015		 -0.00005
 -0.00016		 -0.00002
 -0.00017		  0.00001
 -0.00017		  0.00004
 -0.00017		  0.00007
 -0.00016		  0.00010
 -0.00014		  0.00013
 -0.00011		  0.00015
 -0.00008		  0.00017
 -0.00005		  0.00019
 -0.00002		  0.00019
  0.00002		  0.00019
  0.00005		  0.00018
  0.00008		  0.00017
  0.00011		  0.00015
  0.00013		  0.00013
  0.00015		  0.00010
  0.00016		  0.00008
  0.00017		  0.00005
  0.00017		  0.00002
  0.00016		 -0.00001
  0.00015		 -0.00003
  0.00014		 -0.00005
  0.00013		 -0.00007
  0.00011		 -0.00009
  0.00009		 -0.00010
  0.00008		 -0.00010
  0.00006		 -0.00011
  0.00004		 -0.00011
  0.00003		 -0.00011
  0.00002		 -0.00011
  0.00000		 -0.00011
 -0.00001		 -0.00011
 -0.00002		 -0.00011
 -0.00003		 -0.00010
 -0.00004		 -0.00010
 -0.00005		 -0.00010
 -0.00006		 -0.00009
 -0.00008		 -0.00008
 -0.00009		 -0.00007
 -0.00010		 -0.00006
 -0.00011		 -0.00005
 -0.00012		 -0.00003
 -0.00012		 -0.00002
 -0.00012		  0.00000
 -0.00012		  0.00002
 -0.00012		  0.00004
 -0.00011		  0.00006
 -0.00010		  0.00007
 -0.00009		  0.00009
 -0.00008		  0.00010
 -0.00006		  0.00010
 -0.00005		  0.00011
 -0.00003		  0.00012
 -0.00002		  0.00012
 -0.00000		  0.00012
  0.00001		  0.00013
  0.00003		  0.00013
  0.00005		  0.00013
  0.00006		  0.00012
  0.00008		  0.00011
  0.00010		  0.00010
  0.00012		  0.00009
  0.00014		  0.00007
  0.00015		  0.00005
  0.00016		  0.00002
  0.00017		 -0.00001
  0.00016		 -0.00004
  0.00015		 -0.00007
  0.00014		 -0.00010
  0.00012		 -0.00013
  0.00009		 -0.00014
  0.00006		 -0.00016
  0.00002		 -0.00016
 -0.00001		 -0.00015
 -0.00004		 -0.00014
 -0.00006		 -0.00013
 -0.00008		 -0.00011
 -0.00009		 -0.00008
 -0.00009		 -0.00006
 -0.00009		 -0.00004
 -0.00008		 -0.00003
 -0.00007		 -0.00002
 -0.00007		 -0.00001
 -0.00006		 -0.00001
 -0.00005		 -0.00001
 -0.00005		 -0.00001
 -0.00006		 -0.00001
 -0.00006		 -0.00002
 -0.00007		 -0.00001
 -0.00008		 -0.00001
 -0.00009		  0.00000
 -0.00010		  0.00002
 -0.00010		  0.00004
 -0.00010		  0.00006
 -0.00010		  0.00008
 -0.00008		  0.00011
 -0.00007		  0.00012
 -0.00004		  0.00014
 -0.00001		  0.00015
  0.00001		  0.00015
  0.00004		  0.00015
  0.00007		  0.00014
  0.00009		  0.00012
  0.00011		  0.00010
  0.00013		  0.00007
  0.00014		  0.00005
  0.00014		  0.00002
  0.00014		  0.00000
  0.00013		 -0.00002
  0.00012		 -0.00004
  0.00011		 -0.00006
  0.00010		 -0.00007
  0.00008		 -0.00008
  0.00007		 -0.00009
  0.00006		 -0.00009
  0.00004		 -0.00010
  0.00003		 -0.00010
  0.00001		 -0.00010
  0.00000		 -0.00010
 -0.00001		 -0.00010
 -0.00003		 -0.00010
 -0.00004		 -0.00009
 -0.00005		 -0.00008
 -0.00006		 -0.00008
 -0.00007		 -0.00006
 -0.00008		 -0.00005
 -0.00009		 -0.00004
 -0.00009		 -0.00003
 -0.00009		 -0.00001
 -0.00009		 -0.00000
 -0.00009		  0.00001
 -0.00008		  0.00002
 -0.00008		  0.00003
 -0.00007		  0.00004
 -0.00007		  0.00004
 -0.00006		  0.00005
 -0.00006		  0.00006
 -0.00005		  0.00006
 -0.00004		  0.00007
 -0.00003		  0.00008
 -0.00003		  0.00008
 -0.00002		  0.00009
 -0.00001		  0.00009
  0.00001		  0.00009
  0.00002		  0.00009
  0.00004		  0.00009
  0.00005		  0.00009
  0.00006		  0.00008
  0.00008		  0.00007
  0.00009		  0.00006
  0.00010		  0.00005
  0.00011		  0.00003
  0.00011		  0.00001
  0.00012		 -0.00001
  0.00011		 -0.00003
  0.00011		 -0.00005
  0.00010		 -0.00007
  0.00009		 -0.00008
  0.00007		 -0.00009
  0.00005		 -0.00010
  0.00003		 -0.00011
  0.00001		 -0.00011
 -0.00001		 -0.00011
 -0.00002		 -0.00011
 -0.00004		 -0.00010
 -0.00006		 -0.00009
 -0.00007		 -0.00007
 -0.00008		 -0.00006
 -0.00008		 -0.00004
 -0.00008		 -0.00003
 -0.00008		 -0.00002
 -0.00008		 -0.00000
 -0.00007		  0.00001
 -0.00007		  0.00001
 -0.00006		  0.00002
 -0.00006		  0.00002
 -0.00005		  0.00003
 -0.00005		  0.00003
 -0.00005		  0.00003
 -0.00005		  0.00003
 -0.00004		  0.00004
 -0.00004		  0.00004
 -0.00004		  0.00005
 -0.00004		  0.00006
 -0.00003		  0.00007
 -0.00003		  0.00007
 -0.00002		  0.00008
 -0.00000		  0.00009
  0.00001		  0.00009
  0.00003		  0.00009
  0.00005		  0.00009
  0.00007		  0.00008
  0.00008		  0.00007
  0.00009		  0.00005
  0.00010		  0.00003
  0.00011		  0.00001
  0.00011		 -0.00001
  0.00010		 -0.00002
  0.00010		 -0.00004
  0.00008		 -0.00006
  0.00007		 -0.00007
  0.00006		 -0.00008
  0.00004		 -0.00008
  0.00003		 -0.00008
  0.00001		 -0.00008
 -0.00000		 -0.00008
 -0.00001		 -0.00008
 -0.00002		 -0.00007
 -0.00003		 -0.00007
 -0.00003		 -0.00006
 -0.00004		 -0.00005
 -0.00004		 -0.00005
 -0.00005		 -0.00004
 -0.00005		 -0.00004
 -0.00006		 -0.00003
 -0.00006		 -0.00003
 -0.00007		 -0.00002
 -0.00007		 -0.00001
 -0.00007		  0.00000
 -0.00007		  0.00001
 -0.00007		  0.00002
 -0.00007		  0.00003
 -0.00006		  0.00004
 -0.00005		  0.00005
 -0.00004		  0.00006
 -0.00003		  0.00006
 -0.00002		  0.00007
 -0.00001		  0.00007
 -0.00000		  0.00007
  0.00001		  0.00007
  0.00002		  0.00006
  0.00002		  0.00006
  0.00003		  0.00005
  0.00004		  0.00005
  0.00004		  0.00004
  0.00004		  0.00004
  0.00005		  0.00004
  0.00005		  0.00003
  0.00006		  0.00002
  0.00006		  0.00002
  0.00007		  0.00001
  0.00007		  0.00000
  0.00007		 -0.00001
  0.00007		 -0.00002
  0.00007		 -0.00003
  0.00007		 -0.00005
  0.00006		 -0.00006
  0.00005		 -0.00007
  0.00003		 -0.00008
  0.00002		 -0.00008
  0.00001		 -0.00009
 -0.00001		 -0.00009
 -0.00003		 -0.00008
 -0.00004		 -0.00007
 -0.00005		 -0.00006
 -0.00006		 -0.00005
 -0.00007		 -0.00004
 -0.00007		 -0.00003
 -0.00007		 -0.00001
 -0.00007		 -0.00000
 -0.00006		  0.00001
 -0.00006		  0.00002
 -0.00005		  0.00002
 -0.00004		  0.00003
 -0.00004		  0.00003
 -0.00003		  0.00003
 -0.00003		  0.00003
 -0.00003		  0.00003
 -0.00002		  0.00003
 -0.00002		  0.00004
 -0.00002		  0.00004
 -0.00002		  0.00004
 -0.00001		  0.00005
 -0.00001		  0.00005
 -0.00000		  0.00005
  0.00001		  0.00006
  0.00002		  0.00006
  0.00002		  0.00006
  0.00003		  0.00005
  0.00004		  0.00005
  0.00005		  0.00004
  0.00006		  0.00003
  0.00006		  0.00002
  0.00007		  0.00001
  0.00007		 -0.00000
  0.00007		 -0.00001
  0.00006		 -0.00003
  0.00006		 -0.00004
  0.00005		 -0.00004
  0.00004		 -0.00005
  0.00003		 -0.00006
  0.00002		 -0.00006
  0.00001		 -0.00006
  0.00000		 -0.00006
 -0.00001		 -0.00006
 -0.00001		 -0.00005
 -0.00002		 -0.00005
 -0.00003		 -0.00005
 -0.00003		 -0.00004
 -0.00004		 -0.00004
 -0.00004		 -0.00003
 -0.00004		 -0.00002
 -0.00004		 -0.00002
 -0.00005		 -0.00001
 -0.00005		 -0.00001
 -0.00005		 -0.00000
 -0.00005		  0.00000
 -0.00005		  0.00001
 -0.00005		  0.00002
 -0.00004		  0.00002
 -0.00004		  0.00003
 -0.00004		  0.00004
 -0.00003		  0.00004
 -0.00003		  0.00005
 -0.00002		  0.00005
 -0.00001		  0.00005
 -0.00000		  0.00005
  0.00001		  0.00005
  0.00002		  0.00005
  0.00002		  0.00005
  0.00003		  0.00004
  0.00004		  0.00004
  0.00004		  0.00003
  0.00004		  0.00002
  0.00005		  0.00002
  0.00005		  0.00001
  0.00004		  0.00000
  0.00004		 -0.00000
  0.00004		 -0.00001
  0.00004		 -0.00001
  0.00004		 -0.00002
  0.00003		 -0.00002
  0.00003		 -0.00002
  0.00003		 -0.00003
  0.00003		 -0.00003
  0.00002		 -0.00003
  0.00002		 -0.00004
  0.00002		 -0.00004
  0.00001		 -0.00005
  0.00000		 -0.00005
 -0.00001		 -0.00005
 -0.00001		 -0.00005
 -0.00002		 -0.00005
 -0.00003		 -0.00004
 -0.00004		 -0.00004
 -0.00005		 -0.00003
 -0.00005		 -0.00002
 -0.00005		 -0.00001
 -0.00005		 -0.00000
 -0.00005		  0.00001
 -0.00005		  0.00002
 -0.00004		  0.00002
 -0.00004		  0.00003
 -0.00003		  0.00003
 -0.00002		  0.00004
 -0.00002		  0.00004
 -0.00001		  0.00004
 -0.00000		  0.00004
 -0.00000		  0.00003
  0.00000		  0.00003
  0.00000		  0.00003
  0.00001		  0.00003
  0.00001		  0.00003
  0.00001		  0.00003
  0.00001		  0.00003
  0.00001		  0.00003
  0.00002		  0.00003
  0.00002		  0.00003
  0.00003		  0.00003
  0.00003		  0.00002
  0.00004		  0.00002
  0.00004		  0.00001
  0.00005		  0.00000
  0.00005		 -0.00001
  0.00005		 -0.00001
  0.00004		 -0.00002
  0.00004		 -0.00003
  0.00003		 -0.00004
  0.00002		 -0.00004
  0.00002		 -0.00005
  0.00001		 -0.00005
 -0.00000		 -0.00005
 -0.00001		 -0.00004
 -0.00002		 -0.00004
 -0.00002		 -0.00004
 -0.00002		 -0.00003
 -0.00003		 -0.00003
 -0.00003		 -0.00002
 -0.00003		 -0.00002
 -0.00003		 -0.00001
 -0.00003		 -0.00001
 -0.00003		 -0.00000
 -0.00003		 -0.00000
 -0.00003		  0.00000
 -0.00003		  0.00001
 -0.00003		  0.00001
 -0.00003		  0.00001
 -0.00003		  0.00002
 -0.00002		  0.00002
 -0.00002		  0.00002
 -0.00002		  0.00003
 -0.00001		  0.00003
 -0.00001		  0.00003
 -0.00001		  0.00003
 -0.00000		  0.00003
  0.00000		  0.00003
  0.00001		  0.00003
  0.00001		  0.00003
  0.00002		  0.00003
  0.00002		  0.00002
  0.00003		  0.00002
  0.00003		  0.00002
  0.00003		  0.00001
  0.00003		  0.00001
  0.00003		  0.00000
  0.00003		 -0.00000
  0.00003		 -0.00001
  0.00003		 -0.00001
  0.00003		 -0.00001
  0.00003		 -0.00002
  0.00002		 -0.00002
  0.00002		 -0.00002
  0.00002		 -0.00003
  0.00001		 -0.00003
  0.00001		 -0.00003
  0.00000		 -0.00003
 -0.00000		 -0.00003
 -0.00000		 -0.00003
 -0.00001		 -0.00003
 -0.00001		 -0.00003
 -0.00002		 -0.00003
 -0.00002		 -0.00002
 -0.00003		 -0.00002
 -0.00003		 -0.00002
 -0.00003		 -0.00001
 -0.00003		 -0.00001
 -0.00003		 -0.00000
 -0.00003		  0.00000
 -0.00003		  0.00001
 -0.00003		  0.00002
 -0.00003		  0.00002
 -0.00002		  0.00002
 -0.00002		  0.00003
 -0.00001		  0.00003
 -0.00001		  0.00003
 -0.00000		  0.00003
  0.00000		  0.00003
  0.00001		  0.00002
  0.00001		  0.00002
  0.00001		  0.00002
  0.00001		  0.00002
  0.00001		  0.00001
  0.00001		  0.00001
  0.00001		  0.00001
  0.00001		  0.00001
  0.00001		  0.00001
  0.00001		  0.00001
  0.00002		  0.00001
  0.00002		  0.00001
  0.00002		  0.00001
  0.00002		  0.00000
  0.00002		  0.00000
  0.00003		 -0.00000
  0.00003		 -0.00001
  0.00003		 -0.00001
  0.00002		 -0.00002
  0.00002		 -0.00002
  0.00002		 -0.00003
  0.00001		 -0.00003
  0.00001		 -0.00003
  0.00000		 -0.00003
 -0.00001		 -0.00003
 -0.00001		 -0.00003
 -0.00002		 -0.00003
 -0.00002		 -0.00002
 -0.00003		 -0.00002
 -0.00003		 -0.00001
 -0.00003		 -0.00001
 -0.00003		 -0.00000
 -0.00003		  0.00000
 -0.00003		  0.00001
 -0.00002		  0.00001
 -0.00002		  0.00001
 -0.00002		  0.00001
 -0.00002		  0.00002
 -0.00001		  0.00002
 -0.00001		  0.00002
 -0.00001		  0.00002
 -0.00001		  0.00002
 -0.00000		  0.00002
 -0.00000		  0.00002
  0.00000		  0.00002
  0.00000		  0.00002
  0.00001		  0.00002
  0.00001		  0.00002
  0.00001		  0.00002
  0.00001		  0.00001
  0.00001		  0.00001
  0.00002		  0.00001
  0.00002		  0.00001
  0.00002		  0.00001
  0.00002		  0.00000
  0.00002		  0.00000
  0.00002		 -0.00000
  0.00002		 -0.00000
  0.00002		 -0.00001
  0.00002		 -0.00001
  0.00002		 -0.00001
  0.00001		 -0.00001
  0.00001		 -0.00001
  0.00001		 -0.00001
  0.00001		 -0.00002
  0.00001		 -0.00002
  0.00001		 -0.00002
  0.00000		 -0.00002
 -0.00000		 -0.00002
 -0.00000		 -0.00002
 -0.00001		 -0.00002
 -0.00001		 -0.00002
 -0.00001		 -0.00002
 -0.00002		 -0.00002
 -0.00002		 -0.00001
 -0.00002		 -0.00001
 -0.00003		 -0.00001
 -0.00003		 -0.00000
 -0.00003		  0.00000
 -0.00002		  0.00001
 -0.00002		  0.00001
 -0.00002		  0.00002
 -0.00002		  0.00002
 -0.00001		  0.00002
 -0.00001		  0.00002
 -0.00000		  0.00002
  0.00000		  0.00002
  0.00000		  0.00002
  0.00001		  0.00002
  0.00001		  0.00002
  0.00001		  0.00001
  0.00001		  0.00001
  0.00001		  0.00001
  0.00001		  0.00001
  0.00001		  0.00000
  0.00001		  0.00000
  0.00001		  0.00000
  0.00001		  0.00000
  0.00001		  0.00000
  0.00001		  0.00000
  0.00001		 -0.00000
  0.00001		 -0.00000
  0.00001		 -0.00000
  0.00001		 -0.00000
  0.00001		 -0.00000
  0.00001		 -0.00001
  0.00001		 -0.00001
  0.00001		 -0.00001
  0.00001		 -0.00001
  0.00001		 -0.00002
  0.00001		 -0.00002
  0.00000		 -0.00002
 -0.00000		 -0.00002
 -0.00000		 -0.00002
 -0.00001		 -0.00002
 -0.00001		 -0.00002
 -0.00002		 -0.00002
 -0.00002		 -0.00001
 -0.00002		 -0.00001
 -0.00002		 -0.00001
 -0.00002		 -0.00000
 -0.00002		  0.00000
 -0.00002		  0.00001
 -0.00002		  0.00001
 -0.00002		  0.00001
 -0.00001		  0.00001
 -0.00001		  0.00001
 -0.00001		  0.00002
 -0.00001		  0.00002
 -0.00000		  0.00002
 -0.00000		  0.00002
  0.00000		  0.00001
  0.00000		  0.00001
  0.00000		  0.00001
  0.00001		  0.00001
  0.00001		  0.00001
  0.00001		  0.00001
  0.00001		  0.00001
  0.00001		  0.00001
  0.00001		  0.00001
  0.00001		  0.00001
  0.00001		  0.00000
  0.00001		  0.00000
  0.00001		 -0.00000
  0.00001		 -0.00000
  0.00001		 -0.00000
  0.00001		 -0.00001
  0.00001		 -0.00001
  0.00001		 -0.00001
  0.00001		 -0.00001
  0.00001		 -0.00001
  0.00000		 -0.00001
  0.00000		 -0.00001
  0.00000		 -0.00001
 -0.00000		 -0.00001
 -0.00000		 -0.00001
 -0.00000		 -0.00001
 -0.00000		 -0.00001
 -0.00000		 -0.00001
 -0.00001		 -0.00001
 -0.00001		 -0.00001
 -0.00001		 -0.00001
 -0.00001		 -0.00001
 -0.00001		 -0.00001
 -0.00001		 -0.00001
 -0.00002		 -0.00000
 -0.00002		 -0.00000
 -0.00002		  0.00000
 -0.00002		  0.00000
 -0.00002		  0.00001
 -0.00001		  0.00001
 -0.00001		  0.00001
 -0.00001		  0.00002
 -0.00001		  0.00002
 -0.00000		  0.00002
  0.00000		  0.00002
  0.00000		  0.00002
  0.00001		  0.00002
  0.00001		  0.00001
  0.00001		  0.00001
  0.00001		  0.00001
  0.00001		  0.00001
  0.00001		  0.00000
  0.00001		  0.00000
  0.00001		 -0.00000
  0.00001		 -0.00000
  0.00001		 -0.00000
  0.00001		 -0.00000
  0.00001		 -0.00000
  0.00001		 -0.00000
  0.00001		 -0.00000
  0.00001		 -0.00000
  0.00001		 -0.00000
  0.00001		 -0.00000
  0.00001		 -0.00001
  0.00001		 -0.00001
  0.00001		 -0.00001
  0.00000		 -0.00001
  0.00000		 -0.00001
  0.00000		 -0.00001
  0.00000		 -0.00001
 -0.00000		 -0.00001
 -0.00000		 -0.00001
 -0.00001		 -0.00001
 -0.00001		 -0.00001
 -0.00001		 -0.00001
 -0.00001		 -0.00001
 -0.00001		 -0.00001
 -0.00002		 -0.00000
 -0.00002		 -0.00000
 -0.00002		  0.00000
 -0.00001		  0.00001
 -0.00001		  0.00001
 -0.00001		  0.00001
 -0.00001		  0.00001
 -0.00001		  0.00001
 -0.00000		  0.00001
 -0.00000		  0.00001
 -0.00000		  0.00001
  0.00000		  0.00001
  0.00000		  0.00001
  0.00000		  0.00001
  0.00001		  0.00001
  0.00001		  0.00001
  0.00001		  0.00001
  0.00001		  0.00001
  0.00001		  0.00000
  0.00001		  0.00000
  0.00001		  0.00000
  0.00001		  0.00000
  0.00001		 -0.00000
  0.00001		 -0.00000
  0.00001		 -0.00000
  0.00001		 -0.00000
  0.00001		 -0.00000
  0.00001		 -0.00001
  0.00001		 -0.00001
  0.00001		 -0.00001
  0.00000		 -0.00001
  0.00000		 -0.00001
  0.00000		 -0.00001
  0.00000		 -0.00001
  0.00000		 -0.00001
 -0.00000		 -0.00001
 -0.00000		 -0.00001
 -0.00000		 -0.00001
 -0.00000		 -0.00001
 -0.00001		 -0.00001
 -0.00001		 -0.00001
 -0.00001		 -0.00001
 -0.00001		 -0.00000
 -0.00001		 -0.00000
 -0.00001		 -0.00000
 -0.00001		 -0.00000
 -0.00001		 -0.00000
 -0.00001		  0.00000
 -0.00001		  0.00000
 -0.00001		  0.00000
 -0.00001		  0.00001
 -0.00001		  0.00001
 -0.00001		  0.00001
 -0.00001		  0.00001
 -0.00000		  0.00001
 -0.00000		  0.00001
  0.00000		  0.00001
  0.00000		  0.00001
  0.00001		  0.00001
  0.00001		  0.00001
  0.00001		  0.00001
  0.00001		  0.00001
  0.00001		  0.00000
  0.00001		  0.00000
  0.00001		  0.00000
  0.00001		 -0.00000
  0.00001		 -0.00000
  0.00001		 -0.00000
  0.00001		 -0.00001
  0.00001		 -0.00001
  0.00000		 -0.00001
  0.00000		 -0.00001
  0.00000		 -0.00001
  0.00000		 -0.00001
  0.00000		 -0.00001
  0.00000		 -0.00001
  0.00000		 -0.00000
  0.00000		 -0.00000
  0.00000		 -0.00000
  0.00000		 -0.00001
  0.00000		 -0.00001
 -0.00000		 -0.00001
 -0.00000		 -0.00001
 -0.00000		 -0.00001
 -0.00000		 -0.00001
 -0.00001		 -0.00001
 -0.00001		 -0.00001
 -0.00001		 -0.00001
 -0.00001		 -0.00000
 -0.00001		 -0.00000
 -0.00001		 -0.00000
 -0.00001		  0.00000
 -0.00001		  0.00000
 -0.00001		  0.00001
 -0.00001		  0.00001
 -0.00001		  0.00001
 -0.00001		  0.00001
 -0.00000		  0.00001
 -0.00000		  0.00001
 -0.00000		  0.00001
  0.00000		  0.00001
  0.00000		  0.00001
  0.00000		  0.00001
  0.00001		  0.00001
  0.00001		  0.00001
  0.00001		  0.00001
  0.00001		  0.00000
  0.00001		  0.00000
  0.00001		  0.00000
  0.00001		 -0.00000
  0.00001		 -0.00000
  0.00001		 -0.00000
  0.00001		 -0.00000
  0.00001		 -0.00000
  0.00001		 -0.00001
  0.00000		 -0.00001
  0.00000		 -0.00001
  0.00000		 -0.00001
  0.00000		 -0.00001
  0.00000		 -0.00001
 -0.00000		 -0.00001
 -0.00000		 -0.00001
 -0.00000		 -0.00001
 -0.00000		 -0.00001
 -0.00000		 -0.00000
 -0.00000		 -0.00000
 -0.00000		 -0.00000
 -0.00000		 -0.00000
 -0.00000		 -0.00000
 -0.00000		 -0.00000
 -0.00000		 -0.00000
 -0.00001		 -0.00000
 -0.00001		 -0.00000
 -0.00001		 -0.00000
 -0.00001		 -0.00000
 -0.00001		 -0.00000
 -0.00001		  0.00000
 -0.00001		  0.00000
 -0.00001		  0.00000
 -0.00001		  0.00001
 -0.00001		  0.00001
 -0.00001		  0.00001
 -0.00000		  0.00001
 -0.00000		  0.00001
 -0.00000		  0.00001
  0.00000		  0.00001
  0.00000		  0.00001
  0.00001		  0.00001
  0.00001		  0.00001
  0.00001		  0.00001
  0.00001		  0.00000
  0.00001		  0.00000
  0.00001		  0.00000
  0.00001		 -0.00000
  0.00001		 -0.00000
  0.00001		 -0.00000
  0.00001		 -0.00000
  0.00001		 -0.00001
  0.00001		 -0.00001
  0.00000		 -0.00001
  0.00000		 -0.00001
  0.00000		 -0.00001
  0.00000		 -0.00001
 -0.00000		 -0.00001
 -0.00000		 -0.00001
 -0.00000		 -0.00001
 -0.00000		 -0.00000
 -0.00000		 -0.00000
 -0.00000		 -0.00000
 -0.00000		 -0.00000
 -0.00000		 -0.00000
 -0.00000		 -0.00000
 -0.00000		 -0.00000
 -0.00000		 -0.00000
 -0.00000		 -0.00000
 -0.00000		 -0.00000
 -0.00001		 -0.00000
 -0.00001		 -0.00000
 -0.00001		 -0.00000
 -0.00001		  0.00000
 -0.00001		  0.00000
 -0.00001		  0.00000
 -0.00001		  0.00000
 -0.00001		  0.00001
 -0.00001		  0.00001
 -0.00000		  0.00001
 -0.00000		  0.00001
 -0.00000		  0.00001
  0.00000		  0.00001
  0.00000		  0.00001
  0.00000		  0.00001
  0.00000		  0.00001
  0.00001		  0.00001
  0.00001		  0.00001
  0.00001		  0.00000
  0.00001		  0.00000
  0.00001		  0.00000
  0.00001		  0.00000
  0.00001		 -0.00000
  0.00001		 -0.00000
  0.00001		 -0.00000
  0.00001		 -0.00000
  0.00001		 -0.00000
  0.00000		 -0.00000
  0.00000		 -0.00001
  0.00000		 -0.00001
  0.00000		 -0.00001
  0.00000		 -0.00001
  0.00000		 -0.00001
 -0.00000		 -0.00001
 -0.00000		 -0.00001
 -0.00000		 -0.00001
 -0.00000		 -0.00000
 -0.00000		 -0.00000
 -0.00000		 -0.00000
 -0.00000		 -0.00000
 -0.00000		 -0.00000
 -0.00000		 -0.00000
 -0.00000		 -0.00000
 -0.00000		 -0.00000
 -0.00000		 -0.00000
 -0.00000		  0.00000
 -0.00000		  0.00000
 -0.00000		  0.00000
 -0.00000		  0.00000
 -0.00000		  0.00000
 -0.00000		  0.00000
 -0.00000		  0.00000
 -0.00000		  0.00000
 -0.00000		  0.00000
 -0.00000		  0.00001
 -0.00000		  0.00001
 -0.00000		  0.00001
 -0.00000		  0.00001
  0.00000		  0.00001
  0.00000		  0.00001
  0.00000		  0.00001
  0.00001		  0.00001
  0.00001		  0.00000
  0.00001		  0.00000
  0.00001		  0.00000
  0.00001		  0.00000
  0.00001		 -0.00000
  0.00001		 -0.00000
  0.00001		 -0.00000
  0.00001		 -0.00000
  0.00000		 -0.00000
  0.00000		 -0.00001
  0.00000		 -0.00001
  0.00000		 -0.00001
  0.00000		 -0.00001
 -0.00000		 -0.00001
 -0.00000		 -0.00000
 -0.00000		 -0.00000
 -0.00000		 -0.00000
 -0.00000		 -0.00000
 -0.00000		 -0.00000
 -0.00000		 -0.00000
 -0.00000		 -0.00000
 -0.00000		 -0.00000
 -0.00000		 -0.00000
 -0.00000		 -0.00000
 -0.00000		 -0.00000
 -0.00000		 -0.00000
 -0.00000		 -0.00000
 -0.00000		 -0.00000
 -0.00000		  0.00000
 -0.00001		  0.00000
 -0.00000		  0.00000
 -0.00000		  0.00000
 -0.00000		  0.00000
 -0.00000		  0.00000
 -0.00000		  0.00000
 -0.00000		  0.00001
 -0.00000		  0.00001
 -0.00000		  0.00001
  0.00000		  0.00001
  0.00000		  0.00001
  0.00000		  0.00001
  0.00000		  0.00000
  0.00000		  0.00000
  0.00000		  0.00000
  0.00000		  0.00000
  0.00001		  0.00000
  0.00001		  0.00000
  0.00001		  0.00000
  0.00001		 -0.00000
  0.00000		 -0.00000
  0.00000		 -0.00000
  0.00000		 -0.00000
  0.00000		 -0.00000
  0.00000		 -0.00000
  0.00000		 -0.00000
  0.00000		 -0.00000
  0.00000		 -0.00000
  0.00000		 -0.00000
  0.00000		 -0.00000
 -0.00000		 -0.00000
 -0.00000		 -0.00000
 -0.00000		 -0.00000
 -0.00000		 -0.00000
 -0.00000		 -0.00000
 -0.00000		 -0.00000
 -0.00000		 -0.00000
 -0.00000		 -0.00000
 -0.00000		 -0.00000
 -0.00000		 -0.00000
 -0.00000		 -0.00000
 -0.00000		  0.00000
 -0.00000		  0.00000
 -0.00000		  0.00000
 -0.00000		  0.00000
 -0.00000		  0.00000
 -0.00000		  0.00000
 -0.00000		  0.00000
 -0.00000		  0.00000
 -0.00000		  0.00000
 -0.00000		  0.00000
 -0.00000		  0.00000
 -0.00000		  0.00000
 -0.00000		  0.00000
  0.00000		  0.00000
  0.00000		  0.00000
  0.00000		  0.00000
  0.00000		  0.00000
  0.00000		  0.00000
  0.00000		  0.00000
  0.00000		  0.00000
  0.00000		  0.00000
  0.00001		  0.00000
  0.00001		  0.00000
  0.00001		 -0.00000
  0.00001		 -0.00000
  0.00001		 -0.00000
  0.00000		 -0.00000
  0.00000		 -0.00000
  0.00000		 -0.00000
  0.00000		 -0.00000
  0.00000		 -0.00001
  0.00000		 -0.00001
 -0.00000		 -0.00000
 -0.00000		 -0.00000
 -0.00000		 -0.00000
 -0.00000		 -0.00000
 -0.00000		 -0.00000
 -0.00000		 -0.00000
 -0.00000		 -0.00000
 -0.00000		 -0.00000
 -0.00000		 -0.00000
 -0.00000		 -0.00000
 -0.00000		 -0.00000
 -0.00000		  0.00000
 -0.00000		  0.00000
 -0.00000		  0.00000
 -0.00000		  0.00000
 -0.00000		  0.00000
 -0.00000		  0.00000
 -0.00000		  0.00000
 -0.00000		  0.00000
 -0.00000		  0.00000
 -0.00000		  0.00000
 -0.00000		  0.00000
 -0.00000		  0.00000
 -0.00000		  0.00000
 -0.00000		  0.00000
  0.00000		  0.00000
  0.00000		  0.00000
  0.00000		  0.00000
  0.00000		  0.00000
  0.00000		  0.00000
  0.00000		  0.00000
  0.00000		  0.00000
  0.00000		  0.00000
  0.00000		  0.00000
  0.00000		 -0.00000
  0.00000		 -0.00000
  0.00000		 -0.00000
  0.00000		 -0.00000
  0.00000		 -0.00000
  0.00000		 -0.00000
  0.00000		 -0.00000
  0.00000		 -0.00000
  0.00000		 -0.00000
  0.00000		 -0.00000
  0.00000		 -0.00000
 -0.00000		 -0.00000
 -0.00000		 -0.00000
 -0.00000		 -0.00000
 -0.00000		 -0.00000
 -0.00000		 -0.00000
 -0.00000		 -0.00000
 -0.00000		 -0.00000
 -0.00000		 -0.00000
 -0.00000		 -0.00000
 -0.00000		 -0.00000
 -0.00000		  0.00000
 -0.00000		  0.00000
 -0.00000		  0.00000
 -0.00000		  0.00000
 -0.00000		  0.00000
 -0.00000		  0.00000
 -0.00000		  0.00000
 -0.00000		  0.00000
 -0.00000		  0.00000
 -0.00000		  0.00000
 -0.00000		  0.00000
  0.00000		  0.00000
  0.00000		  0.00000
  0.00000		  0.00000
  0.00000		  0.00000
  0.00000		  0.00000
  0.00000		  0.00000
  0.00000		  0.00000
  0.00000		  0.00000
  0.00000		  0.00000
  0.00000		  0.00000
  0.00000		  0.00000
  0.00000		  0.00000
  0.00000		  0.00000
  0.00000		  0.00000
  0.00000		 -0.00000
  0.00000		 -0.00000
  0.00000		 -0.00000
  0.00000		 -0.00000
  0.00000		 -0.00000
  0.00000		 -0.00000
  0.00000		 -0.00000
  0.00000		 -0.00000
  0.00000		 -0.00000
 -0.00000		 -0.00000
 -0.00000		 -0.00000
 -0.00000		 -0.00000
 -0.00000		 -0.00000
 -0.00000		 -0.00000
 -0.00000		 -0.00000
 -0.00000		 -0.00000
 -0.00000		 -0.00000
 -0.00000		 -0.00000
 -0.00000		  0.00000
 -0.00000		  0.00000
 -0.00000		  0.00000
 -0.00000		  0.00000
 -0.00000		  0.00000
 -0.00000		  0.00000
 -0.00000		  0.00000
 -0.00000		  0.00000
 -0.00000		  0.00000
 -0.00000		  0.00000
 -0.00000		  0.00000
 -0.00000		  0.00000
 -0.00000		  0.00000
 -0.00000		  0.00000
  0.00000		  0.00000
  0.00000		  0.00000
  0.00000		  0.00000
  0.00000		  0.00000
  0.00000		  0.00000
  0.00000		  0.00000
  0.00000		  0.00000
  0.00000		  0.00000
  0.00000		  0.00000
  0.00000		  0.00000
  0.00000		  0.00000
  0.00000		 -0.00000
  0.00000		 -0.00000
  0.00000		 -0.00000
  0.00000		 -0.00000
  0.00000		 -0.00000
  0.00000		 -0.00000
  0.00000		 -0.00000
  0.00000		 -0.00000
  0.00000		 -0.00000
 -0.00000		 -0.00000
 -0.00000		 -0.00000
 -0.00000		 -0.00000
 -0.00000		 -0.00000
 -0.00000		 -0.00000
 -0.00000		 -0.00000
 -0.00000		 -0.00000
 -0.00000		 -0.00000
 -0.00000		 -0.00000
 -0.00000		 -0.00000
 -0.00000		 -0.00000
 -0.00000		  0.00000
 -0.00000		  0.00000
 -0.00000		  0.00000
 -0.00000		  0.00000
 -0.00000		  0.00000
 -0.00000		  0.00000
 -0.00000		  0.00000
 -0.00000		  0.00000
 -0.00000		  0.00000
 -0.00000		  0.00000
  0.00000		  0.00000
  0.00000		  0.00000
  0.00000		  0.00000
  0.00000		  0.00000
  0.00000		  0.00000
  0.00000		  0.00000
  0.00000		  0.00000
  0.00000		  0.00000
  0.00000		  0.00000
  0.00000		  0.00000
  0.00000		  0.00000
  0.00000		  0.00000
  0.00000		  0.00000
  0.00000		  0.00000
  0.00000		  0.00000
  0.00000		 -0.00000
  0.00000		 -0.00000
  0.00000		 -0.00000
  0.00000		 -0.00000
  0.00000		 -0.00000
  0.00000		 -0.00000
  0.00000		 -0.00000
  0.00000		 -0.00000
  0.00000		 -0.00000
 -0.00000		 -0.00000
 -0.00000		 -0.00000
 -0.00000		 -0.00000
 -0.00000		 -0.00000
 -0.00000		 -0.00000
 -0.00000		 -0.00000
 -0.00000		 -0.00000
 -0.00000		 -0.00000
 -0.00000		 -0.00000
 -0.00000		  0.00000
 -0.00000		  0.00000
 -0.00000		  0.00000
 -0.00000		  0.00000
 -0.00000		  0.00000
 -0.00000		  0.00000
 -0.00000		  0.00000
 -0.00000		  0.00000
 -0.00000		  0.00000
 -0.00000		  0.00000
 -0.00000		  0.00000
  0.00000		  0.00000
  0.00000		  0.00000
  0.00000		  0.00000
  0.00000		  0.00000
  0.00000		  0.00000
  0.00000		  0.00000
  0.00000		  0.00000
  0.00000		  0.00000
  0.00000		  0.00000
  0.00000		  0.00000
  0.00000		  0.00000
  0.00000		  0.00000
  0.00000		  0.00000
  0.00000		  0.00000
  0.00000		 -0.00000
  0.00000		 -0.00000
  0.00000		 -0.00000
  0.00000		 -0.00000
  0.00000		 -0.00000
  0.00000		 -0.00000
  0.00000		 -0.00000
  0.00000		 -0.00000
  0.00000		 -0.00000
 -0.00000		 -0.00000
 -0.00000		 -0.00000
 -0.00000		 -0.00000
 -0.00000		 -0.00000
 -0.00000		 -0.00000
 -0.00000		 -0.00000
 -0.00000		 -0.00000
 -0.00000		 -0.00000
 -0.00000		 -0.00000
 -0.00000		 -0.00000
 -0.00000		 -0.00000
 -0.00000		  0.00000
 -0.00000		  0.00000
 -0.00000		  0.00000
 -0.00000		  0.00000
 -0.00000		  0.00000
 -0.00000		  0.00000
 -0.00000		  0.00000
 -0.00000		  0.00000
 -0.00000		  0.00000
 -0.00000		  0.00000
  0.00000		  0.00000
  0.00000		  0.00000
  0.00000		  0.00000
  0.00000		  0.00000
  0.00000		  0.00000
  0.00000		  0.00000
  0.00000		  0.00000
  0.00000		  0.00000
  0.00000		  0.00000
  0.00000		  0.00000
  0.00000		 -0.00000
  0.00000		 -0.00000
  0.00000		 -0.00000
  0.00000		 -0.00000
  0.00000		 -0.00000
  0.00000		 -0.00000
  0.00000		 -0.00000
  0.00000		 -0.00000
  0.00000		 -0.00000
  0.00000		 -0.00000
  0.00000		 -0.00000
  0.00000		 -0.00000
  0.00000		 -0.00000
  0.00000		 -0.00000
  0.00000		 -0.00000
 -0.00000		 -0.00000
 -0.00000		 -0.00000
 -0.00000		 -0.00000
 -0.00000		 -0.00000
 -0.00000		 -0.00000
 -0.00000		 -0.00000
 -0.00000		 -0.00000
 -0.00000		 -0.00000
 -0.00000		 -0.00000
 -0.00000		  0.00000
 -0.00000		  0.00000
 -0.00000		  0.00000
 -0.00000		  0.00000
 -0.00000		  0.00000
 -0.00000		  0.00000
 -0.00000		  0.00000
 -0.00000		  0.00000
  0.00000		  0.00000
  0.00000		  0.00000
  0.00000		  0.00000
  0.00000		  0.00000
  0.00000		  0.00000
  0.00000		  0.00000
  0.00000		  0.00000
  0.00000		  0.00000
  0.00000		  0.00000
  0.00000		  0.00000
  0.00000		  0.00000
  0.00000		  0.00000
  0.00000		  0.00000
  0.00000		  0.00000
  0.00000		  0.00000
  0.00000		 -0.00000
  0.00000		 -0.00000
  0.00000		 -0.00000
  0.00000		 -0.00000
  0.00000		 -0.00000
  0.00000		 -0.00000
  0.00000		 -0.00000
  0.00000		 -0.00000
  0.00000		 -0.00000
  0.00000		 -0.00000
  0.00000		 -0.00000
 -0.00000		 -0.00000
 -0.00000		 -0.00000
 -0.00000		 -0.00000
 -0.00000		 -0.00000
 -0.00000		 -0.00000
 -0.00000		 -0.00000
 -0.00000		 -0.00000
 -0.00000		 -0.00000
 -0.00000		 -0.00000
 -0.00000		  0.00000
 -0.00000		  0.00000
 -0.00000		  0.00000
 -0.00000		  0.00000
 -0.00000		  0.00000
 -0.00000		  0.00000
 -0.00000		  0.00000
 -0.00000		  0.00000
 -0.00000		  0.00000
 -0.00000		  0.00000
 -0.00000		  0.00000
 -0.00000		  0.00000
  0.00000		  0.00000
  0.00000		  0.00000
  0.00000		  0.00000
  0.00000		  0.00000
  0.00000		  0.00000
  0.00000		  0.00000
  0.00000		  0.00000
  0.00000		  0.00000
  0.00000		  0.00000
  0.00000		  0.00000
  0.00000		 -0.00000
  0.00000		 -0.00000
  0.00000		 -0.00000
  0.00000		 -0.00000
  0.00000		 -0.00000
  0.00000		 -0.00000
  0.00000		 -0.00000
  0.00000		 -0.00000
  0.00000		 -0.00000
  0.00000		 -0.00000
  0.00000		 -0.00000
 -0.00000		 -0.00000
 -0.00000		 -0.00000
 -0.00000		 -0.00000
 -0.00000		 -0.00000
 -0.00000		 -0.00000
 -0.00000		 -0.00000
 -0.00000		 -0.00000
 -0.00000		 -0.00000
 -0.00000		 -0.00000
 -0.00000		 -0.00000
 -0.00000		 -0.00000
 -0.00000		 -0.00000
 -0.00000		 -0.00000
 -0.00000		  0.00000
 -0.00000		  0.00000
 -0.00000		  0.00000
 -0.00000		  0.00000
 -0.00000		  0.00000
 -0.00000		  0.00000
 -0.00000		  0.00000
 -0.00000		  0.00000
  0.00000		  0.00000
  0.00000		  0.00000
  0.00000		  0.00000
  0.00000		  0.00000
  0.00000		  0.00000
  0.00000		  0.00000
  0.00000		  0.00000
  0.00000		  0.00000
  0.00000		  0.00000
  0.00000		  0.00000
  0.00000		  0.00000
  0.00000		  0.00000
  0.00000		 -0.00000
  0.00000		 -0.00000
  0.00000		 -0.00000
  0.00000		 -0.00000
  0.00000		 -0.00000
  0.00000		 -0.00000
  0.00000		 -0.00000
  0.00000		 -0.00000
  0.00000		 -0.00000
  0.00000		 -0.00000
  0.00000		 -0.00000
  0.00000		 -0.00000
 -0.00000		 -0.00000
 -0.00000		 -0.00000
 -0.00000		 -0.00000
 -0.00000		 -0.00000
 -0.00000		 -0.00000
 -0.00000		 -0.00000
 -0.00000		 -0.00000
 -0.00000		 -0.00000
 -0.00000		 -0.00000
 -0.00000		 -0.00000
 -0.00000		 -0.00000
 -0.00000		 -0.00000
 -0.00000		  0.00000
 -0.00000		  0.00000
 -0.00000		  0.00000
 -0.00000		  0.00000
 -0.00000		  0.00000
 -0.00000		  0.00000
 -0.00000		  0.00000
 -0.00000		  0.00000
  0.00000		  0.00000
  0.00000		  0.00000
  0.00000		  0.00000
  0.00000		  0.00000
  0.00000		  0.00000
  0.00000		  0.00000
  0.00000		  0.00000
  0.00000		  0.00000
  0.00000		  0.00000
  0.00000		  0.00000
  0.00000		  0.00000
  0.00000		 -0.00000
  0.00000		 -0.00000
  0.00000		 -0.00000
  0.00000		 -0.00000
  0.00000		 -0.00000
  0.00000		 -0.00000
  0.00000		 -0.00000
  0.00000		 -0.00000
  0.00000		 -0.00000
  0.00000		 -0.00000
  0.00000		 -0.00000
  0.00000		 -0.00000
  0.00000		 -0.00000
 -0.00000		 -0.00000
 -0.00000		 -0.00000
 -0.00000		 -0.00000
 -0.00000		 -0.00000
 -0.00000		 -0.00000
 -0.00000		 -0.00000
 -0.00000		 -0.00000
 -0.00000		 -0.00000
 -0.00000		 -0.00000
 -0.00000		 -0.00000
 -0.00000		 -0.00000
 -0.00000		  0.00000
 -0.00000		  0.00000
 -0.00000		  0.00000
 -0.00000		  0.00000
 -0.00000		  0.00000
 -0.00000		  0.00000
 -0.00000		  0.00000
 -0.00000		  0.00000
 -0.00000		  0.00000
 -0.00000		  0.00000
 -0.00000		  0.00000
  0.00000		  0.00000
  0.00000		  0.00000
  0.00000		  0.00000
  0.00000		  0.00000
  0.00000		  0.00000
  0.00000		  0.00000
  0.00000		  0.00000
  0.00000		  0.00000
  0.00000		 -0.00000
  0.00000		 -0.00000
  0.00000		 -0.00000
  0.00000		 -0.00000
  0.00000		 -0.00000
  0.00000		 -0.00000
  0.00000		 -0.00000
  0.00000		 -0.00000
  0.00000		 -0.00000
  0.00000		 -0.00000
  0.00000		 -0.00000
  0.00000		 -0.00000
  0.00000		 -0.00000
  0.00000		 -0.00000
 -0.00000		 -0.00000
 -0.00000		 -0.00000
 -0.00000		 -0.00000
 -0.00000		 -0.00000
 -0.00000		 -0.00000
 -0.00000		 -0.00000
 -0.00000		 -0.00000
 -0.00000		 -0.00000
 -0.00000		 -0.00000
 -0.00000		 -0.00000
 -0.00000		 -0.00000
 -0.00000		  0.00000
 -0.00000		  0.00000
 -0.00000		  0.00000
 -0.00000		  0.00000
 -0.00000		  0.00000
 -0.00000		  0.00000
 -0.00000		  0.00000
 -0.00000		  0.00000
 -0.00000		  0.00000
 -0.00000		  0.00000
 -0.00000		  0.00000
  0.00000		  0.00000
  0.00000		  0.00000
  0.00000		  0.00000
  0.00000		  0.00000
  0.00000		  0.00000
  0.00000		  0.00000
  0.00000		  0.00000
  0.00000		  0.00000
  0.00000		 -0.00000
  0.00000		 -0.00000
  0.00000		 -0.00000
  0.00000		 -0.00000
  0.00000		 -0.00000
  0.00000		 -0.00000
  0.00000		 -0.00000
  0.00000		 -0.00000
  0.00000		 -0.00000
  0.00000		 -0.00000
  0.00000		 -0.00000
  0.00000		 -0.00000
  0.00000		 -0.00000
  0.00000		 -0.00000
 -0.00000		 -0.00000
 -0.00000		 -0.00000
 -0.00000		 -0.00000
 -0.00000		 -0.00000
 -0.00000		 -0.00000
 -0.00000		 -0.00000
 -0.00000		 -0.00000
 -0.00000		 -0.00000
 -0.00000		 -0.00000
 -0.00000		 -0.00000
 -0.00000		 -0.00000
 -0.00000		  0.00000
 -0.00000		  0.00000
 -0.00000		  0.00000
 -0.00000		  0.00000
 -0.00000		  0.00000
 -0.00000		  0.00000
 -0.00000		  0.00000
 -0.00000		  0.00000
 -0.00000		  0.00000
  0.00000		  0.00000
  0.00000		  0.00000
  0.00000		  0.00000
  0.00000		  0.00000
  0.00000		  0.00000
  0.00000		  0.00000
  0.00000		  0.00000
  0.00000		  0.00000
  0.00000		  0.00000
  0.00000		  0.00000
  0.00000		  0.00000
  0.00000		  0.00000
  0.00000		  0.00000
  0.00000		 -0.00000
  0.00000		 -0.00000
  0.00000		 -0.00000
  0.00000		 -0.00000
  0.00000		 -0.00000
  0.00000		 -0.00000
  0.00000		 -0.00000
  0.00000		 -0.00000
  0.00000		 -0.00000
  0.00000		 -0.00000
 -0.00000		 -0.00000
 -0.00000		 -0.00000
 -0.00000		 -0.00000
 -0.00000		 -0.00000
 -0.00000		 -0.00000
 -0.00000		 -0.00000
 -0.00000		 -0.00000
 -0.00000		 -0.00000
 -0.00000		 -0.00000
 -0.00000		 -0.00000
 -0.00000		  0.00000
 -0.00000		  0.00000
 -0.00000		  0.00000
 -0.00000		  0.00000
 -0.00000		  0.00000
 -0.00000		  0.00000
 -0.00000		  0.00000
 -0.00000		  0.00000
 -0.00000		  0.00000
 -0.00000		  0.00000
 -0.00000		  0.00000
 -0.00000		  0.00000
  0.00000		  0.00000
  0.00000		  0.00000
  0.00000		  0.00000
  0.00000		  0.00000
  0.00000		  0.00000
  0.00000		  0.00000
  0.00000		  0.00000
  0.00000		  0.00000
  0.00000		  0.00000
  0.00000		  0.00000
  0.00000		  0.00000
  0.00000		  0.00000
  0.00000		 -0.00000
  0.00000		 -0.00000
  0.00000		 -0.00000
  0.00000		 -0.00000
  0.00000		 -0.00000
  0.00000		 -0.00000
  0.00000		 -0.00000
  0.00000		 -0.00000
  0.00000		 -0.00000
 -0.00000		 -0.00000
 -0.00000		 -0.00000
 -0.00000		 -0.00000
 -0.00000		 -0.00000
 -0.00000		 -0.00000
 -0.00000		 -0.00000
 -0.00000		 -0.00000
 -0.00000		 -0.00000
 -0.00000		 -0.00000
 -0.00000		 -0.00000
 -0.00000		 -0.00000
 -0.00000		 -0.00000
 -0.00000		 -0.00000
 -0.00000		  0.00000
 -0.00000		  0.00000
 -0.00000		  0.00000
 -0.00000		  0.00000
 -0.00000		  0.00000
 -0.00000		  0.00000
 -0.00000		  0.00000
 -0.00000		  0.00000
 -0.00000		  0.00000
 -0.00000		  0.00000
  0.00000		  0.00000
  0.00000		  0.00000
  0.00000		  0.00000
  0.00000		  0.00000
  0.00000		  0.00000
  0.00000		  0.00000
  0.00000		  0.00000
  0.00000		  0.00000
  0.00000		  0.00000
  0.00000		 -0.00000
  0.00000		 -0.00000
  0.00000		 -0.00000
  0.00000		 -0.00000
  0.00000		 -0.00000
  0.00000		 -0.00000
  0.00000		 -0.00000
  0.00000		 -0.00000
  0.00000		 -0.00000
  0.00000		 -0.00000
  0.00000		 -0.00000
  0.00000		 -0.00000
  0.00000		 -0.00000
  0.00000		 -0.00000
  0.00000		 -0.00000
 -0.00000		 -0.00000
 -0.00000		 -0.00000
 -0.00000		 -0.00000
 -0.00000		 -0.00000
 -0.00000		 -0.00000
 -0.00000		 -0.00000
 -0.00000		 -0.00000
 -0.00000		 -0.00000
 -0.00000		 -0.00000
 -0.00000		  0.00000
 -0.00000		  0.00000
 -0.00000		  0.00000
 -0.00000		  0.00000
 -0.00000		  0.00000
 -0.00000		  0.00000
 -0.00000		  0.00000
 -0.00000		  0.00000
 -0.00000		  0.00000
  0.00000		  0.00000
  0.00000		  0.00000
  0.00000		  0.00000
  0.00000		  0.00000
  0.00000		  0.00000
  0.00000		  0.00000
  0.00000		  0.00000
  0.00000		  0.00000
  0.00000		  0.00000
  0.00000		  0.00000
  0.00000		  0.00000
  0.00000		  0.00000
  0.00000		  0.00000
  0.00000		  0.00000
  0.00000		 -0.00000
  0.00000		 -0.00000
  0.00000		 -0.00000
  0.00000		 -0.00000
  0.00000		 -0.00000
  0.00000		 -0.00000
  0.00000		 -0.00000
  0.00000		 -0.00000
  0.00000		 -0.00000
 -0.00000		 -0.00000
 -0.00000		 -0.00000
 -0.00000		 -0.00000
 -0.00000		 -0.00000
 -0.00000		 -0.00000
 -0.00000		 -0.00000
 -0.00000		 -0.00000
 -0.00000		 -0.00000
 -0.00000		 -0.00000
 -0.00000		 -0.00000
 -0.00000		 -0.00000
 -0.00000		 -0.00000
 -0.00000		  0.00000
 -0.00000		  0.00000
 -0.00000		  0.00000
 -0.00000		  0.00000
 -0.00000		  0.00000
 -0.00000		  0.00000
 -0.00000		  0.00000
 -0.00000		  0.00000
 -0.00000		  0.00000
 -0.00000		  0.00000
 -0.00000		  0.00000
  0.00000		  0.00000
  0.00000		  0.00000
  0.00000		  0.00000
  0.00000		  0.00000
  0.00000		  0.00000
  0.00000		  0.00000
  0.00000		  0.00000
  0.00000		  0.00000
  0.00000		  0.00000
  0.00000		  0.00000
  0.00000		 -0.00000
  0.00000		 -0.00000
  0.00000		 -0.00000
  0.00000		 -0.00000
  0.00000		 -0.00000
  0.00000		 -0.00000
  0.00000		 -0.00000
  0.00000		 -0.00000
  0.00000		 -0.00000
  0.00000		 -0.00000
  0.00000		 -0.00000
 -0.00000		 -0.00000
 -0.00000		 -0.00000
 -0.00000		 -0.00000
 -0.00000		 -0.00000
 -0.00000		 -0.00000
 -0.00000		 -0.00000
 -0.00000		 -0.00000
 -0.00000		 -0.00000
 -0.00000		 -0.00000
 -0.00000		 -0.00000
 -0.00000		 -0.00000
 -0.00000		 -0.00000
 -0.00000		 -0.00000
 -0.00000		  0.00000
 -0.00000		  0.00000
 -0.00000		  0.00000
 -0.00000		  0.00000
 -0.00000		  0.00000
 -0.00000		  0.00000
 -0.00000		  0.00000
 -0.00000		  0.00000
 -0.00000		  0.00000
  0.00000		  0.00000
  0.00000		  0.00000
  0.00000		  0.00000
  0.00000		  0.00000
  0.00000		  0.00000
  0.00000		  0.00000
  0.00000		  0.00000
  0.00000		  0.00000
  0.00000		  0.00000
  0.00000		  0.00000
  0.00000		  0.00000
  0.00000		  0.00000
  0.00000		 -0.00000
  0.00000		 -0.00000
  0.00000		 -0.00000
  0.00000		 -0.00000
  0.00000		 -0.00000
  0.00000		 -0.00000
  0.00000		 -0.00000
  0.00000		 -0.00000
  0.00000		 -0.00000
  0.00000		 -0.00000
  0.00000		 -0.00000
 -0.00000		 -0.00000
 -0.00000		 -0.00000
 -0.00000		 -0.00000
 -0.00000		 -0.00000
 -0.00000		 -0.00000
 -0.00000		 -0.00000
 -0.00000		 -0.00000
 -0.00000		 -0.00000
 -0.00000		 -0.00000
 -0.00000		  0.00000
 -0.00000		  0.00000
 -0.00000		  0.00000
 -0.00000		  0.00000
 -0.00000		  0.00000
 -0.00000		  0.00000
 -0.00000		  0.00000
 -0.00000		  0.00000
 -0.00000		  0.00000
 -0.00000		  0.00000
 -0.00000		  0.00000
 -0.00000		  0.00000
 -0.00000		  0.00000
 -0.00000		  0.00000
  0.00000		  0.00000
  0.00000		  0.00000
  0.00000		  0.00000
  0.00000		  0.00000
  0.00000		  0.00000
  0.00000		  0.00000
  0.00000		  0.00000
  0.00000		  0.00000
  0.00000		  0.00000
  0.00000		  0.00000
  0.00000		 -0.00000
  0.00000		 -0.00000
  0.00000		 -0.00000
  0.00000		 -0.00000
  0.00000		 -0.00000
  0.00000		 -0.00000
  0.00000		 -0.00000
  0.00000		 -0.00000
  0.00000		 -0.00000
 -0.00000		 -0.00000
 -0.00000		 -0.00000
 -0.00000		 -0.00000
 -0.00000		 -0.00000
 -0.00000		 -0.00000
 -0.00000		 -0.00000
 -0.00000		 -0.00000
 -0.00000		 -0.00000
 -0.00000		 -0.00000
 -0.00000		 -0.00000
 -0.00000		 -0.00000
 -0.00000		 -0.00000
 -0.00000		 -0.00000
 -0.00000		  0.00000
 -0.00000		  0.00000
 -0.00000		  0.00000
 -0.00000		  0.00000
 -0.00000		  0.00000
 -0.00000		  0.00000
 -0.00000		  0.00000
 -0.00000		  0.00000
 -0.00000		  0.00000
 -0.00000		  0.00000
 -0.00000		  0.00000
  0.00000		  0.00000
  0.00000		  0.00000
  0.00000		  0.00000
  0.00000		  0.00000
  0.00000		  0.00000
  0.00000		  0.00000
  0.00000		  0.00000
  0.00000		  0.00000
  0.00000		  0.00000
  0.00000		 -0.00000
  0.00000		 -0.00000
  0.00000		 -0.00000
  0.00000		 -0.00000
  0.00000		 -0.00000
  0.00000		 -0.00000
  0.00000		 -0.00000
  0.00000		 -0.00000
  0.00000		 -0.00000
  0.00000		 -0.00000
  0.00000		 -0.00000
  0.00000		 -0.00000
  0.00000		 -0.00000
 -0.00000		 -0.00000
 -0.00000		 -0.00000
 -0.00000		 -0.00000
 -0.00000		 -0.00000
 -0.00000		 -0.00000
 -0.00000		 -0.00000
 -0.00000		 -0.00000
 -0.00000		 -0.00000
 -0.00000		 -0.00000
 -0.00000		  0.00000
 -0.00000		  0.00000
 -0.00000		  0.00000
 -0.00000		  0.00000
 -0.00000		  0.00000
 -0.00000		  0.00000
 -0.00000		  0.00000
 -0.00000		  0.00000
 -0.00000		  0.00000
 -0.00000		  0.00000
 -0.00000		  0.00000
 -0.00000		  0.00000
  0.00000		  0.00000
  0.00000		  0.00000
  0.00000		  0.00000
  0.00000		  0.00000
  0.00000		  0.00000
  0.00000		  0.00000
  0.00000		  0.00000
  0.00000		  0.00000
  0.00000		  0.00000
  0.00000		  0.00000
  0.00000		  0.00000
  0.00000		  0.00000
  0.00000		 -0.00000
  0.00000		 -0.00000
  0.00000		 -0.00000
  0.00000		 -0.00000
  0.00000		 -0.00000
  0.00000		 -0.00000
  0.00000		 -0.00000
  0.00000		 -0.00000
  0.00000		 -0.00000
  0.00000		 -0.00000
 -0.00000		 -0.00000
 -0.00000		 -0.00000
 -0.00000		 -0.00000
 -0.00000		 -0.00000
 -0.00000		 -0.00000
 -0.00000		 -0.00000
 -0.00000		 -0.00000
 -0.00000		 -0.00000
 -0.00000		  0.00000
 -0.00000		  0.00000
 -0.00000		  0.00000
 -0.00000		  0.00000
 -0.00000		  0.00000
 -0.00000		  0.00000
 -0.00000		  0.00000
 -0.00000		  0.00000
 -0.00000		  0.00000
 -0.00000		  0.00000
 -0.00000		  0.00000
 -0.00000		  0.00000
 -0.00000		  0.00000
 -0.00000		  0.00000
 -0.00000		  0.00000
 -0.00000		  0.00000
 -0.00000		  0.00000
  0.00000		  0.00000
  0.00000		  0.00000
  0.00000		  0.00000
  0.00000		  0.00000
  0.00000		  0.00000
  0.00000		  0.00000
  0.00000		  0.00000
  0.00000		  0.00000
  0.00000		 -0.00000
  0.00000		 -0.00000
  0.00000		 -0.00000
  0.00000		 -0.00000
  0.00000		 -0.00000
  0.00000		 -0.00000
  0.00000		 -0.00000
  0.00000		 -0.00000
  0.00000		 -0.00000
 -0.00000		 -0.00000
 -0.00000		 -0.00000
 -0.00000		 -0.00000
 -0.00000		 -0.00000
 -0.00000		 -0.00000
 -0.00000		 -0.00000
 -0.00000		 -0.00000
 -0.00000		 -0.00000
 -0.00000		 -0.00000
 -0.00000		 -0.00000
 -0.00000		 -0.00000
 -0.00000		 -0.00000
 -0.00000		 -0.00000
 -0.00000		  0.00000
 -0.00000		  0.00000
 -0.00000		  0.00000
 -0.00000		  0.00000
 -0.00000		  0.00000
 -0.00000		  0.00000
 -0.00000		  0.00000
 -0.00000		  0.00000
 -0.00000		  0.00000
  0.00000		  0.00000
  0.00000		  0.00000
  0.00000		  0.00000
  0.00000		  0.00000
  0.00000		  0.00000
  0.00000		  0.00000
  0.00000		  0.00000
  0.00000		  0.00000
  0.00000		  0.00000
  0.00000		  0.00000
  0.00000		  0.00000
  0.00000		  0.00000
  0.00000		  0.00000
  0.00000		  0.00000
  0.00000		 -0.00000
  0.00000		 -0.00000
  0.00000		 -0.00000
  0.00000		 -0.00000
  0.00000		 -0.00000
  0.00000		 -0.00000
  0.00000		 -0.00000
  0.00000		 -0.00000
  0.00000		 -0.00000
  0.00000		 -0.00000
 -0.00000		 -0.00000
 -0.00000		 -0.00000
 -0.00000		 -0.00000
 -0.00000		 -0.00000
 -0.00000		 -0.00000
 -0.00000		 -0.00000
 -0.00000		 -0.00000
 -0.00000		 -0.00000
 -0.00000		 -0.00000
 -0.00000		 -0.00000
 -0.00000		 -0.00000
 -0.00000		  0.00000
 -0.00000		  0.00000
 -0.00000		  0.00000
 -0.00000		  0.00000
 -0.00000		  0.00000
 -0.00000		  0.00000
 -0.00000		  0.00000
 -0.00000		  0.00000
  0.00000		  0.00000
  0.00000		  0.00000
  0.00000		  0.00000
  0.00000		  0.00000
  0.00000		  0.00000
  0.00000		  0.00000
  0.00000		  0.00000
  0.00000		  0.00000
  0.00000		  0.00000
  0.00000		  0.00000
  0.00000		  0.00000
  0.00000		  0.00000
  0.00000		  0.00000
  0.00000		  0.00000
  0.00000		  0.00000
  0.00000		  0.00000
  0.00000		 -0.00000
  0.00000		 -0.00000
  0.00000		 -0.00000
  0.00000		 -0.00000
  0.00000		 -0.00000
  0.00000		 -0.00000
  0.00000		 -0.00000
  0.00000		 -0.00000
 -0.00000		 -0.00000
 -0.00000		 -0.00000
 -0.00000		 -0.00000
 -0.00000		 -0.00000
 -0.00000		 -0.00000
 -0.00000		 -0.00000
 -0.00000		 -0.00000
 -0.00000		 -0.00000
 -0.00000		 -0.00000
 -0.00000		  0.00000
 -0.00000		  0.00000
 -0.00000		  0.00000
 -0.00000		  0.00000
 -0.00000		  0.00000
 -0.00000		  0.00000
 -0.00000		  0.00000
 -0.00000		  0.00000
 -0.00000		  0.00000
 -0.00000		  0.00000
 -0.00000		  0.00000
 -0.00000		  0.00000
 -0.00000		  0.00000
 -0.00000		  0.00000
  0.00000		  0.00000
  0.00000		  0.00000
  0.00000		  0.00000
  0.00000		  0.00000
  0.00000		  0.00000
  0.00000		  0.00000
  0.00000		  0.00000
  0.00000		  0.00000
  0.00000		 -0.00000
  0.00000		 -0.00000
  0.00000		 -0.00000
  0.00000		 -0.00000
  0.00000		 -0.00000
  0.00000		 -0.00000
  0.00000		 -0.00000
  0.00000		 -0.00000
  0.00000		 -0.00000
  0.00000		 -0.00000
  0.00000		 -0.00000
  0.00000		 -0.00000
  0.00000		 -0.00000
  0.00000		 -0.00000
 -0.00000		 -0.00000
 -0.00000		 -0.00000
 -0.00000		 -0.00000
 -0.00000		 -0.00000
 -0.00000		 -0.00000
 -0.00000		 -0.00000
 -0.00000		 -0.00000
 -0.00000		 -0.00000
 -0.00000		 -0.00000
 -0.00000		 -0.00000
 -0.00000		  0.00000
 -0.00000		  0.00000
 -0.00000		  0.00000
 -0.00000		  0.00000
 -0.00000		  0.00000
 -0.00000		  0.00000
 -0.00000		  0.00000
 -0.00000		  0.00000
 -0.00000		  0.00000
 -0.00000		  0.00000
 -0.00000		  0.00000
  0.00000		  0.00000
  0.00000		  0.00000
  0.00000		  0.00000
  0.00000		  0.00000
  0.00000		  0.00000
  0.00000		  0.00000
  0.00000		  0.00000
  0.00000		  0.00000
  0.00000		 -0.00000
  0.00000		 -0.00000
  0.00000		 -0.00000
  0.00000		 -0.00000
  0.00000		 -0.00000
  0.00000		 -0.00000
  0.00000		 -0.00000
  0.00000		 -0.00000
  0.00000		 -0.00000
  0.00000		 -0.00000
  0.00000		 -0.00000
  0.00000		 -0.00000
  0.00000		 -0.00000
  0.00000		 -0.00000
  0.00000		 -0.00000
  0.00000		 -0.00000
  0.00000		 -0.00000
 -0.00000		 -0.00000
 -0.00000		 -0.00000
 -0.00000		 -0.00000
 -0.00000		 -0.00000
 -0.00000		 -0.00000
 -0.00000		 -0.00000
 -0.00000		 -0.00000
 -0.00000		 -0.00000
 -0.00000		  0.00000
 -0.00000		  0.00000
 -0.00000		  0.00000
 -0.00000		  0.00000
 -0.00000		  0.00000
 -0.00000		  0.00000
 -0.00000		  0.00000
 -0.00000		  0.00000
  0.00000		  0.00000
  0.00000		  0.00000
  0.00000		  0.00000
  0.00000		  0.00000
  0.00000		  0.00000
  0.00000		  0.00000
  0.00000		  0.00000
  0.00000		  0.00000
  0.00000		  0.00000
  0.00000		  0.00000
  0.00000		  0.00000
  0.00000		  0.00000
  0.00000		  0.00000
  0.00000		  0.00000
  0.00000		 -0.00000
  0.00000		 -0.00000
  0.00000		 -0.00000
  0.00000		 -0.00000
  0.00000		 -0.00000
  0.00000		 -0.00000
  0.00000		 -0.00000
  0.00000		 -0.00000
  0.00000		 -0.00000
 -0.00000		 -0.00000
 -0.00000		 -0.00000
 -0.00000		 -0.00000
 -0.00000		 -0.00000
 -0.00000		 -0.00000
 -0.00000		 -0.00000
 -0.00000		 -0.00000
 -0.00000		 -0.00000
