  0.15068		  0.02521
  0.29323		 -0.08327
  0.22932		 -0.20062
  0.12179		 -0.27971
 -0.00912		 -0.30582
 -0.13899		 -0.27404
 -0.24352		 -0.19019
 -0.30315		 -0.06966
 -0.30653		  0.06532
 -0.25266		  0.18987
 -0.15099		  0.28087
 -0.01983		  0.32128
  0.11708		  0.30322
  0.23480		  0.22935
  0.31175		  0.11255
  0.33356		 -0.02649
  0.29573		 -0.16295
  0.20451		 -0.27231
  0.07568		 -0.33480
 -0.06813		 -0.33887
 -0.20155		 -0.28341
 -0.30093		 -0.17782
 -0.34861		 -0.04044
 -0.33601		  0.10475
 -0.26521		  0.23234
 -0.14848		  0.32004
 -0.00622		  0.35257
  0.13679		  0.32439
  0.25568		  0.24060
  0.32995		  0.11604
  0.34698		 -0.02741
  0.30428		 -0.16470
  0.20987		 -0.27208
  0.08068		 -0.33119
 -0.06038		 -0.33239
 -0.18858		 -0.27626
 -0.28175		 -0.17345
 -0.32420		 -0.04269
 -0.30931		  0.09264
 -0.24077		  0.20865
 -0.13167		  0.28526
 -0.00211		  0.30966
  0.12450		  0.27856
  0.22562		  0.19860
  0.28363		  0.08512
  0.28894		 -0.04082
  0.24162		 -0.15618
  0.15122		 -0.24020
  0.03503		 -0.27809
 -0.08524		 -0.26365
 -0.18736		 -0.20034
 -0.25269		 -0.10051
 -0.26952		  0.01690
 -0.23518		  0.12986
 -0.15644		  0.21732
 -0.04825		  0.26300
  0.06902		  0.25848
  0.17340		  0.20461
  0.24528		  0.11139
  0.27101		 -0.00389
  0.24548		 -0.11977
  0.17303		 -0.21461
  0.06665		 -0.27049
 -0.05427		 -0.27655
 -0.16754		 -0.23100
 -0.25215		 -0.14144
 -0.29208		 -0.02368
 -0.27931		  0.10125
 -0.21526		  0.21070
 -0.11065		  0.28460
  0.01636		  0.30903
  0.14339		  0.27876
  0.24778		  0.19830
  0.31065		  0.08114
  0.32029		 -0.05258
  0.27426		 -0.17960
  0.17990		 -0.27761
  0.05309		 -0.32920
 -0.08449		 -0.32497
 -0.20917		 -0.26516
 -0.29937		 -0.15970
 -0.33946		 -0.02643
 -0.32239		  0.11196
 -0.25096		  0.23181
 -0.13734		  0.31276
 -0.00092		  0.34112
  0.13509		  0.31226
  0.24763		  0.23141
  0.31784		  0.11264
  0.33423		 -0.02360
  0.29468		 -0.15407
  0.20658		 -0.25679
  0.08562		 -0.31480
 -0.04719		 -0.31904
 -0.16909		 -0.26981
 -0.25962		 -0.17658
 -0.30406		 -0.05619
 -0.29594		  0.07014
 -0.23801		  0.18066
 -0.14155		  0.25683
 -0.02429		  0.28648
  0.09286		  0.26586
  0.18954		  0.20011
  0.24949		  0.10214
  0.26338		 -0.00979
  0.23025		 -0.11546
  0.15753		 -0.19628
  0.05956		 -0.23861
 -0.04520		 -0.23607
 -0.13755		 -0.19058
 -0.20101		 -0.11177
 -0.22476		 -0.01512
 -0.20554		  0.08097
 -0.14808		  0.15862
 -0.06405		  0.20373
  0.03012		  0.20847
  0.11639		  0.17272
  0.17847		  0.10391
  0.20478		  0.01560
  0.19059		 -0.07510
  0.13887		 -0.15076
  0.05962		 -0.19684
 -0.03194		 -0.20448
 -0.11830		 -0.17200
 -0.18284		 -0.10533
 -0.21300		 -0.01687
 -0.20258		  0.07681
 -0.15297		  0.15801
 -0.07285		  0.21118
  0.02327		  0.22583
  0.11775		  0.19846
  0.19300		  0.13332
  0.23475		  0.04164
  0.23461		 -0.06030
  0.19174		 -0.15413
  0.11307		 -0.22266
  0.01204		 -0.25304
 -0.09368		 -0.23910
 -0.18529		 -0.18250
 -0.24634		 -0.09257
 -0.26556		  0.01535
 -0.23897		  0.12258
 -0.17064		  0.21034
 -0.07198		  0.26314
  0.04017		  0.27147
  0.14653		  0.23355
  0.22872		  0.15561
  0.27250		  0.05090
  0.27027		 -0.06272
  0.22236		 -0.16576
  0.13700		 -0.24065
  0.02890		 -0.27466
 -0.08343		 -0.26217
 -0.18078		 -0.20563
 -0.24668		 -0.11501
 -0.27022		 -0.00611
 -0.24784		  0.10229
 -0.18399		  0.19168
 -0.09018		  0.24708
  0.01704		  0.25953
  0.11906		  0.22768
  0.19844		  0.15783
  0.24198		  0.06280
  0.24290		 -0.04046
  0.20202		 -0.13389
  0.12744		 -0.20144
  0.03299		 -0.23198
 -0.06429		 -0.22107
 -0.14719		 -0.17168
 -0.20144		 -0.09355
 -0.21814		 -0.00129
 -0.19528		  0.08826
 -0.13798		  0.15912
 -0.05741		  0.19896
  0.03125		  0.20133
  0.11167		  0.16667
  0.16932		  0.10215
  0.19407		  0.02023
  0.18198		 -0.06359
  0.13594		 -0.13378
  0.06504		 -0.17745
 -0.01714		 -0.18681
 -0.09510		 -0.16050
 -0.15422		 -0.10375
 -0.18353		 -0.02746
 -0.17761		  0.05396
 -0.13766		  0.12515
 -0.07116		  0.17272
  0.00945		  0.18763
  0.08910		  0.16692
  0.15281		  0.11425
  0.18858		  0.03919
  0.18943		 -0.04449
  0.15481		 -0.12134
  0.09067		 -0.17703
  0.00849		 -0.20101
 -0.07691		 -0.18843
 -0.14995		 -0.14106
 -0.19714		 -0.06702
 -0.20954		  0.02065
 -0.18441		  0.10631
 -0.12572		  0.17454
 -0.04352		  0.21288
  0.04784		  0.21409
  0.13226		  0.17749
  0.19471		  0.10911
  0.22396		  0.02066
  0.21452		 -0.07253
  0.16773		 -0.15417
  0.09144		 -0.20993
 -0.00124		 -0.22995
 -0.09432		 -0.21055
 -0.17168		 -0.15496
 -0.21990		 -0.07265
 -0.23066		  0.02219
 -0.20207		  0.11323
 -0.13913		  0.18482
 -0.05274		  0.22476
  0.04218		  0.22628
  0.12933		  0.18937
  0.19382		  0.12061
  0.22479		  0.03203
  0.21726		 -0.06100
  0.17295		 -0.14252
  0.09989		 -0.19868
  0.01098		 -0.22021
 -0.07829		 -0.20392
 -0.15259		 -0.15320
 -0.19940		 -0.07736
 -0.21115		  0.01011
 -0.18651		  0.09388
 -0.13043		  0.15958
 -0.05331		  0.19620
  0.03104		  0.19803
  0.10777		  0.16555
  0.16369		  0.10521
  0.18952		  0.02824
  0.18147		 -0.05147
  0.14180		 -0.11982
  0.07832		 -0.16505
  0.00286		 -0.17973
 -0.07085		 -0.16204
 -0.12972		 -0.11596
 -0.16358		 -0.05047
 -0.16700		  0.02217
 -0.14011		  0.08869
 -0.08852		  0.13719
 -0.02220		  0.15929
  0.04642		  0.15157
  0.10472		  0.11609
  0.14220		  0.05999
  0.15236		 -0.00600
  0.13384		 -0.06949
  0.09058		 -0.11871
  0.03102		 -0.14474
 -0.03350		 -0.14305
 -0.09085		 -0.11430
 -0.13034		 -0.06418
 -0.14473		 -0.00228
 -0.13149		  0.05967
 -0.09326		  0.11001
 -0.03733		  0.13930
  0.02573		  0.14208
  0.08406		  0.11780
  0.12666		  0.07100
  0.14548		  0.01041
  0.13685		 -0.05266
  0.10224		 -0.10639
  0.04791		 -0.14066
 -0.01613		 -0.14889
 -0.07806		 -0.12929
 -0.12634		 -0.08519
 -0.15185		 -0.02450
 -0.14959		  0.04177
 -0.11961		  0.10148
 -0.06705		  0.14356
 -0.00122		  0.16005
  0.06605		  0.14759
  0.12252		  0.10801
  0.15780		  0.04812
  0.16520		 -0.02156
  0.14299		 -0.08860
  0.09476		 -0.14092
  0.02876		 -0.16895
 -0.04343		 -0.16736
 -0.10907		 -0.13606
 -0.15642		 -0.08024
 -0.17691		 -0.00948
 -0.16661		  0.06391
 -0.12703		  0.12704
 -0.06483		  0.16875
  0.00932		  0.18156
  0.08256		  0.16300
  0.14215		  0.11610
  0.17766		  0.04882
  0.18282		 -0.02727
  0.15662		 -0.09907
  0.10349		 -0.15416
  0.03254		 -0.18304
 -0.04405		 -0.18072
 -0.11312		 -0.14763
 -0.16286		 -0.08949
 -0.18481		 -0.01631
 -0.17534		  0.05931
 -0.13622		  0.12446
 -0.07434		  0.16809
 -0.00043		  0.18293
  0.07280		  0.16672
  0.13289		  0.12254
  0.16975		  0.05826
  0.17741		 -0.01491
  0.15499		 -0.08439
  0.10678		 -0.13837
  0.04143		 -0.16792
 -0.02957		 -0.16843
 -0.09398		 -0.14040
 -0.14093		 -0.08921
 -0.16273		 -0.02413
 -0.15625		  0.04332
 -0.12327		  0.10150
 -0.07015		  0.14061
 -0.00662		  0.15438
  0.05604		  0.14112
  0.10694		  0.10390
  0.13755		  0.04990
  0.14311		 -0.01091
  0.12339		 -0.06764
  0.08266		 -0.11039
  0.02878		 -0.13202
 -0.02824		 -0.12933
 -0.07808		 -0.10355
 -0.11200		 -0.06004
 -0.12435		 -0.00720
 -0.11352		  0.04508
 -0.08217		  0.08726
 -0.03662		  0.11187
  0.01434		  0.11483
  0.06110		  0.09613
  0.09504		  0.05977
  0.11009		  0.01293
  0.10376		 -0.03538
  0.07761		 -0.07599
  0.03688		 -0.10134
 -0.01051		 -0.10677
 -0.05549		 -0.09145
 -0.08949		 -0.05842
 -0.10607		 -0.01405
 -0.10209		  0.03317
 -0.07827		  0.07424
 -0.03907		  0.10132
  0.00814		  0.10918
  0.05447		  0.09617
  0.09115		  0.06453
  0.11117		  0.02003
  0.11054		 -0.02916
  0.08909		 -0.07390
  0.05050		 -0.10579
  0.00166		 -0.11872
 -0.04859		 -0.11000
 -0.09104		 -0.08088
 -0.11780		 -0.03633
 -0.12375		  0.01577
 -0.10749		  0.06612
 -0.07159		  0.10560
 -0.02221		  0.12698
  0.03201		  0.12617
  0.08148		  0.10301
  0.11736		  0.06134
  0.13316		  0.00832
  0.12589		 -0.04684
  0.09661		 -0.09446
  0.05026		 -0.12614
 -0.00515		 -0.13625
 -0.06005		 -0.12290
 -0.10487		 -0.08832
 -0.13181		 -0.03844
 -0.13617		  0.01812
 -0.11719		  0.07157
 -0.07818		  0.11268
 -0.02591		  0.13439
  0.03054		  0.13301
  0.08142		  0.10889
  0.11801		  0.06634
  0.13408		  0.01282
  0.12703		 -0.04236
  0.09832		 -0.08964
  0.05311		 -0.12097
 -0.00058		 -0.13110
 -0.05338		 -0.11856
 -0.09615		 -0.08582
 -0.12162		 -0.03884
 -0.12563		  0.01400
 -0.10783		  0.06342
 -0.07167		  0.10087
 -0.02379		  0.12001
  0.02724		  0.11782
  0.07241		  0.09507
  0.10388		  0.05613
  0.11637		  0.00816
  0.10803		 -0.04020
  0.08072		 -0.08037
  0.03964		 -0.10538
 -0.00764		 -0.11105
 -0.05258		 -0.09673
 -0.08716		 -0.06532
 -0.10539		 -0.02277
 -0.10424		  0.02309
 -0.08424		  0.06396
 -0.04931		  0.09252
 -0.00596		  0.10380
  0.03782		  0.09598
  0.07407		  0.07074
  0.09629		  0.03288
  0.10061		 -0.01057
  0.08641		 -0.05163
  0.05645		 -0.08283
  0.01633		 -0.09856
 -0.02655		 -0.09605
 -0.06435		 -0.07589
 -0.09019		 -0.04183
 -0.09940		 -0.00015
 -0.09036		  0.04152
 -0.06477		  0.07558
 -0.02732		  0.09585
  0.01518		  0.09866
  0.05500		  0.08351
  0.08491		  0.05316
  0.09952		  0.01308
  0.09617		 -0.02947
  0.07544		 -0.06684
  0.04106		 -0.09228
 -0.00081		 -0.10122
 -0.04267		 -0.09204
 -0.07704		 -0.06636
 -0.09776		 -0.02875
 -0.10114		  0.01409
 -0.08657		  0.05454
 -0.05664		  0.08542
 -0.01665		  0.10126
  0.02630		  0.09929
  0.06464		  0.07987
  0.09161		  0.04646
  0.10250		  0.00500
  0.09546		 -0.03721
  0.07181		 -0.07276
  0.03578		 -0.09545
 -0.00625		 -0.10139
 -0.04689		 -0.08966
 -0.07903		 -0.06244
 -0.09714		 -0.02463
 -0.09819		  0.01707
 -0.08218		  0.05533
 -0.05210		  0.08352
 -0.01337		  0.09683
  0.02713		  0.09314
  0.06228		  0.07332
  0.08603		  0.04111
  0.09439		  0.00232
  0.08616		 -0.03613
  0.06308		 -0.06749
  0.02948		 -0.08639
 -0.00852		 -0.08972
 -0.04413		 -0.07722
 -0.07109		 -0.05141
 -0.08480		 -0.01714
 -0.08309		  0.01930
 -0.06659		  0.05136
 -0.03858		  0.07340
 -0.00433		  0.08167
  0.02985		  0.07496
  0.05777		  0.05480
  0.07449		  0.02512
  0.07718		 -0.00848
  0.06561		 -0.03979
  0.04215		 -0.06309
  0.01132		 -0.07421
 -0.02106		 -0.07130
 -0.04897		 -0.05507
 -0.06728		 -0.02870
 -0.07265		  0.00278
 -0.06420		  0.03344
 -0.04358		  0.05756
 -0.01472		  0.07063
  0.01695		  0.07023
  0.04550		  0.05641
  0.06556		  0.03175
  0.07332		  0.00082
  0.06727		 -0.03064
  0.04841		 -0.05675
  0.02015		 -0.07260
 -0.01239		 -0.07513
 -0.04323		 -0.06372
 -0.06665		 -0.04027
 -0.07828		 -0.00893
 -0.07579		  0.02470
 -0.05943		  0.05453
 -0.03195		  0.07510
  0.00187		  0.08256
  0.03605		  0.07537
  0.06451		  0.05459
  0.08209		  0.02374
  0.08555		 -0.01189
  0.07410		 -0.04607
  0.04956		 -0.07280
  0.01608		 -0.08735
 -0.02061		 -0.08706
 -0.05420		 -0.07189
 -0.07886		 -0.04433
 -0.09033		 -0.00907
 -0.08661		  0.02788
 -0.06830		  0.06023
 -0.03854		  0.08246
 -0.00239		  0.09083
  0.03398		  0.08398
  0.06443		  0.06316
  0.08385		  0.03199
  0.08909		 -0.00415
  0.07942		 -0.03911
  0.05668		 -0.06701
  0.02493		 -0.08327
 -0.01033		 -0.08534
 -0.04307		 -0.07317
 -0.06782		 -0.04912
 -0.08057		 -0.01755
 -0.07948		  0.01600
 -0.06510		  0.04577
 -0.04029		  0.06677
 -0.00961		  0.07570
  0.02146		  0.07141
  0.04755		  0.05508
  0.06429		  0.02998
  0.06910		  0.00081
  0.06157		 -0.02714
  0.04349		 -0.04898
  0.01848		 -0.06104
 -0.00869		 -0.06150
 -0.03304		 -0.05073
 -0.05022		 -0.03107
 -0.05731		 -0.00647
 -0.05332		  0.01836
 -0.03934		  0.03876
 -0.01829		  0.05102
  0.00567		  0.05300
  0.02790		  0.04456
  0.04416		  0.02749
  0.05139		  0.00521
  0.04827		 -0.01793
  0.03547		 -0.03741
  0.01548		 -0.04947
 -0.00786		 -0.05173
 -0.03004		 -0.04369
 -0.04677		 -0.02676
 -0.05474		 -0.00409
 -0.05228		  0.02011
 -0.03965		  0.04126
 -0.01899		  0.05531
  0.00601		  0.05945
  0.03081		  0.05267
  0.05084		  0.03595
  0.06231		  0.01211
  0.06295		 -0.01472
  0.05238		 -0.03979
  0.03221		 -0.05858
  0.00583		 -0.06762
 -0.02226		 -0.06514
 -0.04720		 -0.05136
 -0.06459		 -0.02847
 -0.07134		 -0.00028
 -0.06616		  0.02843
 -0.04981		  0.05278
 -0.02498		  0.06862
  0.00419		  0.07321
  0.03280		  0.06578
  0.05607		  0.04755
  0.07012		  0.02162
  0.07267		 -0.00768
  0.06340		 -0.03542
  0.04398		 -0.05704
  0.01776		 -0.06903
 -0.01078		 -0.06958
 -0.03688		 -0.05882
 -0.05625		 -0.03878
 -0.06586		 -0.01306
 -0.06438		  0.01393
 -0.05240		  0.03764
 -0.03229		  0.05421
 -0.00770		  0.06111
  0.01702		  0.05755
  0.03768		  0.04457
  0.05093		  0.02480
  0.05482		  0.00193
  0.04913		 -0.01991
  0.03531		 -0.03697
  0.01622		 -0.04645
 -0.00448		 -0.04707
 -0.02296		 -0.03916
 -0.03595		 -0.02459
 -0.04132		 -0.00640
 -0.03843		  0.01182
 -0.02821		  0.02660
 -0.01292		  0.03523
  0.00424		  0.03626
  0.01982		  0.02974
  0.03076		  0.01715
  0.03493		  0.00116
  0.03157		 -0.01494
  0.02140		 -0.02787
  0.00647		 -0.03498
 -0.01020		 -0.03474
 -0.02525		 -0.02709
 -0.03559		 -0.01340
 -0.03900		  0.00374
 -0.03457		  0.02104
 -0.02288		  0.03507
 -0.00591		  0.04297
  0.01327		  0.04294
  0.03110		  0.03465
  0.04417		  0.01930
  0.04983		 -0.00057
  0.04673		 -0.02151
  0.03505		 -0.03974
  0.01656		 -0.05189
 -0.00572		 -0.05558
 -0.02802		 -0.04983
 -0.04645		 -0.03535
 -0.05770		 -0.01435
 -0.05964		  0.00974
 -0.05172		  0.03291
 -0.03504		  0.05123
 -0.01224		  0.06152
  0.01297		  0.06194
  0.03646		  0.05229
  0.05431		  0.03405
  0.06355		  0.01016
  0.06261		 -0.01548
  0.05165		 -0.03868
  0.03246		 -0.05568
  0.00820		 -0.06372
 -0.01715		 -0.06158
 -0.03947		 -0.04970
 -0.05519		 -0.03014
 -0.06187		 -0.00620
 -0.05860		  0.01817
 -0.04614		  0.03900
 -0.02673		  0.05301
 -0.00374		  0.05810
  0.01900		  0.05374
  0.03777		  0.04095
  0.04964		  0.02213
  0.05294		  0.00061
  0.04747		 -0.01994
  0.03454		 -0.03615
  0.01663		 -0.04553
 -0.00299		 -0.04682
 -0.02092		 -0.04022
 -0.03420		 -0.02727
 -0.04079		 -0.01054
 -0.03992		  0.00687
 -0.03217		  0.02186
 -0.01930		  0.03192
 -0.00391		  0.03553
  0.01107		  0.03240
  0.02291		  0.02348
  0.02958		  0.01075
  0.03010		 -0.00319
  0.02466		 -0.01563
  0.01459		 -0.02423
  0.00204		 -0.02747
 -0.01042		 -0.02490
 -0.02031		 -0.01719
 -0.02571		 -0.00602
 -0.02560		  0.00630
 -0.02006		  0.01728
 -0.01022		  0.02469
  0.00193		  0.02702
  0.01397		  0.02375
  0.02348		  0.01547
  0.02852		  0.00373
  0.02798		 -0.00923
  0.02184		 -0.02089
  0.01112		 -0.02896
 -0.00224		 -0.03176
 -0.01578		 -0.02862
 -0.02695		 -0.01993
 -0.03358		 -0.00715
 -0.03433		  0.00748
 -0.02887		  0.02133
 -0.01803		  0.03186
 -0.00362		  0.03709
  0.01188		  0.03596
  0.02573		  0.02851
  0.03546		  0.01594
  0.03928		  0.00035
  0.03643		 -0.01558
  0.02732		 -0.02910
  0.01344		 -0.03782
 -0.00286		 -0.04021
 -0.01879		 -0.03581
 -0.03162		 -0.02533
 -0.03915		 -0.01055
 -0.04008		  0.00601
 -0.03426		  0.02153
 -0.02270		  0.03336
 -0.00739		  0.03950
  0.00902		  0.03895
  0.02374		  0.03185
  0.03428		  0.01947
  0.03887		  0.00399
  0.03682		 -0.01190
  0.02857		 -0.02548
  0.01562		 -0.03446
  0.00028		 -0.03737
 -0.01476		 -0.03382
 -0.02691		 -0.02453
 -0.03413		 -0.01124
 -0.03526		  0.00369
 -0.03023		  0.01761
 -0.02003		  0.02812
 -0.00657		  0.03344
  0.00772		  0.03274
  0.02031		  0.02628
  0.02901		  0.01531
  0.03235		  0.00188
  0.02985		 -0.01160
  0.02206		 -0.02270
  0.01047		 -0.02949
 -0.00276		 -0.03084
 -0.01524		 -0.02659
 -0.02474		 -0.01761
 -0.02959		 -0.00558
 -0.02898		  0.00728
 -0.02310		  0.01864
 -0.01309		  0.02646
 -0.00079		  0.02937
  0.01153		  0.02689
  0.02165		  0.01954
  0.02776		  0.00868
  0.02878		 -0.00369
  0.02457		 -0.01531
  0.01594		 -0.02410
  0.00446		 -0.02850
 -0.00777		 -0.02772
 -0.01854		 -0.02195
 -0.02593		 -0.01226
 -0.02862		 -0.00041
 -0.02617		  0.01147
 -0.01904		  0.02124
 -0.00852		  0.02716
  0.00347		  0.02820
  0.01478		  0.02420
  0.02341		  0.01590
  0.02782		  0.00481
  0.02727		 -0.00707
  0.02187		 -0.01764
  0.01263		 -0.02501
  0.00121		 -0.02790
 -0.01034		 -0.02583
 -0.01998		 -0.01921
 -0.02600		 -0.00924
 -0.02737		  0.00227
 -0.02389		  0.01327
 -0.01622		  0.02182
 -0.00576		  0.02643
  0.00562		  0.02630
  0.01587		  0.02153
  0.02321		  0.01299
  0.02635		  0.00225
  0.02479		 -0.00877
  0.01885		 -0.01812
  0.00964		 -0.02414
 -0.00117		 -0.02582
 -0.01165		 -0.02289
 -0.01994		 -0.01594
 -0.02459		 -0.00625
 -0.02482		  0.00444
 -0.02064		  0.01420
 -0.01284		  0.02132
 -0.00287		  0.02456
  0.00749		  0.02339
  0.01637		  0.01808
  0.02223		  0.00962
  0.02405		 -0.00044
  0.02156		 -0.01028
  0.01526		 -0.01816
  0.00633		 -0.02269
 -0.00362		 -0.02310
 -0.01278		 -0.01939
 -0.01953		 -0.01226
 -0.02269		 -0.00303
 -0.02175		  0.00661
 -0.01692		  0.01494
 -0.00912		  0.02047
  0.00021		  0.02225
  0.00938		  0.02002
  0.01673		  0.01421
  0.02098		  0.00592
  0.02140		 -0.00333
  0.01794		 -0.01186
  0.01129		 -0.01814
  0.00268		 -0.02106
 -0.00632		 -0.02014
 -0.01407		 -0.01556
 -0.01919		 -0.00821
 -0.02076		  0.00056
 -0.01854		  0.00915
 -0.01296		  0.01601
 -0.00506		  0.01990
  0.00371		  0.02014
  0.01176		  0.01670
  0.01763		  0.01025
  0.02027		  0.00195
  0.01922		 -0.00667
  0.01468		 -0.01406
  0.00748		 -0.01889
 -0.00105		 -0.02028
 -0.00938		 -0.01800
 -0.01601		 -0.01247
 -0.01975		 -0.00470
 -0.01992		  0.00392
 -0.01651		  0.01183
 -0.01013		  0.01761
 -0.00194		  0.02023
  0.00660		  0.01924
  0.01396		  0.01481
  0.01883		  0.00775
  0.02036		 -0.00069
  0.01828		 -0.00900
  0.01297		 -0.01570
  0.00539		 -0.01962
 -0.00312		 -0.02007
 -0.01104		 -0.01700
 -0.01698		 -0.01096
 -0.01990		 -0.00304
 -0.01932		  0.00535
 -0.01536		  0.01273
 -0.00874		  0.01781
 -0.00067		  0.01971
  0.00743		  0.01814
  0.01413		  0.01340
  0.01826		  0.00637
  0.01913		 -0.00169
  0.01661		 -0.00934
  0.01121		 -0.01523
  0.00391		 -0.01835
 -0.00397		 -0.01817
 -0.01102		 -0.01478
 -0.01600		 -0.00883
 -0.01805		 -0.00140
 -0.01684		  0.00615
 -0.01264		  0.01247
 -0.00624		  0.01645
  0.00118		  0.01739
  0.00828		  0.01518
  0.01377		  0.01024
  0.01669		  0.00349
  0.01652		 -0.00382
  0.01333		 -0.01036
  0.00772		 -0.01495
  0.00072		 -0.01678
 -0.00638		 -0.01551
 -0.01230		 -0.01141
 -0.01596		 -0.00522
 -0.01670		  0.00194
 -0.01440		  0.00876
 -0.00946		  0.01400
 -0.00278		  0.01673
  0.00444		  0.01643
  0.01091		  0.01316
  0.01546		  0.00750
  0.01727		  0.00044
  0.01601		 -0.00676
  0.01188		 -0.01282
  0.00561		 -0.01666
 -0.00170		 -0.01761
 -0.00878		 -0.01548
 -0.01439		 -0.01063
 -0.01754		 -0.00391
 -0.01770		  0.00352
 -0.01482		  0.01038
 -0.00941		  0.01549
 -0.00241		  0.01798
  0.00499		  0.01743
  0.01152		  0.01395
  0.01608		  0.00816
  0.01792		  0.00106
  0.01676		 -0.00614
  0.01283		 -0.01222
  0.00683		 -0.01618
 -0.00018		 -0.01739
 -0.00701		 -0.01570
 -0.01252		 -0.01147
 -0.01582		 -0.00545
 -0.01641		  0.00128
 -0.01429		  0.00758
 -0.00988		  0.01239
 -0.00402		  0.01498
  0.00225		  0.01497
  0.00785		  0.01247
  0.01186		  0.00802
  0.01366		  0.00247
  0.01305		 -0.00318
  0.01024		 -0.00794
  0.00586		 -0.01102
  0.00075		 -0.01198
 -0.00414		 -0.01075
 -0.00794		 -0.00768
 -0.01000		 -0.00343
 -0.01006		  0.00114
 -0.00820		  0.00517
 -0.00489		  0.00790
 -0.00083		  0.00889
  0.00313		  0.00801
  0.00623		  0.00552
  0.00785		  0.00198
  0.00772		 -0.00186
  0.00588		 -0.00519
  0.00276		 -0.00732
 -0.00100		 -0.00782
 -0.00460		 -0.00656
 -0.00729		 -0.00378
 -0.00848		 -0.00003
 -0.00787		  0.00393
 -0.00552		  0.00731
 -0.00184		  0.00939
  0.00251		  0.00968
  0.00668		  0.00803
  0.00985		  0.00466
  0.01137		  0.00014
  0.01083		 -0.00474
  0.00825		 -0.00910
  0.00399		 -0.01209
 -0.00127		 -0.01310
 -0.00662		 -0.01185
 -0.01112		 -0.00847
 -0.01394		 -0.00344
 -0.01452		  0.00241
 -0.01268		  0.00812
 -0.00865		  0.01271
 -0.00303		  0.01537
  0.00327		  0.01559
  0.00921		  0.01328
  0.01382		  0.00876
  0.01630		  0.00274
  0.01623		 -0.00382
  0.01357		 -0.00986
  0.00875		 -0.01439
  0.00252		 -0.01668
 -0.00411		 -0.01636
 -0.01008		 -0.01347
 -0.01443		 -0.00851
 -0.01649		 -0.00226
 -0.01595		  0.00424
 -0.01294		  0.00997
 -0.00798		  0.01402
 -0.00191		  0.01579
  0.00428		  0.01506
  0.00961		  0.01200
  0.01324		  0.00718
  0.01466		  0.00143
  0.01372		 -0.00429
  0.01067		 -0.00906
  0.00610		 -0.01215
  0.00081		 -0.01315
 -0.00428		 -0.01199
 -0.00836		 -0.00898
 -0.01081		 -0.00473
 -0.01132		 -0.00001
 -0.00992		  0.00435
 -0.00697		  0.00763
 -0.00309		  0.00934
  0.00099		  0.00930
  0.00453		  0.00763
  0.00694		  0.00474
  0.00786		  0.00125
  0.00721		 -0.00216
  0.00524		 -0.00485
  0.00240		 -0.00634
 -0.00070		 -0.00643
 -0.00344		 -0.00516
 -0.00526		 -0.00287
 -0.00585		 -0.00006
 -0.00510		  0.00268
 -0.00321		  0.00475
 -0.00059		  0.00575
  0.00221		  0.00545
  0.00459		  0.00391
  0.00607		  0.00143
  0.00629		 -0.00150
  0.00517		 -0.00430
  0.00290		 -0.00638
 -0.00012		 -0.00730
 -0.00334		 -0.00683
 -0.00612		 -0.00500
 -0.00793		 -0.00208
 -0.00837		  0.00140
 -0.00730		  0.00484
 -0.00486		  0.00761
 -0.00143		  0.00916
  0.00242		  0.00919
  0.00601		  0.00764
  0.00872		  0.00471
  0.01004		  0.00090
  0.00972		 -0.00319
  0.00778		 -0.00684
  0.00451		 -0.00945
  0.00045		 -0.01054
 -0.00374		 -0.00993
 -0.00736		 -0.00770
 -0.00980		 -0.00421
 -0.01066		 -0.00005
 -0.00980		  0.00411
 -0.00737		  0.00758
 -0.00379		  0.00979
  0.00035		  0.01039
  0.00435		  0.00932
  0.00755		  0.00677
  0.00946		  0.00320
  0.00978		 -0.00078
  0.00851		 -0.00450
  0.00589		 -0.00734
  0.00243		 -0.00887
 -0.00129		 -0.00888
 -0.00462		 -0.00741
 -0.00701		 -0.00478
 -0.00810		 -0.00149
 -0.00775		  0.00188
 -0.00610		  0.00473
 -0.00348		  0.00660
 -0.00041		  0.00719
  0.00255		  0.00647
  0.00487		  0.00462
  0.00616		  0.00203
  0.00622		 -0.00079
  0.00509		 -0.00330
  0.00305		 -0.00505
  0.00050		 -0.00572
 -0.00205		 -0.00523
 -0.00410		 -0.00370
 -0.00526		 -0.00145
 -0.00532		  0.00105
 -0.00428		  0.00332
 -0.00235		  0.00491
  0.00009		  0.00550
  0.00255		  0.00496
  0.00456		  0.00339
  0.00570		  0.00108
  0.00574		 -0.00153
  0.00465		 -0.00394
  0.00260		 -0.00569
 -0.00005		 -0.00642
 -0.00281		 -0.00597
 -0.00516		 -0.00437
 -0.00667		 -0.00190
 -0.00703		  0.00103
 -0.00614		  0.00389
 -0.00411		  0.00618
 -0.00129		  0.00746
  0.00185		  0.00749
  0.00477		  0.00622
  0.00696		  0.00385
  0.00803		  0.00077
  0.00776		 -0.00251
  0.00619		 -0.00543
  0.00357		 -0.00750
  0.00032		 -0.00835
 -0.00302		 -0.00784
 -0.00588		 -0.00603
 -0.00779		 -0.00324
 -0.00843		  0.00008
 -0.00770		  0.00338
 -0.00573		  0.00611
 -0.00285		  0.00783
  0.00046		  0.00826
  0.00364		  0.00734
  0.00617		  0.00526
  0.00765		  0.00238
  0.00786		 -0.00082
  0.00679		 -0.00380
  0.00465		 -0.00607
  0.00183		 -0.00728
 -0.00119		 -0.00726
 -0.00390		 -0.00605
 -0.00585		 -0.00390
 -0.00676		 -0.00120
 -0.00650		  0.00157
 -0.00517		  0.00394
 -0.00304		  0.00553
 -0.00051		  0.00610
  0.00196		  0.00560
  0.00395		  0.00416
  0.00514		  0.00209
  0.00535		 -0.00023
  0.00460		 -0.00236
  0.00307		 -0.00394
  0.00107		 -0.00470
 -0.00100		 -0.00455
 -0.00277		 -0.00355
 -0.00391		 -0.00194
 -0.00424		 -0.00004
 -0.00372		  0.00178
 -0.00249		  0.00317
 -0.00081		  0.00387
  0.00099		  0.00377
  0.00254		  0.00290
  0.00354		  0.00145
  0.00381		 -0.00029
  0.00329		 -0.00197
  0.00209		 -0.00325
  0.00044		 -0.00388
 -0.00133		 -0.00373
 -0.00288		 -0.00282
 -0.00389		 -0.00132
 -0.00417		  0.00050
 -0.00363		  0.00229
 -0.00237		  0.00370
 -0.00060		  0.00445
  0.00136		  0.00439
  0.00313		  0.00351
  0.00440		  0.00193
  0.00490		 -0.00005
  0.00454		 -0.00210
  0.00334		 -0.00385
  0.00151		 -0.00496
 -0.00065		 -0.00523
 -0.00275		 -0.00459
 -0.00442		 -0.00313
 -0.00538		 -0.00109
 -0.00542		  0.00117
 -0.00454		  0.00328
 -0.00287		  0.00487
 -0.00069		  0.00565
  0.00163		  0.00549
  0.00370		  0.00441
  0.00516		  0.00258
  0.00577		  0.00031
  0.00542		 -0.00201
  0.00417		 -0.00399
  0.00223		 -0.00531
 -0.00006		 -0.00574
 -0.00232		 -0.00522
 -0.00418		 -0.00384
 -0.00532		 -0.00184
 -0.00556		  0.00042
 -0.00488		  0.00258
 -0.00341		  0.00427
 -0.00141		  0.00521
  0.00078		  0.00526
  0.00278		  0.00444
  0.00426		  0.00290
  0.00498		  0.00093
  0.00484		 -0.00113
  0.00390		 -0.00293
  0.00233		 -0.00416
  0.00043		 -0.00465
 -0.00146		 -0.00432
 -0.00302		 -0.00326
 -0.00399		 -0.00170
 -0.00422		  0.00009
 -0.00371		  0.00178
 -0.00256		  0.00308
 -0.00101		  0.00376
  0.00064		  0.00373
  0.00210		  0.00303
  0.00310		  0.00180
  0.00348		  0.00030
  0.00320		 -0.00119
  0.00231		 -0.00240
  0.00102		 -0.00310
 -0.00042		 -0.00318
 -0.00174		 -0.00263
 -0.00268		 -0.00158
 -0.00307		 -0.00024
 -0.00284		  0.00113
 -0.00205		  0.00227
 -0.00084		  0.00294
  0.00054		  0.00302
  0.00183		  0.00250
  0.00276		  0.00147
  0.00317		  0.00012
  0.00296		 -0.00128
  0.00216		 -0.00248
  0.00091		 -0.00322
 -0.00055		 -0.00338
 -0.00197		 -0.00289
 -0.00306		 -0.00183
 -0.00363		 -0.00040
 -0.00354		  0.00117
 -0.00280		  0.00258
 -0.00152		  0.00357
  0.00007		  0.00396
  0.00171		  0.00365
  0.00309		  0.00269
  0.00398		  0.00123
  0.00420		 -0.00048
  0.00370		 -0.00216
  0.00256		 -0.00351
  0.00096		 -0.00429
 -0.00084		 -0.00436
 -0.00252		 -0.00370
 -0.00381		 -0.00241
 -0.00448		 -0.00071
 -0.00441		  0.00112
 -0.00362		  0.00278
 -0.00223		  0.00399
 -0.00048		  0.00455
  0.00135		  0.00436
  0.00295		  0.00347
  0.00406		  0.00202
  0.00449		  0.00026
  0.00420		 -0.00152
  0.00323		 -0.00302
  0.00176		 -0.00401
  0.00004		 -0.00432
 -0.00164		 -0.00393
 -0.00301		 -0.00292
 -0.00385		 -0.00147
 -0.00404		  0.00017
 -0.00357		  0.00172
 -0.00253		  0.00293
 -0.00113		  0.00361
  0.00039		  0.00367
  0.00177		  0.00312
  0.00279		  0.00208
  0.00329		  0.00076
  0.00321		 -0.00061
  0.00259		 -0.00180
  0.00157		 -0.00260
  0.00035		 -0.00291
 -0.00085		 -0.00268
 -0.00181		 -0.00200
 -0.00238		 -0.00102
 -0.00248		  0.00008
 -0.00211		  0.00108
 -0.00138		  0.00181
 -0.00043		  0.00214
  0.00053		  0.00203
  0.00133		  0.00152
  0.00181		  0.00073
  0.00189		 -0.00016
  0.00157		 -0.00099
  0.00093		 -0.00157
  0.00010		 -0.00181
 -0.00075		 -0.00164
 -0.00143		 -0.00112
 -0.00180		 -0.00035
 -0.00180		  0.00052
 -0.00140		  0.00130
 -0.00069		  0.00184
  0.00020		  0.00201
  0.00110		  0.00178
  0.00182		  0.00117
  0.00222		  0.00028
  0.00220		 -0.00071
  0.00175		 -0.00162
  0.00095		 -0.00228
 -0.00009		 -0.00254
 -0.00116		 -0.00235
 -0.00208		 -0.00172
 -0.00267		 -0.00074
 -0.00280		  0.00041
 -0.00245		  0.00154
 -0.00166		  0.00245
 -0.00054		  0.00297
  0.00070		  0.00299
  0.00187		  0.00250
  0.00275		  0.00157
  0.00318		  0.00035
  0.00309		 -0.00096
  0.00248		 -0.00213
  0.00145		 -0.00296
  0.00015		 -0.00332
 -0.00118		 -0.00312
 -0.00233		 -0.00241
 -0.00310		 -0.00130
 -0.00336		  0.00003
 -0.00308		  0.00136
 -0.00229		  0.00246
 -0.00112		  0.00315
  0.00022		  0.00333
  0.00151		  0.00295
  0.00254		  0.00210
  0.00314		  0.00091
  0.00321		 -0.00041
  0.00275		 -0.00164
  0.00185		 -0.00257
  0.00066		 -0.00306
 -0.00061		 -0.00303
 -0.00175		 -0.00250
 -0.00257		 -0.00157
 -0.00294		 -0.00040
 -0.00281		  0.00081
 -0.00221		  0.00184
 -0.00126		  0.00253
 -0.00012		  0.00277
  0.00099		  0.00254
  0.00190		  0.00188
  0.00245		  0.00092
  0.00256		 -0.00016
  0.00223		 -0.00117
  0.00152		 -0.00194
  0.00057		 -0.00234
 -0.00044		 -0.00232
 -0.00134		 -0.00189
 -0.00196		 -0.00114
 -0.00222		 -0.00022
 -0.00207		  0.00071
 -0.00155		  0.00148
 -0.00078		  0.00196
  0.00012		  0.00207
  0.00096		  0.00180
  0.00160		  0.00121
  0.00193		  0.00042
  0.00190		 -0.00043
  0.00152		 -0.00117
  0.00086		 -0.00168
  0.00007		 -0.00186
 -0.00072		 -0.00169
 -0.00135		 -0.00122
 -0.00173		 -0.00052
 -0.00177		  0.00026
 -0.00148		  0.00098
 -0.00092		  0.00151
 -0.00019		  0.00174
  0.00056		  0.00165
  0.00120		  0.00125
  0.00161		  0.00062
  0.00171		 -0.00012
  0.00150		 -0.00083
  0.00100		 -0.00138
  0.00032		 -0.00167
 -0.00042		 -0.00164
 -0.00108		 -0.00131
 -0.00153		 -0.00073
 -0.00169		 -0.00001
 -0.00154		  0.00071
 -0.00110		  0.00129
 -0.00045		  0.00164
  0.00029		  0.00168
  0.00097		  0.00141
  0.00148		  0.00087
  0.00172		  0.00017
  0.00164		 -0.00057
  0.00125		 -0.00121
  0.00063		 -0.00163
 -0.00011		 -0.00175
 -0.00084		 -0.00156
 -0.00142		 -0.00107
 -0.00175		 -0.00038
 -0.00176		  0.00038
 -0.00145		  0.00109
 -0.00087		  0.00160
 -0.00013		  0.00184
  0.00065		  0.00174
  0.00132		  0.00133
  0.00176		  0.00067
  0.00190		 -0.00011
  0.00170		 -0.00089
  0.00119		 -0.00152
  0.00047		 -0.00188
 -0.00034		 -0.00192
 -0.00110		 -0.00163
 -0.00168		 -0.00104
 -0.00196		 -0.00027
 -0.00191		  0.00055
 -0.00153		  0.00128
 -0.00088		  0.00180
 -0.00008		  0.00200
  0.00074		  0.00187
  0.00144		  0.00141
  0.00188		  0.00071
  0.00201		 -0.00011
  0.00179		 -0.00091
  0.00127		 -0.00155
  0.00054		 -0.00192
 -0.00028		 -0.00197
 -0.00105		 -0.00168
 -0.00162		 -0.00111
 -0.00192		 -0.00036
 -0.00189		  0.00044
 -0.00153		  0.00115
 -0.00093		  0.00166
 -0.00018		  0.00187
  0.00059		  0.00176
  0.00123		  0.00135
  0.00165		  0.00073
  0.00178		 -0.00001
  0.00160		 -0.00072
  0.00115		 -0.00129
  0.00051		 -0.00162
 -0.00019		 -0.00166
 -0.00084		 -0.00141
 -0.00133		 -0.00092
 -0.00156		 -0.00029
 -0.00151		  0.00038
 -0.00119		  0.00095
 -0.00068		  0.00134
 -0.00005		  0.00147
  0.00056		  0.00133
  0.00105		  0.00095
  0.00133		  0.00041
  0.00136		 -0.00019
  0.00113		 -0.00074
  0.00070		 -0.00114
  0.00015		 -0.00131
 -0.00043		 -0.00124
 -0.00091		 -0.00093
 -0.00122		 -0.00045
 -0.00129		  0.00012
 -0.00111		  0.00066
 -0.00072		  0.00107
 -0.00020		  0.00128
  0.00037		  0.00125
  0.00087		  0.00098
  0.00121		  0.00052
  0.00132		 -0.00004
  0.00119		 -0.00060
  0.00084		 -0.00106
  0.00032		 -0.00133
 -0.00026		 -0.00136
 -0.00081		 -0.00114
 -0.00123		 -0.00071
 -0.00142		 -0.00014
 -0.00137		  0.00046
 -0.00107		  0.00099
 -0.00058		  0.00136
  0.00002		  0.00149
  0.00063		  0.00136
  0.00114		  0.00100
  0.00145		  0.00045
  0.00152		 -0.00017
  0.00132		 -0.00077
  0.00090		 -0.00124
  0.00033		 -0.00150
 -0.00030		 -0.00151
 -0.00088		 -0.00126
 -0.00130		 -0.00080
 -0.00151		 -0.00021
 -0.00146		  0.00041
 -0.00117		  0.00095
 -0.00069		  0.00133
 -0.00010		  0.00148
  0.00050		  0.00138
  0.00100		  0.00105
  0.00132		  0.00056
  0.00141		 -0.00002
  0.00126		 -0.00058
  0.00090		 -0.00102
  0.00041		 -0.00127
 -0.00014		 -0.00130
 -0.00064		 -0.00110
 -0.00101		 -0.00073
 -0.00119		 -0.00024
 -0.00116		  0.00026
 -0.00092		  0.00070
 -0.00053		  0.00099
 -0.00007		  0.00109
  0.00039		  0.00099
  0.00075		  0.00072
  0.00096		  0.00032
  0.00098		 -0.00011
  0.00081		 -0.00051
  0.00050		 -0.00079
  0.00010		 -0.00091
 -0.00030		 -0.00085
 -0.00064		 -0.00062
 -0.00083		 -0.00027
 -0.00086		  0.00013
 -0.00071		  0.00049
 -0.00042		  0.00076
 -0.00004		  0.00087
  0.00035		  0.00081
  0.00068		  0.00058
  0.00088		  0.00022
  0.00091		 -0.00018
  0.00075		 -0.00057
  0.00045		 -0.00086
  0.00004		 -0.00099
 -0.00039		 -0.00093
 -0.00076		 -0.00070
 -0.00101		 -0.00033
 -0.00108		  0.00012
 -0.00095		  0.00057
 -0.00065		  0.00093
 -0.00022		  0.00114
  0.00027		  0.00115
  0.00073		  0.00096
  0.00108		  0.00060
  0.00124		  0.00012
  0.00121		 -0.00040
  0.00096		 -0.00086
  0.00054		 -0.00118
  0.00003		 -0.00132
 -0.00050		 -0.00123
 -0.00095		 -0.00094
 -0.00125		 -0.00049
 -0.00135		  0.00005
 -0.00122		  0.00058
 -0.00090		  0.00102
 -0.00042		  0.00129
  0.00012		  0.00135
  0.00064		  0.00119
  0.00105		  0.00083
  0.00128		  0.00035
  0.00131		 -0.00019
  0.00111		 -0.00068
  0.00075		 -0.00105
  0.00026		 -0.00125
 -0.00025		 -0.00123
 -0.00071		 -0.00101
 -0.00103		 -0.00064
 -0.00118		 -0.00017
 -0.00113		  0.00031
 -0.00089		  0.00072
 -0.00051		  0.00100
 -0.00006		  0.00109
  0.00038		  0.00100
  0.00073		  0.00074
  0.00094		  0.00037
  0.00098		 -0.00005
  0.00085		 -0.00044
  0.00057		 -0.00073
  0.00021		 -0.00088
 -0.00018		 -0.00086
 -0.00051		 -0.00068
 -0.00073		 -0.00039
 -0.00081		 -0.00004
 -0.00073		  0.00031
 -0.00051		  0.00058
 -0.00021		  0.00073
  0.00013		  0.00074
  0.00043		  0.00060
  0.00064		  0.00035
  0.00073		  0.00003
  0.00066		 -0.00029
  0.00047		 -0.00055
  0.00018		 -0.00070
 -0.00014		 -0.00072
 -0.00044		 -0.00059
 -0.00066		 -0.00035
 -0.00076		 -0.00003
 -0.00071		  0.00030
 -0.00052		  0.00058
 -0.00023		  0.00076
  0.00011		  0.00080
  0.00044		  0.00069
  0.00069		  0.00046
  0.00083		  0.00013
  0.00083		 -0.00022
  0.00067		 -0.00055
  0.00039		 -0.00078
  0.00004		 -0.00088
 -0.00032		 -0.00083
 -0.00063		 -0.00063
 -0.00084		 -0.00033
 -0.00090		  0.00004
 -0.00081		  0.00040
 -0.00058		  0.00069
 -0.00025		  0.00087
  0.00012		  0.00090
  0.00047		  0.00077
  0.00074		  0.00052
  0.00088		  0.00018
  0.00087		 -0.00019
  0.00072		 -0.00052
  0.00044		 -0.00075
  0.00010		 -0.00086
 -0.00025		 -0.00081
 -0.00055		 -0.00063
 -0.00075		 -0.00035
 -0.00081		 -0.00002
 -0.00073		  0.00031
 -0.00053		  0.00057
 -0.00024		  0.00073
  0.00008		  0.00075
  0.00037		  0.00063
  0.00059		  0.00041
  0.00070		  0.00012
  0.00067		 -0.00018
  0.00052		 -0.00044
  0.00028		 -0.00061
 -0.00000		 -0.00066
 -0.00028		 -0.00058
 -0.00050		 -0.00040
 -0.00062		 -0.00015
 -0.00061		  0.00013
 -0.00049		  0.00038
 -0.00027		  0.00056
 -0.00001		  0.00062
  0.00026		  0.00056
  0.00048		  0.00039
  0.00061		  0.00015
  0.00062		 -0.00013
  0.00051		 -0.00039
  0.00030		 -0.00058
  0.00003		 -0.00066
 -0.00026		 -0.00062
 -0.00051		 -0.00047
 -0.00067		 -0.00022
 -0.00071		  0.00008
 -0.00062		  0.00037
 -0.00042		  0.00060
 -0.00014		  0.00073
  0.00018		  0.00074
  0.00047		  0.00061
  0.00069		  0.00037
  0.00079		  0.00006
  0.00075		 -0.00026
  0.00059		 -0.00055
  0.00032		 -0.00075
 -0.00001		 -0.00082
 -0.00034		 -0.00076
 -0.00061		 -0.00056
 -0.00079		 -0.00027
 -0.00084		  0.00006
 -0.00074		  0.00039
 -0.00053		  0.00066
 -0.00022		  0.00081
  0.00012		  0.00083
  0.00043		  0.00071
  0.00068		  0.00048
  0.00081		  0.00017
  0.00080		 -0.00016
  0.00066		 -0.00047
  0.00042		 -0.00068
  0.00011		 -0.00078
 -0.00021		 -0.00075
 -0.00049		 -0.00060
 -0.00068		 -0.00035
 -0.00075		 -0.00005
 -0.00069		  0.00025
 -0.00052		  0.00050
 -0.00027		  0.00065
  0.00002		  0.00069
  0.00029		  0.00061
  0.00050		  0.00043
  0.00062		  0.00018
  0.00062		 -0.00009
  0.00052		 -0.00033
  0.00033		 -0.00050
  0.00009		 -0.00058
 -0.00016		 -0.00055
 -0.00036		 -0.00042
 -0.00049		 -0.00022
 -0.00053		  0.00001
 -0.00046		  0.00023
 -0.00032		  0.00040
 -0.00012		  0.00048
  0.00010		  0.00048
  0.00029		  0.00038
  0.00042		  0.00021
  0.00047		  0.00001
  0.00042		 -0.00019
  0.00029		 -0.00035
  0.00011		 -0.00044
 -0.00009		 -0.00044
 -0.00027		 -0.00036
 -0.00040		 -0.00021
 -0.00045		 -0.00001
 -0.00042		  0.00019
 -0.00030		  0.00035
 -0.00012		  0.00045
  0.00008		  0.00046
  0.00027		  0.00039
  0.00041		  0.00024
  0.00048		  0.00004
  0.00046		 -0.00016
  0.00035		 -0.00034
  0.00018		 -0.00046
 -0.00003		 -0.00050
 -0.00024		 -0.00044
 -0.00041		 -0.00031
 -0.00050		 -0.00011
 -0.00051		  0.00011
 -0.00042		  0.00031
 -0.00026		  0.00046
 -0.00005		  0.00053
  0.00018		  0.00051
  0.00037		  0.00039
  0.00050		  0.00021
  0.00055		 -0.00001
  0.00049		 -0.00024
  0.00036		 -0.00042
  0.00015		 -0.00053
 -0.00008		 -0.00055
 -0.00029		 -0.00047
 -0.00046		 -0.00031
 -0.00054		 -0.00009
 -0.00054		  0.00014
 -0.00043		  0.00034
 -0.00025		  0.00049
 -0.00003		  0.00055
  0.00020		  0.00052
  0.00039		  0.00039
  0.00051		  0.00020
  0.00055		 -0.00003
  0.00049		 -0.00025
  0.00034		 -0.00042
  0.00014		 -0.00053
 -0.00009		 -0.00054
 -0.00030		 -0.00045
 -0.00045		 -0.00029
 -0.00053		 -0.00008
 -0.00051		  0.00014
 -0.00041		  0.00034
 -0.00023		  0.00047
 -0.00002		  0.00052
  0.00020		  0.00048
  0.00037		  0.00036
  0.00048		  0.00017
  0.00051		 -0.00004
  0.00044		 -0.00024
  0.00030		 -0.00040
  0.00011		 -0.00049
 -0.00010		 -0.00048
 -0.00029		 -0.00040
 -0.00042		 -0.00024
 -0.00048		 -0.00005
 -0.00045		  0.00015
 -0.00034		  0.00032
 -0.00018		  0.00043
  0.00001		  0.00046
  0.00020		  0.00041
  0.00035		  0.00029
  0.00043		  0.00011
  0.00044		 -0.00008
  0.00036		 -0.00025
  0.00023		 -0.00038
  0.00005		 -0.00043
 -0.00013		 -0.00041
 -0.00029		 -0.00031
 -0.00039		 -0.00016
 -0.00042		  0.00002
 -0.00037		  0.00019
 -0.00026		  0.00033
 -0.00010		  0.00040
  0.00008		  0.00040
  0.00024		  0.00033
  0.00036		  0.00020
  0.00041		  0.00003
  0.00038		 -0.00014
  0.00029		 -0.00028
  0.00014		 -0.00038
 -0.00003		 -0.00040
 -0.00019		 -0.00036
 -0.00032		 -0.00024
 -0.00040		 -0.00009
 -0.00040		  0.00009
 -0.00032		  0.00024
 -0.00019		  0.00035
 -0.00003		  0.00040
  0.00014		  0.00038
  0.00028		  0.00029
  0.00038		  0.00015
  0.00040		 -0.00002
  0.00036		 -0.00019
  0.00025		 -0.00032
  0.00010		 -0.00039
 -0.00007		 -0.00040
 -0.00023		 -0.00033
 -0.00034		 -0.00021
 -0.00040		 -0.00005
 -0.00038		  0.00012
 -0.00030		  0.00026
 -0.00016		  0.00036
 -0.00000		  0.00039
  0.00016		  0.00035
  0.00029		  0.00026
  0.00037		  0.00011
  0.00038		 -0.00005
  0.00032		 -0.00020
  0.00021		 -0.00031
  0.00006		 -0.00037
 -0.00009		 -0.00036
 -0.00023		 -0.00028
 -0.00032		 -0.00016
 -0.00036		 -0.00001
 -0.00033		  0.00014
 -0.00024		  0.00026
 -0.00011		  0.00033
  0.00004		  0.00034
  0.00018		  0.00029
  0.00028		  0.00019
  0.00034		  0.00005
  0.00033		 -0.00009
  0.00026		 -0.00022
  0.00014		 -0.00031
 -0.00000		 -0.00034
 -0.00014		 -0.00030
 -0.00026		 -0.00022
 -0.00032		 -0.00009
 -0.00033		  0.00005
 -0.00028		  0.00019
 -0.00017		  0.00029
 -0.00004		  0.00033
  0.00010		  0.00032
  0.00023		  0.00025
  0.00031		  0.00013
  0.00034		 -0.00001
  0.00031		 -0.00015
  0.00022		 -0.00026
  0.00009		 -0.00033
 -0.00005		 -0.00034
 -0.00019		 -0.00029
 -0.00029		 -0.00019
 -0.00034		 -0.00005
 -0.00033		  0.00009
 -0.00027		  0.00022
 -0.00015		  0.00031
 -0.00002		  0.00034
  0.00013		  0.00032
  0.00024		  0.00024
  0.00032		  0.00012
  0.00034		 -0.00002
  0.00030		 -0.00015
  0.00021		 -0.00026
  0.00008		 -0.00032
 -0.00006		 -0.00032
 -0.00018		 -0.00027
 -0.00027		 -0.00017
 -0.00031		 -0.00004
 -0.00030		  0.00009
 -0.00023		  0.00020
 -0.00012		  0.00027
  0.00000		  0.00030
  0.00012		  0.00026
  0.00022		  0.00019
  0.00027		  0.00007
  0.00027		 -0.00005
  0.00023		 -0.00016
  0.00014		 -0.00023
  0.00002		 -0.00027
 -0.00009		 -0.00025
 -0.00019		 -0.00018
 -0.00025		 -0.00008
 -0.00026		  0.00003
 -0.00022		  0.00014
 -0.00014		  0.00022
 -0.00003		  0.00026
  0.00009		  0.00025
  0.00019		  0.00019
  0.00026		  0.00009
  0.00028		 -0.00002
  0.00024		 -0.00014
  0.00016		 -0.00023
  0.00005		 -0.00029
 -0.00007		 -0.00029
 -0.00019		 -0.00024
 -0.00028		 -0.00014
 -0.00032		 -0.00001
 -0.00030		  0.00012
 -0.00023		  0.00023
 -0.00012		  0.00031
  0.00002		  0.00034
  0.00016		  0.00031
  0.00027		  0.00022
  0.00034		  0.00010
  0.00036		 -0.00004
  0.00031		 -0.00018
  0.00022		 -0.00030
  0.00009		 -0.00036
 -0.00006		 -0.00037
 -0.00020		 -0.00031
 -0.00031		 -0.00021
 -0.00037		 -0.00007
 -0.00037		  0.00008
 -0.00031		  0.00021
 -0.00020		  0.00031
 -0.00006		  0.00036
  0.00008		  0.00036
  0.00021		  0.00029
  0.00030		  0.00019
  0.00035		  0.00006
  0.00034		 -0.00008
  0.00027		 -0.00020
  0.00017		 -0.00028
  0.00005		 -0.00032
 -0.00008		 -0.00030
 -0.00018		 -0.00024
 -0.00025		 -0.00015
 -0.00028		 -0.00003
 -0.00026		  0.00008
 -0.00020		  0.00016
 -0.00011		  0.00022
 -0.00002		  0.00023
  0.00007		  0.00021
  0.00014		  0.00015
  0.00018		  0.00008
  0.00018		 -0.00000
  0.00015		 -0.00007
  0.00009		 -0.00011
  0.00003		 -0.00013
 -0.00003		 -0.00012
 -0.00007		 -0.00008
 -0.00009		 -0.00003
 -0.00009		  0.00002
 -0.00006		  0.00006
 -0.00001		  0.00008
  0.00004		  0.00007
  0.00007		  0.00004
  0.00009		 -0.00000
  0.00009		 -0.00006
  0.00006		 -0.00010
  0.00001		 -0.00013
 -0.00006		 -0.00013
 -0.00012		 -0.00010
 -0.00017		 -0.00005
 -0.00019		  0.00002
 -0.00017		  0.00010
 -0.00012		  0.00018
 -0.00005		  0.00022
  0.00005		  0.00024
  0.00014		  0.00021
  0.00022		  0.00014
  0.00027		  0.00005
  0.00028		 -0.00006
  0.00024		 -0.00017
  0.00016		 -0.00026
  0.00005		 -0.00031
 -0.00007		 -0.00032
 -0.00019		 -0.00027
 -0.00029		 -0.00018
 -0.00034		 -0.00006
 -0.00034		  0.00007
 -0.00029		  0.00020
 -0.00020		  0.00030
 -0.00007		  0.00036
  0.00007		  0.00036
  0.00020		  0.00031
  0.00030		  0.00021
  0.00036		  0.00008
  0.00036		 -0.00006
  0.00031		 -0.00019
  0.00021		 -0.00029
  0.00008		 -0.00035
 -0.00005		 -0.00035
 -0.00018		 -0.00030
 -0.00027		 -0.00020
 -0.00032		 -0.00008
 -0.00032		  0.00005
 -0.00028		  0.00016
 -0.00019		  0.00025
 -0.00008		  0.00029
  0.00004		  0.00029
  0.00015		  0.00024
  0.00022		  0.00016
  0.00026		  0.00006
  0.00025		 -0.00004
  0.00020		 -0.00013
  0.00013		 -0.00019
  0.00004		 -0.00021
 -0.00004		 -0.00020
 -0.00011		 -0.00016
 -0.00016		 -0.00009
 -0.00017		 -0.00002
 -0.00015		  0.00005
 -0.00011		  0.00010
 -0.00005		  0.00012
  0.00001		  0.00012
  0.00006		  0.00010
  0.00009		  0.00005
  0.00010		  0.00000
  0.00008		 -0.00004
  0.00005		 -0.00007
  0.00000		 -0.00009
 -0.00004		 -0.00007
 -0.00008		 -0.00004
 -0.00009		  0.00000
 -0.00008		  0.00005
 -0.00005		  0.00009
 -0.00001		  0.00011
  0.00004		  0.00011
  0.00009		  0.00008
  0.00013		  0.00004
  0.00014		 -0.00002
  0.00013		 -0.00008
  0.00009		 -0.00013
  0.00003		 -0.00016
 -0.00004		 -0.00017
 -0.00011		 -0.00014
 -0.00016		 -0.00009
 -0.00019		 -0.00002
 -0.00019		  0.00006
 -0.00016		  0.00013
 -0.00009		  0.00018
 -0.00001		  0.00021
  0.00007		  0.00020
  0.00015		  0.00016
  0.00020		  0.00009
  0.00022		  0.00001
  0.00021		 -0.00008
  0.00016		 -0.00015
  0.00009		 -0.00021
  0.00001		 -0.00022
 -0.00008		 -0.00021
 -0.00016		 -0.00016
 -0.00020		 -0.00009
 -0.00022		 -0.00000
 -0.00020		  0.00008
 -0.00015		  0.00015
 -0.00008		  0.00020
  0.00001		  0.00021
  0.00009		  0.00018
  0.00015		  0.00013
  0.00018		  0.00006
  0.00019		 -0.00002
  0.00016		 -0.00009
  0.00011		 -0.00014
  0.00004		 -0.00017
 -0.00003		 -0.00016
 -0.00009		 -0.00013
 -0.00013		 -0.00008
 -0.00015		 -0.00002
 -0.00014		  0.00004
 -0.00010		  0.00009
 -0.00005		  0.00012
  0.00001		  0.00013
  0.00006		  0.00011
  0.00010		  0.00007
  0.00012		  0.00002
  0.00011		 -0.00003
  0.00008		 -0.00008
  0.00004		 -0.00010
 -0.00001		 -0.00011
 -0.00006		 -0.00009
 -0.00009		 -0.00005
 -0.00011		 -0.00001
 -0.00010		  0.00004
 -0.00007		  0.00009
 -0.00003		  0.00011
  0.00002		  0.00012
  0.00007		  0.00010
  0.00011		  0.00006
  0.00013		  0.00000
  0.00012		 -0.00005
  0.00009		 -0.00010
  0.00004		 -0.00013
 -0.00002		 -0.00014
 -0.00008		 -0.00012
 -0.00012		 -0.00008
 -0.00015		 -0.00003
 -0.00015		  0.00004
 -0.00013		  0.00010
 -0.00008		  0.00014
 -0.00002		  0.00016
  0.00005		  0.00016
  0.00011		  0.00013
  0.00015		  0.00007
  0.00017		  0.00000
  0.00016		 -0.00006
  0.00012		 -0.00012
  0.00006		 -0.00016
 -0.00001		 -0.00018
 -0.00008		 -0.00016
 -0.00013		 -0.00012
 -0.00017		 -0.00005
 -0.00018		  0.00002
 -0.00015		  0.00008
 -0.00011		  0.00014
 -0.00004		  0.00017
  0.00002		  0.00017
  0.00009		  0.00015
  0.00014		  0.00010
  0.00016		  0.00003
  0.00016		 -0.00003
  0.00013		 -0.00009
  0.00008		 -0.00014
  0.00002		 -0.00016
 -0.00004		 -0.00015
 -0.00009		 -0.00012
 -0.00013		 -0.00007
 -0.00014		 -0.00001
 -0.00013		  0.00005
 -0.00010		  0.00010
 -0.00005		  0.00012
  0.00000		  0.00013
  0.00005		  0.00012
  0.00009		  0.00008
  0.00012		  0.00003
  0.00012		 -0.00002
  0.00010		 -0.00006
  0.00006		 -0.00009
  0.00002		 -0.00010
 -0.00003		 -0.00010
 -0.00007		 -0.00007
 -0.00009		 -0.00004
 -0.00009		  0.00001
 -0.00008		  0.00004
 -0.00005		  0.00007
 -0.00001		  0.00008
  0.00003		  0.00008
  0.00006		  0.00006
  0.00008		  0.00003
  0.00008		 -0.00001
  0.00007		 -0.00005
  0.00004		 -0.00007
  0.00000		 -0.00008
 -0.00003		 -0.00007
 -0.00006		 -0.00005
 -0.00008		 -0.00002
 -0.00008		  0.00002
 -0.00007		  0.00006
 -0.00004		  0.00008
  0.00000		  0.00009
  0.00004		  0.00009
  0.00008		  0.00006
  0.00010		  0.00003
  0.00010		 -0.00002
  0.00009		 -0.00006
  0.00006		 -0.00009
  0.00001		 -0.00011
 -0.00003		 -0.00011
 -0.00008		 -0.00009
 -0.00011		 -0.00005
 -0.00012		 -0.00000
 -0.00011		  0.00005
 -0.00009		  0.00009
 -0.00005		  0.00012
  0.00001		  0.00013
  0.00006		  0.00012
  0.00010		  0.00009
  0.00013		  0.00004
  0.00013		 -0.00001
  0.00012		 -0.00007
  0.00008		 -0.00011
  0.00004		 -0.00013
 -0.00002		 -0.00013
 -0.00007		 -0.00012
 -0.00011		 -0.00008
 -0.00013		 -0.00003
 -0.00013		  0.00002
 -0.00011		  0.00007
 -0.00007		  0.00011
 -0.00002		  0.00013
  0.00003		  0.00012
  0.00007		  0.00010
  0.00011		  0.00006
  0.00012		  0.00001
  0.00011		 -0.00003
  0.00009		 -0.00007
  0.00005		 -0.00010
  0.00000		 -0.00011
 -0.00004		 -0.00010
 -0.00007		 -0.00007
 -0.00009		 -0.00004
 -0.00010		  0.00000
 -0.00008		  0.00004
 -0.00006		  0.00007
 -0.00002		  0.00008
  0.00002		  0.00008
  0.00005		  0.00006
  0.00007		  0.00004
  0.00007		  0.00000
  0.00006		 -0.00003
  0.00004		 -0.00005
  0.00001		 -0.00007
 -0.00002		 -0.00006
 -0.00004		 -0.00005
 -0.00006		 -0.00002
 -0.00006		  0.00001
 -0.00005		  0.00004
 -0.00003		  0.00006
 -0.00000		  0.00007
  0.00003		  0.00006
  0.00005		  0.00005
  0.00007		  0.00002
  0.00007		 -0.00002
  0.00006		 -0.00005
  0.00004		 -0.00007
  0.00000		 -0.00008
 -0.00003		 -0.00008
 -0.00006		 -0.00006
 -0.00009		 -0.00003
 -0.00010		  0.00001
 -0.00009		  0.00005
 -0.00006		  0.00008
 -0.00003		  0.00010
  0.00001		  0.00010
  0.00006		  0.00009
  0.00009		  0.00006
  0.00011		  0.00002
  0.00011		 -0.00002
  0.00010		 -0.00006
  0.00006		 -0.00010
  0.00002		 -0.00011
 -0.00003		 -0.00011
 -0.00007		 -0.00010
 -0.00010		 -0.00006
 -0.00012		 -0.00002
 -0.00011		  0.00003
 -0.00009		  0.00007
 -0.00006		  0.00010
 -0.00002		  0.00012
  0.00003		  0.00011
  0.00007		  0.00009
  0.00010		  0.00006
  0.00011		  0.00001
  0.00010		 -0.00003
  0.00008		 -0.00007
  0.00005		 -0.00009
  0.00001		 -0.00010
 -0.00003		 -0.00009
 -0.00006		 -0.00007
 -0.00008		 -0.00004
 -0.00009		 -0.00000
 -0.00008		  0.00003
 -0.00006		  0.00006
 -0.00003		  0.00007
  0.00000		  0.00007
  0.00003		  0.00006
  0.00005		  0.00004
  0.00006		  0.00002
  0.00006		 -0.00001
  0.00005		 -0.00003
  0.00003		 -0.00005
  0.00000		 -0.00005
 -0.00002		 -0.00004
 -0.00003		 -0.00003
 -0.00004		 -0.00001
 -0.00004		  0.00001
 -0.00003		  0.00003
 -0.00001		  0.00004
  0.00001		  0.00004
  0.00003		  0.00003
  0.00004		  0.00001
  0.00004		 -0.00001
  0.00003		 -0.00003
  0.00002		 -0.00004
 -0.00000		 -0.00005
 -0.00002		 -0.00004
 -0.00004		 -0.00003
 -0.00006		 -0.00001
 -0.00006		  0.00001
 -0.00005		  0.00004
 -0.00003		  0.00006
 -0.00000		  0.00007
  0.00003		  0.00007
  0.00005		  0.00005
  0.00007		  0.00003
  0.00008		 -0.00000
  0.00007		 -0.00003
  0.00005		 -0.00006
  0.00003		 -0.00008
 -0.00001		 -0.00008
 -0.00004		 -0.00008
 -0.00007		 -0.00006
 -0.00008		 -0.00003
 -0.00009		  0.00001
 -0.00008		  0.00004
 -0.00005		  0.00007
 -0.00002		  0.00009
  0.00001		  0.00009
  0.00005		  0.00008
  0.00007		  0.00005
  0.00009		  0.00002
  0.00009		 -0.00002
  0.00007		 -0.00005
  0.00005		 -0.00007
  0.00001		 -0.00008
 -0.00002		 -0.00008
 -0.00005		 -0.00007
 -0.00007		 -0.00004
 -0.00008		 -0.00001
 -0.00008		  0.00002
 -0.00006		  0.00005
 -0.00003		  0.00007
 -0.00000		  0.00007
  0.00003		  0.00007
  0.00005		  0.00005
  0.00007		  0.00002
  0.00007		 -0.00001
  0.00006		 -0.00003
  0.00004		 -0.00005
  0.00001		 -0.00006
 -0.00001		 -0.00006
 -0.00004		 -0.00005
 -0.00005		 -0.00003
 -0.00006		 -0.00000
 -0.00005		  0.00002
 -0.00004		  0.00004
 -0.00002		  0.00005
  0.00001		  0.00006
  0.00003		  0.00005
  0.00005		  0.00003
  0.00005		  0.00001
  0.00005		 -0.00002
  0.00004		 -0.00004
  0.00002		 -0.00005
 -0.00000		 -0.00005
 -0.00003		 -0.00005
 -0.00004		 -0.00003
 -0.00005		 -0.00001
 -0.00005		  0.00001
 -0.00004		  0.00003
 -0.00003		  0.00005
 -0.00000		  0.00006
  0.00002		  0.00005
  0.00004		  0.00004
  0.00005		  0.00002
  0.00006		 -0.00000
  0.00005		 -0.00003
  0.00004		 -0.00004
  0.00002		 -0.00005
 -0.00001		 -0.00006
 -0.00003		 -0.00005
 -0.00005		 -0.00003
 -0.00005		 -0.00001
 -0.00005		  0.00001
 -0.00004		  0.00003
 -0.00002		  0.00005
 -0.00000		  0.00005
  0.00002		  0.00005
  0.00004		  0.00004
  0.00005		  0.00002
  0.00005		 -0.00000
  0.00004		 -0.00002
  0.00003		 -0.00004
  0.00001		 -0.00004
 -0.00001		 -0.00004
 -0.00003		 -0.00004
 -0.00004		 -0.00002
 -0.00004		 -0.00000
 -0.00004		  0.00002
 -0.00003		  0.00003
 -0.00001		  0.00004
  0.00001		  0.00004
  0.00002		  0.00003
  0.00003		  0.00002
  0.00004		  0.00000
  0.00004		 -0.00002
  0.00003		 -0.00003
  0.00001		 -0.00004
 -0.00001		 -0.00004
 -0.00002		 -0.00003
 -0.00004		 -0.00002
 -0.00004		 -0.00000
 -0.00004		  0.00002
 -0.00003		  0.00003
 -0.00001		  0.00004
  0.00001		  0.00004
  0.00002		  0.00004
  0.00004		  0.00003
  0.00005		  0.00001
  0.00005		 -0.00001
  0.00004		 -0.00003
  0.00002		 -0.00005
  0.00000		 -0.00005
 -0.00002		 -0.00005
 -0.00004		 -0.00004
 -0.00005		 -0.00002
 -0.00006		  0.00000
 -0.00005		  0.00002
 -0.00004		  0.00004
 -0.00002		  0.00005
  0.00001		  0.00006
  0.00003		  0.00005
  0.00005		  0.00003
  0.00006		  0.00001
  0.00006		 -0.00001
  0.00005		 -0.00003
  0.00003		 -0.00005
  0.00001		 -0.00006
 -0.00001		 -0.00006
 -0.00003		 -0.00005
 -0.00005		 -0.00003
 -0.00006		 -0.00001
 -0.00005		  0.00001
 -0.00004		  0.00003
 -0.00002		  0.00005
 -0.00000		  0.00005
  0.00002		  0.00005
  0.00003		  0.00004
  0.00005		  0.00002
  0.00005		 -0.00000
  0.00004		 -0.00002
  0.00003		 -0.00003
  0.00001		 -0.00004
 -0.00000		 -0.00004
 -0.00002		 -0.00004
 -0.00003		 -0.00002
 -0.00004		 -0.00001
 -0.00004		  0.00001
 -0.00003		  0.00002
 -0.00002		  0.00003
 -0.00000		  0.00004
  0.00001		  0.00003
  0.00003		  0.00002
  0.00003		  0.00001
  0.00003		 -0.00001
  0.00002		 -0.00002
  0.00001		 -0.00003
 -0.00000		 -0.00003
 -0.00001		 -0.00003
 -0.00002		 -0.00002
 -0.00003		 -0.00001
 -0.00003		  0.00001
 -0.00002		  0.00002
 -0.00001		  0.00003
  0.00000		  0.00003
  0.00002		  0.00003
  0.00003		  0.00002
  0.00003		  0.00001
  0.00003		 -0.00001
  0.00003		 -0.00002
  0.00002		 -0.00003
  0.00000		 -0.00004
 -0.00001		 -0.00004
 -0.00003		 -0.00003
 -0.00004		 -0.00001
 -0.00004		  0.00000
 -0.00004		  0.00002
 -0.00003		  0.00003
 -0.00001		  0.00004
  0.00001		  0.00004
  0.00002		  0.00004
  0.00004		  0.00002
  0.00004		  0.00001
  0.00004		 -0.00001
  0.00004		 -0.00003
  0.00002		 -0.00004
  0.00001		 -0.00004
 -0.00001		 -0.00004
 -0.00003		 -0.00003
 -0.00004		 -0.00002
 -0.00004		 -0.00000
 -0.00004		  0.00001
 -0.00003		  0.00003
 -0.00002		  0.00004
 -0.00000		  0.00004
  0.00002		  0.00004
  0.00003		  0.00003
  0.00004		  0.00001
  0.00004		 -0.00000
  0.00004		 -0.00002
  0.00002		 -0.00003
  0.00001		 -0.00004
 -0.00000		 -0.00004
 -0.00002		 -0.00003
 -0.00003		 -0.00002
 -0.00003		 -0.00001
 -0.00003		  0.00001
 -0.00002		  0.00002
 -0.00001		  0.00003
 -0.00000		  0.00003
  0.00001		  0.00003
  0.00002		  0.00002
  0.00002		  0.00001
  0.00002		 -0.00000
  0.00002		 -0.00001
  0.00001		 -0.00002
  0.00000		 -0.00002
 -0.00001		 -0.00002
 -0.00002		 -0.00001
 -0.00002		 -0.00001
 -0.00002		  0.00000
 -0.00002		  0.00001
 -0.00001		  0.00002
  0.00000		  0.00002
  0.00001		  0.00002
  0.00002		  0.00001
  0.00002		  0.00000
  0.00002		 -0.00001
  0.00002		 -0.00002
  0.00001		 -0.00002
 -0.00000		 -0.00002
 -0.00001		 -0.00002
 -0.00002		 -0.00001
 -0.00003		 -0.00000
 -0.00003		  0.00001
 -0.00002		  0.00002
 -0.00001		  0.00003
  0.00000		  0.00003
  0.00001		  0.00003
  0.00002		  0.00002
  0.00003		  0.00001
  0.00003		 -0.00000
  0.00003		 -0.00002
  0.00002		 -0.00003
  0.00001		 -0.00003
 -0.00001		 -0.00004
 -0.00002		 -0.00003
 -0.00003		 -0.00002
 -0.00004		 -0.00001
 -0.00004		  0.00001
 -0.00003		  0.00002
 -0.00002		  0.00003
 -0.00000		  0.00004
  0.00001		  0.00004
  0.00003		  0.00003
  0.00004		  0.00002
  0.00004		  0.00000
  0.00004		 -0.00001
  0.00003		 -0.00003
  0.00002		 -0.00004
  0.00000		 -0.00004
 -0.00001		 -0.00004
 -0.00003		 -0.00003
 -0.00004		 -0.00001
 -0.00004		  0.00000
 -0.00003		  0.00002
 -0.00002		  0.00003
 -0.00001		  0.00003
  0.00000		  0.00004
  0.00002		  0.00003
  0.00003		  0.00002
  0.00003		  0.00001
  0.00003		 -0.00000
  0.00003		 -0.00002
  0.00002		 -0.00003
  0.00001		 -0.00003
 -0.00001		 -0.00003
 -0.00002		 -0.00002
 -0.00002		 -0.00001
 -0.00003		 -0.00000
 -0.00003		  0.00001
 -0.00002		  0.00002
 -0.00001		  0.00002
 -0.00000		  0.00002
  0.00001		  0.00002
  0.00002		  0.00001
  0.00002		  0.00001
  0.00002		 -0.00000
  0.00002		 -0.00001
  0.00001		 -0.00002
  0.00000		 -0.00002
 -0.00001		 -0.00002
 -0.00001		 -0.00001
 -0.00002		 -0.00000
 -0.00002		  0.00000
 -0.00001		  0.00001
 -0.00001		  0.00001
  0.00000		  0.00002
  0.00001		  0.00001
  0.00001		  0.00001
  0.00002		  0.00000
  0.00001		 -0.00001
  0.00001		 -0.00001
  0.00001		 -0.00002
 -0.00000		 -0.00002
 -0.00001		 -0.00001
 -0.00001		 -0.00001
 -0.00002		 -0.00000
 -0.00002		  0.00001
 -0.00001		  0.00001
 -0.00001		  0.00002
  0.00000		  0.00002
  0.00001		  0.00002
  0.00002		  0.00001
  0.00002		  0.00000
  0.00002		 -0.00000
  0.00002		 -0.00001
  0.00001		 -0.00002
  0.00000		 -0.00002
 -0.00001		 -0.00002
 -0.00002		 -0.00002
 -0.00002		 -0.00001
 -0.00002		  0.00000
 -0.00002		  0.00001
 -0.00002		  0.00002
 -0.00001		  0.00002
  0.00000		  0.00002
  0.00001		  0.00002
  0.00002		  0.00002
  0.00002		  0.00001
  0.00002		 -0.00000
  0.00002		 -0.00001
  0.00001		 -0.00002
  0.00000		 -0.00002
 -0.00001		 -0.00002
 -0.00002		 -0.00002
 -0.00002		 -0.00001
 -0.00002		 -0.00000
 -0.00002		  0.00001
 -0.00002		  0.00002
 -0.00001		  0.00002
  0.00000		  0.00002
  0.00001		  0.00002
  0.00002		  0.00002
  0.00002		  0.00001
  0.00002		 -0.00000
  0.00002		 -0.00001
  0.00001		 -0.00002
  0.00000		 -0.00002
 -0.00001		 -0.00002
 -0.00001		 -0.00002
 -0.00002		 -0.00001
 -0.00002		 -0.00000
 -0.00002		  0.00001
 -0.00001		  0.00001
 -0.00001		  0.00002
  0.00000		  0.00002
  0.00001		  0.00002
  0.00002		  0.00001
  0.00002		  0.00000
  0.00002		 -0.00000
  0.00002		 -0.00001
  0.00001		 -0.00002
  0.00000		 -0.00002
 -0.00001		 -0.00002
 -0.00001		 -0.00001
 -0.00002		 -0.00001
 -0.00002		  0.00000
 -0.00002		  0.00001
 -0.00001		  0.00002
 -0.00000		  0.00002
  0.00000		  0.00002
  0.00001		  0.00002
  0.00002		  0.00001
  0.00002		  0.00000
  0.00002		 -0.00001
  0.00001		 -0.00001
  0.00001		 -0.00002
 -0.00000		 -0.00002
 -0.00001		 -0.00002
 -0.00001		 -0.00001
 -0.00002		 -0.00000
 -0.00002		  0.00000
 -0.00002		  0.00001
 -0.00001		  0.00002
 -0.00000		  0.00002
  0.00001		  0.00002
  0.00001		  0.00001
  0.00002		  0.00001
  0.00002		  0.00000
  0.00002		 -0.00001
  0.00001		 -0.00001
  0.00001		 -0.00002
 -0.00000		 -0.00002
 -0.00001		 -0.00001
 -0.00001		 -0.00001
 -0.00002		 -0.00000
 -0.00002		  0.00000
 -0.00001		  0.00001
 -0.00001		  0.00001
 -0.00000		  0.00002
  0.00001		  0.00001
  0.00001		  0.00001
  0.00001		  0.00001
  0.00001		 -0.00000
  0.00001		 -0.00001
  0.00001		 -0.00001
  0.00000		 -0.00001
 -0.00000		 -0.00001
 -0.00001		 -0.00001
 -0.00001		 -0.00001
 -0.00001		 -0.00000
 -0.00001		  0.00001
 -0.00001		  0.00001
 -0.00000		  0.00001
  0.00000		  0.00001
  0.00001		  0.00001
  0.00001		  0.00001
  0.00001		  0.00000
  0.00001		 -0.00000
  0.00001		 -0.00001
  0.00000		 -0.00001
 -0.00000		 -0.00001
 -0.00001		 -0.00001
 -0.00001		 -0.00001
 -0.00001		 -0.00000
 -0.00001		  0.00000
 -0.00001		  0.00001
 -0.00001		  0.00001
  0.00000		  0.00001
  0.00001		  0.00001
  0.00001		  0.00001
  0.00001		  0.00000
  0.00001		 -0.00000
  0.00001		 -0.00001
  0.00001		 -0.00001
  0.00000		 -0.00002
 -0.00000		 -0.00001
 -0.00001		 -0.00001
 -0.00001		 -0.00001
 -0.00002		  0.00000
 -0.00001		  0.00001
 -0.00001		  0.00001
 -0.00001		  0.00002
  0.00000		  0.00002
  0.00001		  0.00001
  0.00001		  0.00001
  0.00002		  0.00000
  0.00002		 -0.00000
  0.00001		 -0.00001
  0.00001		 -0.00001
  0.00000		 -0.00002
 -0.00000		 -0.00002
 -0.00001		 -0.00001
 -0.00001		 -0.00001
 -0.00002		 -0.00000
 -0.00001		  0.00001
 -0.00001		  0.00001
 -0.00001		  0.00001
  0.00000		  0.00002
  0.00001		  0.00001
  0.00001		  0.00001
  0.00001		  0.00000
  0.00001		 -0.00000
  0.00001		 -0.00001
  0.00001		 -0.00001
  0.00000		 -0.00001
 -0.00000		 -0.00001
 -0.00001		 -0.00001
 -0.00001		 -0.00001
 -0.00001		 -0.00000
 -0.00001		  0.00000
 -0.00001		  0.00001
 -0.00000		  0.00001
  0.00000		  0.00001
  0.00001		  0.00001
  0.00001		  0.00001
  0.00001		  0.00000
  0.00001		 -0.00000
  0.00001		 -0.00001
  0.00001		 -0.00001
  0.00000		 -0.00001
 -0.00000		 -0.00001
 -0.00001		 -0.00001
 -0.00001		 -0.00000
 -0.00001		  0.00000
 -0.00001		  0.00001
 -0.00001		  0.00001
 -0.00000		  0.00001
  0.00000		  0.00001
  0.00001		  0.00001
  0.00001		  0.00000
  0.00001		 -0.00000
  0.00001		 -0.00001
  0.00001		 -0.00001
  0.00000		 -0.00001
 -0.00000		 -0.00001
 -0.00001		 -0.00001
 -0.00001		 -0.00001
 -0.00001		 -0.00000
 -0.00001		  0.00000
 -0.00001		  0.00001
 -0.00000		  0.00001
 -0.00000		  0.00001
  0.00000		  0.00001
  0.00001		  0.00001
  0.00001		  0.00000
  0.00001		 -0.00000
  0.00001		 -0.00001
  0.00001		 -0.00001
  0.00000		 -0.00001
 -0.00000		 -0.00001
 -0.00001		 -0.00001
 -0.00001		 -0.00001
 -0.00001		 -0.00000
 -0.00001		  0.00000
 -0.00001		  0.00001
 -0.00000		  0.00001
  0.00000		  0.00001
  0.00001		  0.00001
  0.00001		  0.00001
  0.00001		  0.00000
  0.00001		 -0.00000
  0.00001		 -0.00001
  0.00000		 -0.00001
  0.00000		 -0.00001
 -0.00000		 -0.00001
 -0.00001		 -0.00001
 -0.00001		 -0.00000
 -0.00001		  0.00000
 -0.00001		  0.00001
 -0.00000		  0.00001
 -0.00000		  0.00001
  0.00000		  0.00001
  0.00001		  0.00001
  0.00001		  0.00000
  0.00001		 -0.00000
  0.00001		 -0.00000
  0.00001		 -0.00001
  0.00000		 -0.00001
 -0.00000		 -0.00001
 -0.00001		 -0.00001
 -0.00001		 -0.00001
 -0.00001		 -0.00000
 -0.00001		  0.00000
 -0.00001		  0.00001
 -0.00000		  0.00001
 -0.00000		  0.00001
  0.00000		  0.00001
  0.00001		  0.00001
  0.00001		  0.00000
  0.00001		 -0.00000
  0.00001		 -0.00001
  0.00001		 -0.00001
  0.00000		 -0.00001
 -0.00000		 -0.00001
 -0.00001		 -0.00001
 -0.00001		 -0.00001
 -0.00001		 -0.00000
 -0.00001		  0.00000
 -0.00001		  0.00001
 -0.00000		  0.00001
 -0.00000		  0.00001
  0.00000		  0.00001
  0.00001		  0.00001
  0.00001		  0.00000
  0.00001		 -0.00000
  0.00001		 -0.00000
  0.00001		 -0.00001
  0.00000		 -0.00001
 -0.00000		 -0.00001
 -0.00000		 -0.00001
 -0.00001		 -0.00000
 -0.00001		 -0.00000
 -0.00001		  0.00000
 -0.00000		  0.00001
 -0.00000		  0.00001
  0.00000		  0.00001
  0.00000		  0.00001
  0.00001		  0.00000
  0.00001		  0.00000
  0.00001		 -0.00000
  0.00000		 -0.00001
  0.00000		 -0.00001
 -0.00000		 -0.00001
 -0.00000		 -0.00001
 -0.00001		 -0.00000
 -0.00001		  0.00000
 -0.00001		  0.00000
 -0.00000		  0.00001
 -0.00000		  0.00001
  0.00000		  0.00001
  0.00001		  0.00001
  0.00001		  0.00000
  0.00001		  0.00000
  0.00001		 -0.00000
  0.00001		 -0.00001
  0.00000		 -0.00001
 -0.00000		 -0.00001
 -0.00000		 -0.00001
 -0.00001		 -0.00001
 -0.00001		 -0.00000
 -0.00001		  0.00000
 -0.00001		  0.00001
 -0.00001		  0.00001
 -0.00000		  0.00001
  0.00000		  0.00001
  0.00001		  0.00001
  0.00001		  0.00001
  0.00001		  0.00000
  0.00001		 -0.00000
  0.00001		 -0.00001
  0.00001		 -0.00001
  0.00000		 -0.00001
 -0.00000		 -0.00001
 -0.00001		 -0.00001
 -0.00001		 -0.00001
 -0.00001		 -0.00000
 -0.00001		  0.00000
 -0.00001		  0.00001
 -0.00001		  0.00001
 -0.00000		  0.00001
  0.00000		  0.00001
  0.00000		  0.00001
  0.00001		  0.00001
  0.00001		  0.00000
  0.00001		 -0.00000
  0.00001		 -0.00000
  0.00001		 -0.00001
  0.00000		 -0.00001
 -0.00000		 -0.00001
 -0.00000		 -0.00001
 -0.00001		 -0.00000
 -0.00001		 -0.00000
 -0.00001		  0.00000
 -0.00000		  0.00000
 -0.00000		  0.00000
 -0.00000		  0.00000
  0.00000		  0.00000
  0.00000		  0.00000
  0.00000		  0.00000
  0.00000		  0.00000
  0.00000		 -0.00000
  0.00000		 -0.00000
 -0.00000		 -0.00000
 -0.00000		 -0.00000
 -0.00000		  0.00000
 -0.00000		  0.00000
 -0.00000		  0.00000
  0.00000		  0.00000
  0.00000		  0.00000
  0.00000		  0.00000
  0.00000		 -0.00000
  0.00000		 -0.00000
  0.00000		 -0.00000
  0.00000		 -0.00001
 -0.00000		 -0.00001
 -0.00000		 -0.00001
 -0.00001		 -0.00000
 -0.00001		 -0.00000
 -0.00001		  0.00000
 -0.00001		  0.00000
 -0.00000		  0.00001
 -0.00000		  0.00001
  0.00000		  0.00001
  0.00001		  0.00001
  0.00001		  0.00001
  0.00001		  0.00000
  0.00001		 -0.00000
  0.00001		 -0.00001
  0.00001		 -0.00001
  0.00000		 -0.00001
 -0.00000		 -0.00001
 -0.00001		 -0.00001
 -0.00001		 -0.00001
 -0.00001		 -0.00000
 -0.00001		  0.00000
 -0.00001		  0.00001
 -0.00001		  0.00001
 -0.00000		  0.00001
  0.00000		  0.00001
  0.00001		  0.00001
  0.00001		  0.00001
  0.00001		  0.00000
  0.00001		 -0.00000
  0.00001		 -0.00000
  0.00001		 -0.00001
  0.00000		 -0.00001
 -0.00000		 -0.00001
 -0.00000		 -0.00001
 -0.00001		 -0.00001
 -0.00001		 -0.00000
 -0.00001		  0.00000
 -0.00001		  0.00000
 -0.00001		  0.00001
 -0.00000		  0.00001
  0.00000		  0.00001
  0.00000		  0.00001
  0.00001		  0.00000
  0.00001		  0.00000
  0.00001		 -0.00000
  0.00000		 -0.00000
  0.00000		 -0.00000
  0.00000		 -0.00000
 -0.00000		 -0.00000
 -0.00000		 -0.00000
 -0.00000		 -0.00000
 -0.00000		 -0.00000
 -0.00000		  0.00000
 -0.00000		  0.00000
 -0.00000		  0.00000
  0.00000		  0.00000
  0.00000		  0.00000
  0.00000		  0.00000
  0.00000		 -0.00000
  0.00000		 -0.00000
  0.00000		 -0.00000
 -0.00000		 -0.00000
 -0.00000		 -0.00000
 -0.00000		 -0.00000
 -0.00000		  0.00000
 -0.00000		  0.00000
 -0.00000		  0.00000
  0.00000		  0.00000
  0.00000		  0.00000
  0.00000		  0.00000
  0.00000		  0.00000
  0.00000		 -0.00000
  0.00000		 -0.00000
  0.00000		 -0.00000
  0.00000		 -0.00001
 -0.00000		 -0.00001
 -0.00000		 -0.00000
 -0.00001		 -0.00000
 -0.00001		 -0.00000
 -0.00001		  0.00000
 -0.00000		  0.00000
 -0.00000		  0.00001
 -0.00000		  0.00001
  0.00000		  0.00001
  0.00000		  0.00000
  0.00001		  0.00000
  0.00001		 -0.00000
  0.00001		 -0.00000
  0.00000		 -0.00000
  0.00000		 -0.00001
 -0.00000		 -0.00001
 -0.00000		 -0.00001
 -0.00000		 -0.00000
 -0.00001		 -0.00000
 -0.00001		  0.00000
 -0.00001		  0.00000
 -0.00000		  0.00000
 -0.00000		  0.00001
  0.00000		  0.00001
  0.00000		  0.00000
  0.00000		  0.00000
  0.00001		  0.00000
  0.00001		 -0.00000
  0.00000		 -0.00000
  0.00000		 -0.00000
  0.00000		 -0.00000
 -0.00000		 -0.00000
 -0.00000		 -0.00000
 -0.00000		 -0.00000
 -0.00000		  0.00000
 -0.00000		  0.00000
 -0.00000		  0.00000
 -0.00000		  0.00000
  0.00000		  0.00000
  0.00000		  0.00000
  0.00000		  0.00000
  0.00000		  0.00000
  0.00000		 -0.00000
  0.00000		 -0.00000
  0.00000		 -0.00000
 -0.00000		 -0.00000
 -0.00000		 -0.00000
 -0.00000		 -0.00000
 -0.00000		  0.00000
 -0.00000		  0.00000
 -0.00000		  0.00000
 -0.00000		  0.00000
  0.00000		  0.00000
  0.00000		  0.00000
  0.00000		  0.00000
  0.00000		 -0.00000
  0.00000		 -0.00000
  0.00000		 -0.00000
  0.00000		 -0.00000
 -0.00000		 -0.00000
 -0.00000		 -0.00000
 -0.00000		 -0.00000
 -0.00000		 -0.00000
 -0.00000		  0.00000
 -0.00000		  0.00000
 -0.00000		  0.00000
  0.00000		  0.00000
  0.00000		  0.00000
  0.00000		  0.00000
  0.00000		  0.00000
  0.00000		 -0.00000
  0.00000		 -0.00000
  0.00000		 -0.00000
  0.00000		 -0.00000
 -0.00000		 -0.00000
 -0.00000		 -0.00000
 -0.00000		 -0.00000
 -0.00001		 -0.00000
 -0.00001		  0.00000
 -0.00000		  0.00000
 -0.00000		  0.00000
 -0.00000		  0.00001
  0.00000		  0.00001
  0.00000		  0.00000
  0.00000		  0.00000
  0.00001		  0.00000
  0.00000		 -0.00000
  0.00000		 -0.00000
  0.00000		 -0.00000
  0.00000		 -0.00000
 -0.00000		 -0.00000
 -0.00000		 -0.00000
 -0.00000		 -0.00000
 -0.00000		 -0.00000
 -0.00000		  0.00000
 -0.00000		  0.00000
 -0.00000		  0.00000
  0.00000		  0.00000
  0.00000		  0.00000
  0.00000		  0.00000
  0.00000		  0.00000
  0.00000		 -0.00000
  0.00000		 -0.00000
  0.00000		 -0.00000
  0.00000		 -0.00000
 -0.00000		 -0.00000
 -0.00000		 -0.00000
 -0.00000		 -0.00000
 -0.00000		 -0.00000
 -0.00000		  0.00000
 -0.00000		  0.00000
 -0.00000		  0.00000
  0.00000		  0.00000
  0.00000		  0.00000
  0.00000		  0.00000
  0.00000		 -0.00000
  0.00000		 -0.00000
  0.00000		 -0.00000
 -0.00000		 -0.00000
 -0.00000		 -0.00000
 -0.00000		 -0.00000
 -0.00000		  0.00000
 -0.00000		  0.00000
 -0.00000		  0.00000
 -0.00000		  0.00000
  0.00000		  0.00000
  0.00000		  0.00000
  0.00000		  0.00000
  0.00000		  0.00000
  0.00000		 -0.00000
  0.00000		 -0.00000
  0.00000		 -0.00000
 -0.00000		 -0.00000
 -0.00000		 -0.00000
 -0.00000		 -0.00000
 -0.00000		 -0.00000
 -0.00000		  0.00000
 -0.00000		  0.00000
 -0.00000		  0.00000
 -0.00000		  0.00000
  0.00000		  0.00000
  0.00000		  0.00000
  0.00000		  0.00000
  0.00000		  0.00000
  0.00000		 -0.00000
  0.00000		 -0.00000
  0.00000		 -0.00000
  0.00000		 -0.00000
 -0.00000		 -0.00000
 -0.00000		 -0.00000
 -0.00000		 -0.00000
 -0.00000		 -0.00000
 -0.00000		  0.00000
 -0.00000		  0.00000
 -0.00000		  0.00000
 -0.00000		  0.00000
  0.00000		  0.00000
  0.00000		  0.00000
  0.00000		  0.00000
  0.00000		  0.00000
  0.00000		 -0.00000
  0.00000		 -0.00000
  0.00000		 -0.00000
 -0.00000		 -0.00000
 -0.00000		 -0.00000
 -0.00000		 -0.00000
 -0.00000		 -0.00000
 -0.00000		  0.00000
 -0.00000		  0.00000
 -0.00000		  0.00000
 -0.00000		  0.00000
  0.00000		  0.00000
  0.00000		  0.00000
  0.00000		  0.00000
  0.00000		 -0.00000
  0.00000		 -0.00000
  0.00000		 -0.00000
 -0.00000		 -0.00000
 -0.00000		 -0.00000
 -0.00000		 -0.00000
 -0.00000		  0.00000
 -0.00000		  0.00000
 -0.00000		  0.00000
 -0.00000		  0.00000
  0.00000		  0.00000
  0.00000		  0.00000
  0.00000		  0.00000
  0.00000		  0.00000
  0.00000		 -0.00000
  0.00000		 -0.00000
  0.00000		 -0.00000
  0.00000		 -0.00000
 -0.00000		 -0.00000
 -0.00000		 -0.00000
 -0.00000		 -0.00000
 -0.00000		  0.00000
 -0.00000		  0.00000
 -0.00000		  0.00000
 -0.00000		  0.00000
  0.00000		  0.00000
  0.00000		  0.00000
  0.00000		  0.00000
  0.00000		  0.00000
  0.00000		 -0.00000
  0.00000		 -0.00000
  0.00000		 -0.00000
  0.00000		 -0.00000
 -0.00000		 -0.00000
 -0.00000		 -0.00000
 -0.00000		 -0.00000
 -0.00000		 -0.00000
 -0.00000		  0.00000
 -0.00000		  0.00000
 -0.00000		  0.00000
 -0.00000		  0.00000
  0.00000		  0.00000
  0.00000		  0.00000
  0.00000		  0.00000
  0.00000		  0.00000
  0.00000		 -0.00000
  0.00000		 -0.00000
  0.00000		 -0.00000
  0.00000		 -0.00000
 -0.00000		 -0.00000
 -0.00000		 -0.00000
 -0.00000		 -0.00000
 -0.00000		 -0.00000
 -0.00000		  0.00000
 -0.00000		  0.00000
 -0.00000		  0.00000
  0.00000		  0.00000
  0.00000		  0.00000
  0.00000		  0.00000
  0.00000		 -0.00000
  0.00000		 -0.00000
  0.00000		 -0.00000
 -0.00000		 -0.00000
 -0.00000		 -0.00000
 -0.00000		 -0.00000
 -0.00000		  0.00000
 -0.00000		  0.00000
 -0.00000		  0.00000
  0.00000		  0.00000
  0.00000		  0.00000
  0.00000		  0.00000
  0.00000		  0.00000
  0.00000		 -0.00000
  0.00000		 -0.00000
  0.00000		 -0.00000
  0.00000		 -0.00000
 -0.00000		 -0.00000
 -0.00000		 -0.00000
 -0.00000		 -0.00000
 -0.00000		 -0.00000
 -0.00000		  0.00000
 -0.00000		  0.00000
 -0.00000		  0.00000
 -0.00000		  0.00000
  0.00000		  0.00000
  0.00000		  0.00000
  0.00000		  0.00000
  0.00000		  0.00000
  0.00000		 -0.00000
  0.00000		 -0.00000
  0.00000		 -0.00000
  0.00000		 -0.00000
 -0.00000		 -0.00000
 -0.00000		 -0.00000
 -0.00000		 -0.00000
 -0.00000		 -0.00000
 -0.00000		  0.00000
 -0.00000		  0.00000
 -0.00000		  0.00000
 -0.00000		  0.00000
  0.00000		  0.00000
  0.00000		  0.00000
  0.00000		  0.00000
  0.00000		  0.00000
  0.00000		 -0.00000
  0.00000		 -0.00000
  0.00000		 -0.00000
 -0.00000		 -0.00000
 -0.00000		 -0.00000
 -0.00000		 -0.00000
 -0.00000		 -0.00000
 -0.00000		  0.00000
 -0.00000		  0.00000
 -0.00000		  0.00000
 -0.00000		  0.00000
  0.00000		  0.00000
  0.00000		  0.00000
  0.00000		  0.00000
  0.00000		 -0.00000
  0.00000		 -0.00000
  0.00000		 -0.00000
 -0.00000		 -0.00000
 -0.00000		 -0.00000
 -0.00000		 -0.00000
 -0.00000		 -0.00000
 -0.00000		  0.00000
 -0.00000		  0.00000
 -0.00000		  0.00000
  0.00000		  0.00000
  0.00000		  0.00000
  0.00000		  0.00000
  0.00000		  0.00000
  0.00000		 -0.00000
  0.00000		 -0.00000
  0.00000		 -0.00000
  0.00000		 -0.00000
 -0.00000		 -0.00000
 -0.00000		 -0.00000
 -0.00000		 -0.00000
 -0.00000		 -0.00000
 -0.00000		  0.00000
 -0.00000		  0.00000
 -0.00000		  0.00000
  0.00000		  0.00000
  0.00000		  0.00000
  0.00000		  0.00000
  0.00000		  0.00000
  0.00000		 -0.00000
  0.00000		 -0.00000
  0.00000		 -0.00000
  0.00000		 -0.00000
 -0.00000		 -0.00000
 -0.00000		 -0.00000
 -0.00000		 -0.00000
 -0.00000		 -0.00000
 -0.00000		  0.00000
 -0.00000		  0.00000
 -0.00000		  0.00000
 -0.00000		  0.00000
  0.00000		  0.00000
  0.00000		  0.00000
  0.00000		  0.00000
  0.00000		  0.00000
  0.00000		 -0.00000
  0.00000		 -0.00000
  0.00000		 -0.00000
 -0.00000		 -0.00000
 -0.00000		 -0.00000
 -0.00000		 -0.00000
 -0.00000		 -0.00000
 -0.00000		  0.00000
 -0.00000		  0.00000
 -0.00000		  0.00000
  0.00000		  0.00000
  0.00000		  0.00000
  0.00000		  0.00000
  0.00000		 -0.00000
  0.00000		 -0.00000
  0.00000		 -0.00000
 -0.00000		 -0.00000
 -0.00000		 -0.00000
 -0.00000		 -0.00000
 -0.00000		 -0.00000
 -0.00000		  0.00000
 -0.00000		  0.00000
 -0.00000		  0.00000
 -0.00000		  0.00000
  0.00000		  0.00000
  0.00000		  0.00000
  0.00000		  0.00000
  0.00000		 -0.00000
  0.00000		 -0.00000
  0.00000		 -0.00000
  0.00000		 -0.00000
 -0.00000		 -0.00000
 -0.00000		 -0.00000
 -0.00000		 -0.00000
 -0.00000		 -0.00000
 -0.00000		  0.00000
 -0.00000		  0.00000
 -0.00000		  0.00000
 -0.00000		  0.00000
  0.00000		  0.00000
  0.00000		  0.00000
  0.00000		  0.00000
  0.00000		  0.00000
  0.00000		 -0.00000
  0.00000		 -0.00000
  0.00000		 -0.00000
  0.00000		 -0.00000
 -0.00000		 -0.00000
 -0.00000		 -0.00000
 -0.00000		 -0.00000
 -0.00000		 -0.00000
 -0.00000		  0.00000
 -0.00000		  0.00000
 -0.00000		  0.00000
 -0.00000		  0.00000
  0.00000		  0.00000
  0.00000		  0.00000
  0.00000		  0.00000
  0.00000		  0.00000
  0.00000		 -0.00000
  0.00000		 -0.00000
  0.00000		 -0.00000
 -0.00000		 -0.00000
 -0.00000		 -0.00000
 -0.00000		 -0.00000
 -0.00000		 -0.00000
 -0.00000		  0.00000
 -0.00000		  0.00000
 -0.00000		  0.00000
  0.00000		  0.00000
  0.00000		  0.00000
  0.00000		  0.00000
  0.00000		  0.00000
  0.00000		 -0.00000
  0.00000		 -0.00000
  0.00000		 -0.00000
 -0.00000		 -0.00000
 -0.00000		 -0.00000
 -0.00000		 -0.00000
 -0.00000		  0.00000
 -0.00000		  0.00000
 -0.00000		  0.00000
 -0.00000		  0.00000
  0.00000		  0.00000
  0.00000		  0.00000
  0.00000		  0.00000
  0.00000		 -0.00000
  0.00000		 -0.00000
  0.00000		 -0.00000
  0.00000		 -0.00000
 -0.00000		 -0.00000
 -0.00000		 -0.00000
 -0.00000		 -0.00000
 -0.00000		 -0.00000
 -0.00000		  0.00000
 -0.00000		  0.00000
 -0.00000		  0.00000
 -0.00000		  0.00000
  0.00000		  0.00000
  0.00000		  0.00000
  0.00000		  0.00000
  0.00000		 -0.00000
  0.00000		 -0.00000
  0.00000		 -0.00000
  0.00000		 -0.00000
 -0.00000		 -0.00000
 -0.00000		 -0.00000
 -0.00000		 -0.00000
 -0.00000		 -0.00000
 -0.00000		  0.00000
 -0.00000		  0.00000
 -0.00000		  0.00000
 -0.00000		  0.00000
  0.00000		  0.00000
  0.00000		  0.00000
  0.00000		  0.00000
  0.00000		  0.00000
  0.00000		 -0.00000
  0.00000		 -0.00000
  0.00000		 -0.00000
  0.00000		 -0.00000
 -0.00000		 -0.00000
 -0.00000		 -0.00000
 -0.00000		 -0.00000
 -0.00000		 -0.00000
 -0.00000		  0.00000
 -0.00000		  0.00000
 -0.00000		  0.00000
 -0.00000		  0.00000
  0.00000		  0.00000
  0.00000		  0.00000
  0.00000		  0.00000
  0.00000		  0.00000
  0.00000		 -0.00000
  0.00000		 -0.00000
  0.00000		 -0.00000
 -0.00000		 -0.00000
 -0.00000		 -0.00000
 -0.00000		 -0.00000
 -0.00000		 -0.00000
 -0.00000		  0.00000
 -0.00000		  0.00000
  0.00000		  0.00000
  0.00000		  0.00000
  0.00000		  0.00000
  0.00000		 -0.00000
  0.00000		 -0.00000
  0.00000		 -0.00000
 -0.00000		 -0.00000
 -0.00000		 -0.00000
 -0.00000		 -0.00000
 -0.00000		 -0.00000
 -0.00000		  0.00000
 -0.00000		  0.00000
 -0.00000		  0.00000
  0.00000		  0.00000
  0.00000		  0.00000
  0.00000		  0.00000
  0.00000		  0.00000
  0.00000		 -0.00000
  0.00000		 -0.00000
  0.00000		 -0.00000
  0.00000		 -0.00000
 -0.00000		 -0.00000
 -0.00000		 -0.00000
 -0.00000		 -0.00000
 -0.00000		 -0.00000
 -0.00000		  0.00000
 -0.00000		  0.00000
 -0.00000		  0.00000
 -0.00000		  0.00000
  0.00000		  0.00000
  0.00000		  0.00000
  0.00000		  0.00000
  0.00000		  0.00000
  0.00000		 -0.00000
  0.00000		 -0.00000
  0.00000		 -0.00000
  0.00000		 -0.00000
 -0.00000		 -0.00000
 -0.00000		 -0.00000
 -0.00000		 -0.00000
 -0.00000		 -0.00000
 -0.00000		  0.00000
 -0.00000		  0.00000
 -0.00000		  0.00000
 -0.00000		  0.00000
  0.00000		  0.00000
  0.00000		  0.00000
  0.00000		  0.00000
  0.00000		  0.00000
  0.00000		  0.00000
  0.00000		 -0.00000
  0.00000		 -0.00000
  0.00000		 -0.00000
  0.00000		 -0.00000
 -0.00000		 -0.00000
 -0.00000		 -0.00000
 -0.00000		 -0.00000
 -0.00000		 -0.00000
 -0.00000		  0.00000
 -0.00000		  0.00000
 -0.00000		  0.00000
 -0.00000		  0.00000
  0.00000		  0.00000
  0.00000		  0.00000
  0.00000		  0.00000
  0.00000		  0.00000
  0.00000		 -0.00000
  0.00000		 -0.00000
  0.00000		 -0.00000
 -0.00000		 -0.00000
 -0.00000		 -0.00000
 -0.00000		 -0.00000
 -0.00000		  0.00000
  0.00000		  0.00000
  0.00000		  0.00000
  0.00000		 -0.00000
  0.00000		 -0.00000
  0.00000		 -0.00000
  0.00000		 -0.00000
 -0.00000		 -0.00000
 -0.00000		 -0.00000
 -0.00000		 -0.00000
 -0.00000		 -0.00000
 -0.00000		  0.00000
 -0.00000		  0.00000
 -0.00000		  0.00000
 -0.00000		  0.00000
  0.00000		  0.00000
  0.00000		  0.00000
  0.00000		  0.00000
  0.00000		  0.00000
  0.00000		 -0.00000
  0.00000		 -0.00000
  0.00000		 -0.00000
  0.00000		 -0.00000
 -0.00000		 -0.00000
 -0.00000		 -0.00000
 -0.00000		 -0.00000
 -0.00000		 -0.00000
 -0.00000		  0.00000
 -0.00000		  0.00000
 -0.00000		  0.00000
 -0.00000		  0.00000
  0.00000		  0.00000
  0.00000		  0.00000
  0.00000		  0.00000
  0.00000		  0.00000
  0.00000		 -0.00000
  0.00000		 -0.00000
  0.00000		 -0.00000
  0.00000		 -0.00000
 -0.00000		 -0.00000
 -0.00000		 -0.00000
 -0.00000		 -0.00000
 -0.00000		 -0.00000
 -0.00000		  0.00000
 -0.00000		  0.00000
 -0.00000		  0.00000
 -0.00000		  0.00000
  0.00000		  0.00000
  0.00000		  0.00000
  0.00000		  0.00000
  0.00000		  0.00000
  0.00000		 -0.00000
  0.00000		 -0.00000
  0.00000		 -0.00000
 -0.00000		 -0.00000
 -0.00000		 -0.00000
 -0.00000		 -0.00000
 -0.00000		 -0.00000
 -0.00000		  0.00000
 -0.00000		  0.00000
 -0.00000		  0.00000
  0.00000		  0.00000
  0.00000		  0.00000
  0.00000		  0.00000
  0.00000		  0.00000
  0.00000		 -0.00000
  0.00000		 -0.00000
  0.00000		 -0.00000
 -0.00000		 -0.00000
 -0.00000		 -0.00000
 -0.00000		 -0.00000
 -0.00000		 -0.00000
 -0.00000		  0.00000
 -0.00000		  0.00000
 -0.00000		  0.00000
  0.00000		  0.00000
  0.00000		  0.00000
  0.00000		  0.00000
  0.00000		  0.00000
  0.00000		 -0.00000
  0.00000		 -0.00000
  0.00000		 -0.00000
  0.00000		 -0.00000
 -0.00000		 -0.00000
 -0.00000		 -0.00000
 -0.00000		 -0.00000
 -0.00000		 -0.00000
 -0.00000		  0.00000
 -0.00000		  0.00000
 -0.00000		  0.00000
 -0.00000		  0.00000
  0.00000		  0.00000
  0.00000		  0.00000
  0.00000		  0.00000
  0.00000		 -0.00000
  0.00000		 -0.00000
  0.00000		 -0.00000
  0.00000		 -0.00000
 -0.00000		 -0.00000
 -0.00000		 -0.00000
 -0.00000		 -0.00000
 -0.00000		 -0.00000
 -0.00000		  0.00000
 -0.00000		  0.00000
 -0.00000		  0.00000
 -0.00000		  0.00000
  0.00000		  0.00000
  0.00000		  0.00000
  0.00000		  0.00000
  0.00000		 -0.00000
  0.00000		 -0.00000
  0.00000		 -0.00000
  0.00000		 -0.00000
 -0.00000		 -0.00000
 -0.00000		 -0.00000
 -0.00000		 -0.00000
 -0.00000		  0.00000
 -0.00000		  0.00000
 -0.00000		  0.00000
 -0.00000		  0.00000
  0.00000		  0.00000
  0.00000		  0.00000
  0.00000		  0.00000
  0.00000		 -0.00000
  0.00000		 -0.00000
  0.00000		 -0.00000
  0.00000		 -0.00000
 -0.00000		 -0.00000
 -0.00000		 -0.00000
 -0.00000		 -0.00000
 -0.00000		  0.00000
 -0.00000		  0.00000
 -0.00000		  0.00000
 -0.00000		  0.00000
  0.00000		  0.00000
  0.00000		  0.00000
  0.00000		  0.00000
  0.00000		  0.00000
  0.00000		 -0.00000
  0.00000		 -0.00000
  0.00000		 -0.00000
 -0.00000		 -0.00000
 -0.00000		 -0.00000
 -0.00000		 -0.00000
 -0.00000		 -0.00000
 -0.00000		  0.00000
 -0.00000		  0.00000
 -0.00000		  0.00000
 -0.00000		  0.00000
  0.00000		  0.00000
  0.00000		  0.00000
  0.00000		  0.00000
  0.00000		  0.00000
  0.00000		 -0.00000
  0.00000		 -0.00000
  0.00000		 -0.00000
  0.00000		 -0.00000
 -0.00000		 -0.00000
 -0.00000		 -0.00000
 -0.00000		 -0.00000
 -0.00000		  0.00000
 -0.00000		  0.00000
 -0.00000		  0.00000
 -0.00000		  0.00000
  0.00000		  0.00000
  0.00000		  0.00000
  0.00000		  0.00000
  0.00000		  0.00000
  0.00000		 -0.00000
  0.00000		 -0.00000
  0.00000		 -0.00000
  0.00000		 -0.00000
 -0.00000		 -0.00000
 -0.00000		 -0.00000
 -0.00000		 -0.00000
 -0.00000		  0.00000
 -0.00000		  0.00000
 -0.00000		  0.00000
 -0.00000		  0.00000
  0.00000		  0.00000
  0.00000		  0.00000
  0.00000		  0.00000
  0.00000		  0.00000
  0.00000		 -0.00000
  0.00000		 -0.00000
  0.00000		 -0.00000
 -0.00000		 -0.00000
 -0.00000		 -0.00000
 -0.00000		 -0.00000
 -0.00000		 -0.00000
 -0.00000		  0.00000
 -0.00000		  0.00000
 -0.00000		  0.00000
 -0.00000		  0.00000
  0.00000		  0.00000
  0.00000		  0.00000
  0.00000		  0.00000
  0.00000		 -0.00000
  0.00000		 -0.00000
  0.00000		 -0.00000
  0.00000		 -0.00000
 -0.00000		 -0.00000
 -0.00000		 -0.00000
 -0.00000		 -0.00000
 -0.00000		 -0.00000
 -0.00000		  0.00000
 -0.00000		  0.00000
 -0.00000		  0.00000
 -0.00000		  0.00000
  0.00000		  0.00000
  0.00000		  0.00000
  0.00000		  0.00000
  0.00000		 -0.00000
  0.00000		 -0.00000
  0.00000		 -0.00000
  0.00000		 -0.00000
 -0.00000		 -0.00000
 -0.00000		 -0.00000
 -0.00000		 -0.00000
 -0.00000		  0.00000
 -0.00000		  0.00000
 -0.00000		  0.00000
 -0.00000		  0.00000
  0.00000		  0.00000
  0.00000		  0.00000
  0.00000		  0.00000
  0.00000		 -0.00000
  0.00000		 -0.00000
  0.00000		 -0.00000
  0.00000		 -0.00000
 -0.00000		 -0.00000
 -0.00000		 -0.00000
 -0.00000		 -0.00000
 -0.00000		 -0.00000
 -0.00000		  0.00000
 -0.00000		  0.00000
 -0.00000		  0.00000
  0.00000		  0.00000
  0.00000		  0.00000
  0.00000		  0.00000
  0.00000		  0.00000
  0.00000		 -0.00000
  0.00000		 -0.00000
  0.00000		 -0.00000
  0.00000		 -0.00000
 -0.00000		 -0.00000
 -0.00000		 -0.00000
 -0.00000		 -0.00000
 -0.00000		  0.00000
 -0.00000		  0.00000
 -0.00000		  0.00000
 -0.00000		  0.00000
  0.00000		  0.00000
  0.00000		  0.00000
  0.00000		  0.00000
  0.00000		  0.00000
  0.00000		 -0.00000
  0.00000		 -0.00000
  0.00000		 -0.00000
  0.00000		 -0.00000
 -0.00000		 -0.00000
 -0.00000		 -0.00000
 -0.00000		 -0.00000
 -0.00000		 -0.00000
 -0.00000		  0.00000
 -0.00000		  0.00000
 -0.00000		  0.00000
  0.00000		  0.00000
  0.00000		  0.00000
  0.00000		  0.00000
  0.00000		  0.00000
  0.00000		 -0.00000
  0.00000		 -0.00000
  0.00000		 -0.00000
  0.00000		 -0.00000
 -0.00000		 -0.00000
 -0.00000		 -0.00000
 -0.00000		 -0.00000
 -0.00000		  0.00000
 -0.00000		  0.00000
 -0.00000		  0.00000
 -0.00000		  0.00000
  0.00000		  0.00000
  0.00000		  0.00000
  0.00000		  0.00000
  0.00000		 -0.00000
  0.00000		 -0.00000
  0.00000		 -0.00000
  0.00000		 -0.00000
 -0.00000		 -0.00000
 -0.00000		 -0.00000
 -0.00000		 -0.00000
 -0.00000		  0.00000
 -0.00000		  0.00000
 -0.00000		  0.00000
 -0.00000		  0.00000
  0.00000		  0.00000
  0.00000		  0.00000
  0.00000		  0.00000
  0.00000		  0.00000
  0.00000		 -0.00000
  0.00000		 -0.00000
  0.00000		 -0.00000
  0.00000		 -0.00000
 -0.00000		 -0.00000
 -0.00000		 -0.00000
 -0.00000		 -0.00000
 -0.00000		 -0.00000
 -0.00000		  0.00000
 -0.00000		  0.00000
 -0.00000		  0.00000
  0.00000		  0.00000
  0.00000		  0.00000
  0.00000		  0.00000
  0.00000		  0.00000
  0.00000		 -0.00000
  0.00000		 -0.00000
  0.00000		 -0.00000
  0.00000		 -0.00000
 -0.00000		 -0.00000
 -0.00000		 -0.00000
 -0.00000		 -0.00000
 -0.00000		 -0.00000
 -0.00000		  0.00000
 -0.00000		  0.00000
 -0.00000		  0.00000
 -0.00000		  0.00000
  0.00000		  0.00000
  0.00000		  0.00000
  0.00000		  0.00000
  0.00000		  0.00000
  0.00000		 -0.00000
  0.00000		 -0.00000
  0.00000		 -0.00000
  0.00000		 -0.00000
 -0.00000		 -0.00000
 -0.00000		 -0.00000
 -0.00000		 -0.00000
 -0.00000		 -0.00000
 -0.00000		  0.00000
 -0.00000		  0.00000
 -0.00000		  0.00000
  0.00000		  0.00000
  0.00000		  0.00000
  0.00000		  0.00000
  0.00000		 -0.00000
  0.00000		 -0.00000
 -0.00000		 -0.00000
 -0.00000		 -0.00000
 -0.00000		 -0.00000
 -0.00000		  0.00000
 -0.00000		  0.00000
 -0.00000		  0.00000
 -0.00000		  0.00000
  0.00000		  0.00000
  0.00000		  0.00000
  0.00000		  0.00000
  0.00000		 -0.00000
  0.00000		 -0.00000
  0.00000		 -0.00000
  0.00000		 -0.00000
 -0.00000		 -0.00000
 -0.00000		 -0.00000
 -0.00000		 -0.00000
 -0.00000		 -0.00000
 -0.00000		  0.00000
 -0.00000		  0.00000
 -0.00000		  0.00000
 -0.00000		  0.00000
  0.00000		  0.00000
  0.00000		  0.00000
  0.00000		  0.00000
  0.00000		  0.00000
  0.00000		 -0.00000
  0.00000		 -0.00000
  0.00000		 -0.00000
  0.00000		 -0.00000
 -0.00000		 -0.00000
 -0.00000		 -0.00000
 -0.00000		 -0.00000
 -0.00000		 -0.00000
 -0.00000		  0.00000
 -0.00000		  0.00000
 -0.00000		  0.00000
 -0.00000		  0.00000
  0.00000		  0.00000
  0.00000		  0.00000
  0.00000		  0.00000
  0.00000		  0.00000
  0.00000		 -0.00000
  0.00000		 -0.00000
  0.00000		 -0.00000
  0.00000		 -0.00000
 -0.00000		 -0.00000
 -0.00000		 -0.00000
 -0.00000		 -0.00000
 -0.00000		 -0.00000
 -0.00000		  0.00000
 -0.00000		  0.00000
 -0.00000		  0.00000
 -0.00000		  0.00000
  0.00000		  0.00000
  0.00000		  0.00000
  0.00000		  0.00000
  0.00000		  0.00000
  0.00000		 -0.00000
  0.00000		 -0.00000
  0.00000		 -0.00000
  0.00000		 -0.00000
 -0.00000		 -0.00000
 -0.00000		 -0.00000
 -0.00000		 -0.00000
 -0.00000		  0.00000
 -0.00000		  0.00000
 -0.00000		  0.00000
  0.00000		  0.00000
  0.00000		  0.00000
  0.00000		  0.00000
  0.00000		  0.00000
  0.00000		 -0.00000
  0.00000		 -0.00000
  0.00000		 -0.00000
 -0.00000		 -0.00000
 -0.00000		 -0.00000
 -0.00000		 -0.00000
 -0.00000		  0.00000
 -0.00000		  0.00000
 -0.00000		  0.00000
  0.00000		  0.00000
  0.00000		  0.00000
  0.00000		  0.00000
  0.00000		  0.00000
  0.00000		 -0.00000
  0.00000		 -0.00000
  0.00000		 -0.00000
 -0.00000		 -0.00000
 -0.00000		 -0.00000
 -0.00000		 -0.00000
 -0.00000		 -0.00000
 -0.00000		  0.00000
 -0.00000		  0.00000
 -0.00000		  0.00000
 -0.00000		  0.00000
  0.00000		  0.00000
  0.00000		  0.00000
  0.00000		  0.00000
  0.00000		  0.00000
  0.00000		 -0.00000
  0.00000		 -0.00000
  0.00000		 -0.00000
  0.00000		 -0.00000
 -0.00000		 -0.00000
 -0.00000		 -0.00000
 -0.00000		 -0.00000
 -0.00000		 -0.00000
 -0.00000		  0.00000
 -0.00000		  0.00000
 -0.00000		  0.00000
 -0.00000		  0.00000
  0.00000		  0.00000
  0.00000		  0.00000
  0.00000		  0.00000
  0.00000		  0.00000
  0.00000		 -0.00000
  0.00000		 -0.00000
  0.00000		 -0.00000
  0.00000		 -0.00000
 -0.00000		 -0.00000
 -0.00000		 -0.00000
 -0.00000		 -0.00000
 -0.00000		  0.00000
 -0.00000		  0.00000
 -0.00000		  0.00000
 -0.00000		  0.00000
  0.00000		  0.00000
  0.00000		  0.00000
  0.00000		  0.00000
  0.00000		  0.00000
  0.00000		 -0.00000
  0.00000		 -0.00000
  0.00000		 -0.00000
 -0.00000		 -0.00000
 -0.00000		 -0.00000
 -0.00000		 -0.00000
 -0.00000		  0.00000
 -0.00000		  0.00000
 -0.00000		  0.00000
 -0.00000		  0.00000
  0.00000		  0.00000
  0.00000		  0.00000
  0.00000		  0.00000
  0.00000		 -0.00000
  0.00000		 -0.00000
  0.00000		 -0.00000
 -0.00000		 -0.00000
 -0.00000		 -0.00000
 -0.00000		 -0.00000
 -0.00000		 -0.00000
 -0.00000		  0.00000
 -0.00000		  0.00000
 -0.00000		  0.00000
 -0.00000		  0.00000
  0.00000		  0.00000
  0.00000		  0.00000
  0.00000		  0.00000
  0.00000		  0.00000
  0.00000		 -0.00000
  0.00000		 -0.00000
  0.00000		 -0.00000
  0.00000		 -0.00000
 -0.00000		 -0.00000
 -0.00000		 -0.00000
 -0.00000		 -0.00000
 -0.00000		 -0.00000
 -0.00000		  0.00000
 -0.00000		  0.00000
 -0.00000		  0.00000
  0.00000		  0.00000
  0.00000		  0.00000
  0.00000		  0.00000
  0.00000		  0.00000
  0.00000		 -0.00000
  0.00000		 -0.00000
  0.00000		 -0.00000
  0.00000		 -0.00000
 -0.00000		 -0.00000
 -0.00000		 -0.00000
 -0.00000		 -0.00000
 -0.00000		 -0.00000
 -0.00000		  0.00000
 -0.00000		  0.00000
 -0.00000		  0.00000
 -0.00000		  0.00000
  0.00000		  0.00000
  0.00000		  0.00000
  0.00000		  0.00000
  0.00000		  0.00000
  0.00000		 -0.00000
  0.00000		 -0.00000
  0.00000		 -0.00000
  0.00000		 -0.00000
 -0.00000		 -0.00000
 -0.00000		 -0.00000
 -0.00000		 -0.00000
 -0.00000		 -0.00000
 -0.00000		  0.00000
 -0.00000		  0.00000
 -0.00000		  0.00000
  0.00000		  0.00000
  0.00000		  0.00000
  0.00000		  0.00000
  0.00000		 -0.00000
  0.00000		 -0.00000
  0.00000		 -0.00000
 -0.00000		 -0.00000
 -0.00000		 -0.00000
 -0.00000		 -0.00000
 -0.00000		  0.00000
 -0.00000		  0.00000
 -0.00000		  0.00000
 -0.00000		  0.00000
  0.00000		  0.00000
  0.00000		  0.00000
  0.00000		  0.00000
  0.00000		 -0.00000
  0.00000		 -0.00000
  0.00000		 -0.00000
  0.00000		 -0.00000
 -0.00000		 -0.00000
 -0.00000		 -0.00000
 -0.00000		 -0.00000
 -0.00000		 -0.00000
 -0.00000		  0.00000
 -0.00000		  0.00000
 -0.00000		  0.00000
 -0.00000		  0.00000
  0.00000		  0.00000
  0.00000		  0.00000
  0.00000		  0.00000
  0.00000		  0.00000
  0.00000		 -0.00000
