  0.17774		  0.01515
  0.33536		 -0.10863
  0.26045		 -0.22659
  0.14440		 -0.30296
  0.00803		 -0.32458
 -0.12425		 -0.28803
 -0.22880		 -0.20024
 -0.28695		 -0.07722
 -0.28827		  0.05873
 -0.23242		  0.18295
 -0.12918		  0.27283
  0.00313		  0.31174
  0.14100		  0.29200
  0.25978		  0.21626
  0.33799		  0.09707
  0.36116		 -0.04529
  0.32433		 -0.18635
  0.23303		 -0.30168
  0.10222		 -0.37121
 -0.04613		 -0.38265
 -0.18698		 -0.33375
 -0.29647		 -0.23263
 -0.35612		 -0.09645
 -0.35602		  0.05162
 -0.29652		  0.18636
 -0.18817		  0.28490
 -0.04994		  0.33065
  0.09420		  0.31614
  0.21929		  0.24437
  0.30382		  0.12809
  0.33342		 -0.01228
  0.30318		 -0.15230
  0.21862		 -0.26777
  0.09458		 -0.33890
 -0.04742		 -0.35369
 -0.18295		 -0.31000
 -0.28890		 -0.21576
 -0.34756		 -0.08759
 -0.34955		  0.05219
 -0.29549		  0.17956
 -0.19567		  0.27295
 -0.06824		  0.31701
  0.06408		  0.30523
  0.17806		  0.24098
  0.25403		  0.13683
  0.27932		  0.01223
  0.25044		 -0.11003
  0.17356		 -0.20786
  0.06339		 -0.26380
 -0.05955		 -0.26807
 -0.17264		 -0.22027
 -0.25524		 -0.12938
 -0.29224		 -0.01208
 -0.27692		  0.11027
 -0.21195		  0.21544
 -0.10899		  0.28441
  0.01351		  0.30465
  0.13356		  0.27243
  0.22959		  0.19345
  0.28437		  0.08184
  0.28800		 -0.04242
  0.23975		 -0.15700
  0.14816		 -0.24123
  0.02957		 -0.27982
 -0.09476		 -0.26549
 -0.20245		 -0.20042
 -0.27393		 -0.09578
 -0.29591		  0.03012
 -0.26379		  0.15512
 -0.18238		  0.25700
 -0.06529		  0.31746
  0.06757		  0.32529
  0.19344		  0.27838
  0.29057		  0.18407
  0.34208		  0.05796
  0.33884		 -0.07881
  0.28112		 -0.20322
  0.17844		 -0.29429
  0.04807		 -0.33673
 -0.08809		 -0.32354
 -0.20714		 -0.25713
 -0.28922		 -0.14900
 -0.32075		 -0.01763
 -0.29685		  0.11470
 -0.22202		  0.22562
 -0.10936		  0.29664
  0.02178		  0.31616
  0.14908		  0.28137
  0.25116		  0.19869
  0.31112		  0.08257
  0.31942		 -0.04708
  0.27540		 -0.16838
  0.18722		 -0.26115
  0.07041		 -0.31040
 -0.05493		 -0.30877
 -0.16762		 -0.25768
 -0.24909		 -0.16691
 -0.28643		 -0.05283
 -0.27457		  0.06459
 -0.21701		  0.16521
 -0.12500		  0.23231
 -0.01555		  0.25525
  0.09175		  0.23139
  0.17809		  0.16626
  0.22876		  0.07252
  0.23563		 -0.03241
  0.19848		 -0.12949
  0.12489		 -0.20142
  0.02878		 -0.23570
 -0.07211		 -0.22675
 -0.15946		 -0.17678
 -0.21764		 -0.09539
 -0.23641		  0.00232
 -0.21278		  0.09847
 -0.15141		  0.17560
 -0.06376		  0.21977
  0.03401		  0.22313
  0.12396		  0.18524
  0.18960		  0.11310
  0.21882		  0.01995
  0.20610		 -0.07712
  0.15347		 -0.16026
  0.07023		 -0.21401
 -0.02875		 -0.22810
 -0.12563		 -0.19933
 -0.20271		 -0.13213
 -0.24568		 -0.03790
 -0.24608		  0.06703
 -0.20294		  0.16419
 -0.12294		  0.23620
 -0.01938		  0.26993
  0.09014		  0.25871
  0.18675		  0.20366
  0.25354		  0.11355
  0.27859		  0.00332
  0.25700		 -0.10843
  0.19188		 -0.20263
  0.09381		 -0.26301
 -0.02084		 -0.27895
 -0.13277		 -0.24728
 -0.22299		 -0.17297
 -0.27601		 -0.06823
 -0.28262		  0.04950
 -0.24138		  0.16049
 -0.15890		  0.24603
 -0.04880		  0.29170
  0.07064		  0.28971
  0.17959		  0.24029
  0.25995		  0.15164
  0.29846		  0.03849
  0.28893		 -0.08039
  0.23319		 -0.18533
  0.14083		 -0.25911
  0.02745		 -0.28989
 -0.08795		 -0.27308
 -0.18621		 -0.21214
 -0.25129		 -0.11788
 -0.27290		 -0.00652
 -0.24821		  0.10299
 -0.18224		  0.19233
 -0.08684		  0.24688
  0.02129		  0.25808
  0.12358		  0.22494
  0.20284		  0.15396
  0.24601		  0.05800
  0.24652		 -0.04609
  0.20517		 -0.14035
  0.12995		 -0.20887
  0.03450		 -0.24045
 -0.06429		 -0.23052
 -0.14931		 -0.18175
 -0.20617		 -0.10351
 -0.22564		 -0.01013
 -0.20525		  0.08173
 -0.14954		  0.15597
 -0.06915		  0.19988
  0.02107		  0.20635
  0.10482		  0.17501
  0.16719		  0.11223
  0.19731		  0.02983
  0.19020		 -0.05698
  0.14763		 -0.13238
  0.07768		 -0.18281
 -0.00672		 -0.19929
 -0.09015		 -0.17902
 -0.15747		 -0.12581
 -0.19651		 -0.04939
 -0.20022		  0.03641
 -0.16794		  0.11608
 -0.10543		  0.17527
 -0.02389		  0.20329
  0.06209		  0.19501
  0.13710		  0.15182
  0.18766		  0.08131
  0.20462		 -0.00404
  0.18473		 -0.08907
  0.13133		 -0.15862
  0.05365		 -0.20018
 -0.03473		 -0.20615
 -0.11826		 -0.17515
 -0.18217		 -0.11225
 -0.21506		 -0.02817
 -0.21081		  0.06262
 -0.16981		  0.14438
 -0.09877		  0.20290
 -0.00963		  0.22788
  0.08247		  0.21475
  0.16183		  0.16546
  0.21488		  0.08820
  0.23250		 -0.00408
  0.21161		 -0.09581
  0.15566		 -0.17155
  0.07403		 -0.21849
 -0.01952		 -0.22877
 -0.10925		 -0.20069
 -0.18012		 -0.13907
 -0.22026		 -0.05433
 -0.22305		  0.03924
 -0.18817		  0.12593
 -0.12162		  0.19128
 -0.03466		  0.22447
  0.05809		  0.22015
  0.14117		  0.17928
  0.20085		  0.10890
  0.22747		  0.02094
  0.21693		 -0.06991
  0.17139		 -0.14860
  0.09881		 -0.20234
  0.01153		 -0.22262
 -0.07585		 -0.20663
 -0.14891		 -0.15765
 -0.19588		 -0.08436
 -0.20950		  0.00061
 -0.18826		  0.08296
 -0.13643		  0.14909
 -0.06332		  0.18834
  0.01836		  0.19482
  0.09479		  0.16821
  0.15326		  0.11375
  0.18443		  0.04125
  0.18371		 -0.03668
  0.15201		 -0.10680
  0.09546		 -0.15751
  0.02420		 -0.18078
 -0.04936		 -0.17339
 -0.11273		 -0.13743
 -0.15549		 -0.07982
 -0.17098		 -0.01093
 -0.15742		  0.05715
 -0.11801		  0.11282
 -0.06036		  0.14692
  0.00499		  0.15427
  0.06644		  0.13445
  0.11337		  0.09180
  0.13795		  0.03455
  0.13651		 -0.02673
  0.11005		 -0.08098
  0.06396		 -0.11865
  0.00704		 -0.13336
 -0.05017		 -0.12294
 -0.09726		 -0.08979
 -0.12583		 -0.04033
 -0.13095		  0.01614
 -0.11198		  0.06918
 -0.07271		  0.10913
 -0.02054		  0.12876
  0.03480		  0.12464
  0.08309		  0.09767
  0.11542		  0.05296
  0.12582		 -0.00114
  0.11236		 -0.05458
  0.07748		 -0.09738
  0.02755		 -0.12147
 -0.02821		 -0.12218
 -0.07947		 -0.09907
 -0.11658		 -0.05608
 -0.13237		 -0.00080
 -0.12346		  0.05677
 -0.09089		  0.10609
 -0.04003		  0.13793
  0.02035		  0.14603
  0.07961		  0.12830
  0.12709		  0.08723
  0.15401		  0.02954
  0.15510		 -0.03497
  0.12952		 -0.09509
  0.08116		 -0.14016
  0.01796		 -0.16196
 -0.04935		 -0.15620
 -0.10917		 -0.12331
 -0.15095		 -0.06847
 -0.16713		 -0.00075
 -0.15442		  0.06842
 -0.11450		  0.12713
 -0.05371		  0.16514
  0.01788		  0.17560
  0.08828		  0.15629
  0.14553		  0.11004
  0.17980		  0.04429
  0.18506		 -0.03013
  0.16015		 -0.10085
  0.10902		 -0.15604
  0.04004		 -0.18646
 -0.03538		 -0.18701
 -0.10475		 -0.15759
 -0.15657		 -0.10318
 -0.18236		 -0.03293
 -0.17804		  0.04139
 -0.14460		  0.10739
 -0.08797		  0.15418
 -0.01788		  0.17418
  0.05374		  0.16443
  0.11486		  0.12704
  0.15538		  0.06874
  0.16887		 -0.00028
  0.15353		 -0.06819
  0.11255		 -0.12356
  0.05342		 -0.15730
 -0.01347		 -0.16421
 -0.07657		 -0.14381
 -0.12529		 -0.10031
 -0.15176		 -0.04177
 -0.15216		  0.02131
 -0.12733		  0.07797
 -0.08243		  0.11863
 -0.02603		  0.13684
  0.03152		  0.13027
  0.08000		  0.10104
  0.11111		  0.05527
  0.11990		  0.00185
  0.10560		 -0.04919
  0.07165		 -0.08857
  0.02499		 -0.10938
 -0.02527		 -0.10829
 -0.06963		 -0.08613
 -0.09986		 -0.04760
 -0.11058		 -0.00035
 -0.10014		  0.04649
 -0.07091		  0.08401
 -0.02877		  0.10522
  0.01805		  0.10632
  0.06054		  0.08733
  0.09056		  0.05211
  0.10244		  0.00758
  0.09396		 -0.03761
  0.06682		 -0.07471
  0.02623		 -0.09649
 -0.02000		 -0.09865
 -0.06298		 -0.08057
 -0.09435		 -0.04548
 -0.10791		  0.00016
 -0.10072		  0.04786
 -0.07372		  0.08863
 -0.03154		  0.11468
  0.01833		  0.12086
  0.06686		  0.10562
  0.10519		  0.07132
  0.12622		  0.02383
  0.12590		 -0.02852
  0.10400		 -0.07645
  0.06420		 -0.11138
  0.01338		 -0.12700
 -0.03952		 -0.12041
 -0.08519		 -0.09264
 -0.11552		 -0.04850
 -0.12510		  0.00430
 -0.11217		  0.05651
 -0.07892		  0.09894
 -0.03115		  0.12413
  0.02286		  0.12766
  0.07374		  0.10888
  0.11265		  0.07106
  0.13293		  0.02073
  0.13118		 -0.03342
  0.10783		 -0.08212
  0.06706		 -0.11712
  0.01601		 -0.13265
 -0.03650		 -0.12635
 -0.08153		 -0.09967
 -0.11154		 -0.05759
 -0.12176		 -0.00763
 -0.11090		  0.04146
 -0.08135		  0.08122
 -0.03873		  0.10501
  0.00922		  0.10909
  0.05397		  0.09324
  0.08774		  0.06073
  0.10485		  0.01767
  0.10265		 -0.02812
  0.08196		 -0.06850
  0.04680		 -0.09645
  0.00369		 -0.10735
 -0.03963		 -0.09964
 -0.07553		 -0.07506
 -0.09787		 -0.03836
 -0.10305		  0.00372
 -0.09058		  0.04360
 -0.06314		  0.07427
 -0.02600		  0.09050
  0.01392		  0.08976
  0.04934		  0.07258
  0.07392		  0.04245
  0.08338		  0.00514
  0.07621		 -0.03239
  0.05393		 -0.06322
  0.02077		 -0.08172
 -0.01713		 -0.08453
 -0.05282		 -0.07114
 -0.07978		 -0.04397
 -0.09310		 -0.00788
 -0.09031		  0.03068
 -0.07184		  0.06484
 -0.04089		  0.08851
 -0.00286		  0.09748
  0.03557		  0.09014
  0.06767		  0.06774
  0.08781		  0.03419
  0.09246		 -0.00466
  0.08079		 -0.04202
  0.05481		 -0.07132
  0.01902		 -0.08741
 -0.02037		 -0.08741
 -0.05648		 -0.07121
 -0.08301		 -0.04147
 -0.09525		 -0.00322
 -0.09092		  0.03706
 -0.07057		  0.07249
 -0.03744		  0.09702
  0.00303		  0.10638
  0.04415		  0.09888
  0.07912		  0.07562
  0.10214		  0.04035
  0.10942		 -0.00117
  0.09976		 -0.04215
  0.07479		 -0.07591
  0.03868		 -0.09696
 -0.00259		 -0.10196
 -0.04221		 -0.09021
 -0.07367		 -0.06381
 -0.09184		 -0.02725
 -0.09385		  0.01331
 -0.07949		  0.05111
 -0.05128		  0.07987
 -0.01400		  0.09489
  0.02609		  0.09375
  0.06233		  0.07674
  0.08876		  0.04676
  0.10109		  0.00887
  0.09741		 -0.03066
  0.07851		 -0.06532
  0.04766		 -0.08951
  0.01011		 -0.09943
 -0.02787		 -0.09371
 -0.06001		 -0.07361
 -0.08112		 -0.04279
 -0.08795		 -0.00665
 -0.07970		  0.02860
 -0.05816		  0.05697
 -0.02734		  0.07377
  0.00720		  0.07634
  0.03934		  0.06452
  0.06347		  0.04064
  0.07542		  0.00909
  0.07319		 -0.02444
  0.05729		 -0.05397
  0.03061		 -0.07425
 -0.00206		 -0.08172
 -0.03492		 -0.07506
 -0.06213		 -0.05548
 -0.07888		 -0.02648
 -0.08223		  0.00680
 -0.07159		  0.03844
 -0.04889		  0.06281
 -0.01821		  0.07554
  0.01495		  0.07435
  0.04458		  0.05943
  0.06528		  0.03340
  0.07318		  0.00094
  0.06668		 -0.03210
  0.04671		 -0.05967
  0.01667		 -0.07661
 -0.01824		 -0.07959
 -0.05184		 -0.06770
 -0.07807		 -0.04262
 -0.09206		 -0.00844
 -0.09099		  0.02911
 -0.07464		  0.06360
 -0.04542		  0.08898
 -0.00805		  0.10070
  0.03129		  0.09650
  0.06595		  0.07678
  0.09003		  0.04467
  0.09930		  0.00540
  0.09205		 -0.03446
  0.06933		 -0.06819
  0.03485		 -0.09002
 -0.00565		 -0.09618
 -0.04538		 -0.08548
 -0.07763		 -0.05959
 -0.09687		 -0.02275
 -0.09979		  0.01894
 -0.08577		  0.05854
 -0.05703		  0.08944
 -0.01826		  0.10650
  0.02417		  0.10686
  0.06332		  0.09048
  0.09280		  0.06008
  0.10790		  0.02073
  0.10632		 -0.02108
  0.08855		 -0.05853
  0.05781		 -0.08559
  0.01939		 -0.09806
 -0.02021		 -0.09425
 -0.05440		 -0.07521
 -0.07762		 -0.04454
 -0.08630		 -0.00773
 -0.07939		  0.02883
 -0.05850		  0.05891
 -0.02759		  0.07755
  0.00774		  0.08184
  0.04130		  0.07142
  0.06734		  0.04846
  0.08153		  0.01725
  0.08171		 -0.01662
  0.06823		 -0.04719
  0.04378		 -0.06925
  0.01292		 -0.07922
 -0.01876		 -0.07569
 -0.04567		 -0.05970
 -0.06320		 -0.03447
 -0.06850		 -0.00478
 -0.06098		  0.02388
 -0.04235		  0.04630
 -0.01630		  0.05851
  0.01219		  0.05843
  0.03776		  0.04625
  0.05563		  0.02434
  0.06248		 -0.00316
  0.05699		 -0.03113
  0.04008		 -0.05437
  0.01475		 -0.06854
 -0.01447		 -0.07094
 -0.04237		 -0.06096
 -0.06394		 -0.04024
 -0.07527		 -0.01230
 -0.07425		  0.01804
 -0.06096		  0.04549
 -0.03759		  0.06527
 -0.00814		  0.07390
  0.02234		  0.06985
  0.04860		  0.05376
  0.06609		  0.02835
  0.07179		 -0.00204
  0.06466		 -0.03223
  0.04586		 -0.05705
  0.01853		 -0.07225
 -0.01276		 -0.07523
 -0.04277		 -0.06541
 -0.06651		 -0.04438
 -0.08005		 -0.01560
 -0.08117		  0.01623
 -0.06976		  0.04593
 -0.04772		  0.06874
 -0.01872		  0.08108
  0.01251		  0.08117
  0.04095		  0.06923
  0.06217		  0.04747
  0.07299		  0.01964
  0.07203		 -0.00961
  0.05987		 -0.03553
  0.03892		 -0.05408
  0.01295		 -0.06253
 -0.01358		 -0.05993
 -0.03625		 -0.04720
 -0.05150		 -0.02689
 -0.05709		 -0.00274
 -0.05254		  0.02105
 -0.03906		  0.04049
 -0.01934		  0.05251
  0.00301		  0.05544
  0.02406		  0.04924
  0.04032		  0.03543
  0.04927		  0.01678
  0.04980		 -0.00323
  0.04232		 -0.02101
  0.02867		 -0.03360
  0.01168		 -0.03906
 -0.00532		 -0.03687
 -0.01915		 -0.02791
 -0.02736		 -0.01428
 -0.02863		  0.00110
 -0.02301		  0.01507
 -0.01185		  0.02487
  0.00244		  0.02856
  0.01690		  0.02543
  0.02855		  0.01610
  0.03499		  0.00238
  0.03482		 -0.01304
  0.02789		 -0.02717
  0.01536		 -0.03718
 -0.00052		 -0.04105
 -0.01685		 -0.03783
 -0.03056		 -0.02794
 -0.03903		 -0.01300
 -0.04054		  0.00437
 -0.03462		  0.02103
 -0.02213		  0.03393
 -0.00515		  0.04061
  0.01340		  0.03966
  0.03022		  0.03100
  0.04226		  0.01594
  0.04725		 -0.00310
  0.04407		 -0.02293
  0.03300		 -0.04016
  0.01569		 -0.05179
 -0.00514		 -0.05571
 -0.02612		 -0.05108
 -0.04382		 -0.03851
 -0.05532		 -0.01989
 -0.05872		  0.00182
 -0.05341		  0.02317
 -0.04027		  0.04075
 -0.02141		  0.05177
  0.00010		  0.05454
  0.02077		  0.04872
  0.03731		  0.03537
  0.04711		  0.01680
  0.04873		 -0.00389
  0.04207		 -0.02328
  0.02839		 -0.03822
  0.01010		 -0.04637
 -0.00970		 -0.04654
 -0.02772		 -0.03889
 -0.04105		 -0.02485
 -0.04761		 -0.00690
 -0.04652		  0.01192
 -0.03819		  0.02851
 -0.02420		  0.04021
 -0.00707		  0.04530
  0.01028		  0.04319
  0.02495		  0.03454
  0.03464		  0.02109
  0.03794		  0.00534
  0.03461		 -0.00992
  0.02556		 -0.02206
  0.01266		 -0.02912
 -0.00161		 -0.03007
 -0.01461		 -0.02500
 -0.02401		 -0.01510
 -0.02820		 -0.00233
 -0.02655		  0.01083
 -0.01950		  0.02193
 -0.00846		  0.02894
  0.00448		  0.03060
  0.01688		  0.02666
  0.02647		  0.01790
  0.03150		  0.00594
  0.03110		 -0.00699
  0.02535		 -0.01855
  0.01534		 -0.02662
  0.00292		 -0.02977
 -0.00964		 -0.02742
 -0.02004		 -0.02004
 -0.02637		 -0.00897
 -0.02745		  0.00375
 -0.02306		  0.01582
 -0.01396		  0.02500
 -0.00173		  0.02959
  0.01144		  0.02869
  0.02323		  0.02236
  0.03149		  0.01163
  0.03473		 -0.00169
  0.03229		 -0.01532
  0.02453		 -0.02693
  0.01270		 -0.03452
 -0.00122		 -0.03677
 -0.01489		 -0.03329
 -0.02603		 -0.02467
 -0.03276		 -0.01237
 -0.03400		  0.00150
 -0.02958		  0.01461
 -0.02033		  0.02473
 -0.00787		  0.03018
  0.00562		  0.03009
  0.01781		  0.02454
  0.02661		  0.01455
  0.03053		  0.00189
  0.02895		 -0.01121
  0.02218		 -0.02249
  0.01143		 -0.03002
 -0.00142		 -0.03252
 -0.01412		 -0.02961
 -0.02451		 -0.02185
 -0.03083		 -0.01061
 -0.03205		  0.00212
 -0.02803		  0.01412
 -0.01956		  0.02335
 -0.00820		  0.02826
  0.00402		  0.02805
  0.01493		  0.02287
  0.02261		  0.01373
  0.02574		  0.00232
  0.02381		 -0.00927
  0.01721		 -0.01894
  0.00717		 -0.02493
 -0.00448		 -0.02615
 -0.01561		 -0.02237
 -0.02420		 -0.01425
 -0.02868		 -0.00322
 -0.02821		  0.00877
 -0.02281		  0.01958
 -0.01340		  0.02728
 -0.00160		  0.03049
  0.01054		  0.02860
  0.02090		  0.02191
  0.02764		  0.01155
  0.02958		 -0.00067
  0.02636		 -0.01265
  0.01851		 -0.02227
  0.00738		 -0.02785
 -0.00509		 -0.02839
 -0.01673		 -0.02376
 -0.02551		 -0.01473
 -0.02986		 -0.00284
 -0.02900		  0.00987
 -0.02303		  0.02121
 -0.01292		  0.02923
 -0.00038		  0.03252
  0.01249		  0.03051
  0.02351		  0.02349
  0.03083		  0.01266
  0.03322		 -0.00019
  0.03031		 -0.01289
  0.02260		 -0.02334
  0.01144		 -0.02979
 -0.00127		 -0.03123
 -0.01339		 -0.02748
 -0.02288		 -0.01925
 -0.02819		 -0.00800
 -0.02849		  0.00431
 -0.02382		  0.01557
 -0.01506		  0.02388
 -0.00378		  0.02786
  0.00803		  0.02692
  0.01834		  0.02131
  0.02541		  0.01207
  0.02809		  0.00087
  0.02601		 -0.01034
  0.01962		 -0.01962
  0.01012		 -0.02543
 -0.00077		 -0.02684
 -0.01112		 -0.02373
 -0.01916		 -0.01676
 -0.02354		 -0.00725
 -0.02360		  0.00303
 -0.01946		  0.01224
 -0.01197		  0.01877
 -0.00258		  0.02151
  0.00695		  0.02006
  0.01488		  0.01478
  0.01977		  0.00673
  0.02077		 -0.00256
  0.01775		 -0.01135
  0.01133		 -0.01800
  0.00272		 -0.02130
 -0.00647		 -0.02065
 -0.01451		 -0.01618
 -0.01993		 -0.00875
 -0.02171		  0.00026
 -0.01954		  0.00920
 -0.01381		  0.01640
 -0.00557		  0.02053
  0.00365		  0.02081
  0.01217		  0.01718
  0.01839		  0.01027
  0.02114		  0.00135
  0.01990		 -0.00797
  0.01482		 -0.01597
  0.00680		 -0.02118
 -0.00275		 -0.02259
 -0.01214		 -0.01989
 -0.01964		 -0.01349
 -0.02391		 -0.00447
 -0.02411		  0.00560
 -0.02016		  0.01497
 -0.01268		  0.02198
 -0.00293		  0.02537
  0.00743		  0.02453
  0.01661		  0.01955
  0.02302		  0.01127
  0.02555		  0.00106
  0.02376		 -0.00932
  0.01792		 -0.01810
  0.00903		 -0.02380
 -0.00140		 -0.02543
 -0.01161		 -0.02274
 -0.01986		 -0.01617
 -0.02478		 -0.00686
 -0.02555		  0.00362
 -0.02207		  0.01350
 -0.01497		  0.02113
 -0.00546		  0.02527
  0.00484		  0.02527
  0.01421		  0.02120
  0.02111		  0.01381
  0.02445		  0.00438
  0.02376		 -0.00546
  0.01925		 -0.01408
  0.01179		 -0.02007
  0.00271		 -0.02252
 -0.00641		 -0.02113
 -0.01404		 -0.01627
 -0.01895		 -0.00890
 -0.02041		 -0.00035
 -0.01830		  0.00787
 -0.01313		  0.01435
 -0.00594		  0.01806
  0.00195		  0.01847
  0.00912		  0.01565
  0.01435		  0.01025
  0.01679		  0.00334
  0.01612		 -0.00376
  0.01263		 -0.00976
  0.00707		 -0.01361
  0.00056		 -0.01470
 -0.00563		 -0.01293
 -0.01034		 -0.00875
 -0.01272		 -0.00305
 -0.01237		  0.00301
 -0.00942		  0.00824
 -0.00451		  0.01160
  0.00136		  0.01245
  0.00701		  0.01062
  0.01131		  0.00646
  0.01337		  0.00078
  0.01274		 -0.00531
  0.00947		 -0.01062
  0.00413		 -0.01406
 -0.00230		 -0.01491
 -0.00862		 -0.01289
 -0.01362		 -0.00829
 -0.01629		 -0.00185
 -0.01602		  0.00529
 -0.01273		  0.01184
 -0.00689		  0.01657
  0.00056		  0.01854
  0.00837		  0.01727
  0.01515		  0.01284
  0.01969		  0.00588
  0.02109		 -0.00249
  0.01899		 -0.01092
  0.01361		 -0.01797
  0.00574		 -0.02240
 -0.00340		 -0.02340
 -0.01234		 -0.02069
 -0.01961		 -0.01462
 -0.02399		 -0.00610
 -0.02473		  0.00356
 -0.02162		  0.01283
 -0.01512		  0.02021
 -0.00622		  0.02453
  0.00369		  0.02506
  0.01307		  0.02171
  0.02042		  0.01498
  0.02460		  0.00594
  0.02496		 -0.00400
  0.02146		 -0.01328
  0.01469		 -0.02046
  0.00571		 -0.02445
 -0.00403		 -0.02466
 -0.01303		 -0.02114
 -0.01990		 -0.01449
 -0.02363		 -0.00582
 -0.02373		  0.00349
 -0.02029		  0.01197
 -0.01395		  0.01835
 -0.00582		  0.02170
  0.00278		  0.02164
  0.01048		  0.01832
  0.01612		  0.01242
  0.01891		  0.00500
  0.01856		 -0.00267
  0.01531		 -0.00935
  0.00986		 -0.01403
  0.00324		 -0.01605
 -0.00339		 -0.01527
 -0.00892		 -0.01199
 -0.01248		 -0.00694
 -0.01361		 -0.00111
 -0.01228		  0.00443
 -0.00890		  0.00873
 -0.00422		  0.01111
  0.00082		  0.01126
  0.00525		  0.00932
  0.00827		  0.00579
  0.00938		  0.00145
  0.00849		 -0.00278
  0.00586		 -0.00606
  0.00211		 -0.00775
 -0.00194		 -0.00753
 -0.00542		 -0.00549
 -0.00759		 -0.00207
 -0.00795		  0.00202
 -0.00639		  0.00591
 -0.00317		  0.00878
  0.00112		  0.00996
  0.00566		  0.00913
  0.00953		  0.00633
  0.01194		  0.00199
  0.01233		 -0.00313
  0.01050		 -0.00812
  0.00664		 -0.01205
  0.00137		 -0.01412
 -0.00446		 -0.01386
 -0.00984		 -0.01120
 -0.01378		 -0.00648
 -0.01555		 -0.00043
 -0.01474		  0.00596
 -0.01138		  0.01163
 -0.00594		  0.01557
  0.00074		  0.01707
  0.00758		  0.01580
  0.01348		  0.01188
  0.01742		  0.00588
  0.01873		 -0.00127
  0.01714		 -0.00844
  0.01285		 -0.01448
  0.00652		 -0.01842
 -0.00087		 -0.01960
 -0.00816		 -0.01783
 -0.01419		 -0.01339
 -0.01802		 -0.00697
 -0.01906		  0.00038
 -0.01717		  0.00752
 -0.01271		  0.01331
 -0.00640		  0.01686
  0.00071		  0.01766
  0.00748		  0.01563
  0.01283		  0.01117
  0.01594		  0.00505
  0.01638		 -0.00169
  0.01416		 -0.00796
  0.00971		 -0.01275
  0.00383		 -0.01534
 -0.00247		 -0.01539
 -0.00816		 -0.01297
 -0.01232		 -0.00858
 -0.01435		 -0.00301
 -0.01398		  0.00275
 -0.01139		  0.00776
 -0.00712		  0.01120
 -0.00196		  0.01258
  0.00317		  0.01175
  0.00738		  0.00897
  0.00999		  0.00481
  0.01061		  0.00008
  0.00922		 -0.00437
  0.00616		 -0.00773
  0.00205		 -0.00945
 -0.00233		 -0.00926
 -0.00615		 -0.00725
 -0.00873		 -0.00384
 -0.00961		  0.00030
 -0.00865		  0.00441
 -0.00606		  0.00772
 -0.00232		  0.00962
  0.00186		  0.00978
  0.00573		  0.00817
  0.00858		  0.00509
  0.00988		  0.00111
  0.00941		 -0.00307
  0.00725		 -0.00668
  0.00377		 -0.00907
 -0.00040		 -0.00981
 -0.00452		 -0.00876
 -0.00787		 -0.00609
 -0.00983		 -0.00225
 -0.01007		  0.00208
 -0.00850		  0.00617
 -0.00540		  0.00930
 -0.00126		  0.01092
  0.00321		  0.01076
  0.00727		  0.00882
  0.01023		  0.00542
  0.01162		  0.00111
  0.01119		 -0.00339
  0.00904		 -0.00736
  0.00551		 -0.01014
  0.00121		 -0.01131
 -0.00318		 -0.01070
 -0.00693		 -0.00844
 -0.00945		 -0.00491
 -0.01036		 -0.00074
 -0.00955		  0.00340
 -0.00719		  0.00683
 -0.00372		  0.00901
  0.00028		  0.00961
  0.00413		  0.00859
  0.00720		  0.00615
  0.00902		  0.00274
  0.00932		 -0.00106
  0.00811		 -0.00460
  0.00563		 -0.00731
  0.00234		 -0.00878
 -0.00119		 -0.00881
 -0.00436		 -0.00746
 -0.00666		 -0.00502
 -0.00776		 -0.00193
 -0.00751		  0.00124
 -0.00603		  0.00396
 -0.00363		  0.00577
 -0.00078		  0.00641
  0.00199		  0.00580
  0.00420		  0.00413
  0.00546		  0.00174
  0.00558		 -0.00092
  0.00457		 -0.00334
  0.00265		 -0.00507
  0.00019		 -0.00581
 -0.00234		 -0.00543
 -0.00446		 -0.00402
 -0.00578		 -0.00185
 -0.00607		  0.00067
 -0.00527		  0.00308
 -0.00352		  0.00493
 -0.00117		  0.00587
  0.00138		  0.00574
  0.00363		  0.00455
  0.00519		  0.00252
  0.00574		  0.00000
  0.00519		 -0.00253
  0.00360		 -0.00462
  0.00127		 -0.00587
 -0.00141		 -0.00603
 -0.00396		 -0.00506
 -0.00591		 -0.00310
 -0.00691		 -0.00046
 -0.00675		  0.00239
 -0.00543		  0.00498
 -0.00316		  0.00684
 -0.00029		  0.00765
  0.00268		  0.00725
  0.00527		  0.00569
  0.00703		  0.00321
  0.00767		  0.00023
  0.00706		 -0.00276
  0.00532		 -0.00526
  0.00273		 -0.00685
 -0.00028		 -0.00727
 -0.00320		 -0.00646
 -0.00554		 -0.00454
 -0.00691		 -0.00185
 -0.00708		  0.00115
 -0.00604		  0.00396
 -0.00395		  0.00612
 -0.00119		  0.00726
  0.00179		  0.00719
  0.00448		  0.00596
  0.00644		  0.00376
  0.00736		  0.00098
  0.00710		 -0.00190
  0.00573		 -0.00441
  0.00350		 -0.00614
  0.00081		 -0.00682
 -0.00189		 -0.00637
 -0.00413		 -0.00489
 -0.00554		 -0.00268
 -0.00592		 -0.00013
 -0.00523		  0.00230
 -0.00363		  0.00420
 -0.00143		  0.00524
  0.00097		  0.00527
  0.00312		  0.00431
  0.00467		  0.00257
  0.00533		  0.00037
  0.00502		 -0.00188
  0.00382		 -0.00378
  0.00195		 -0.00498
 -0.00022		 -0.00530
 -0.00229		 -0.00469
 -0.00390		 -0.00329
 -0.00476		 -0.00138
 -0.00474		  0.00070
 -0.00386		  0.00254
 -0.00230		  0.00381
 -0.00037		  0.00429
  0.00156		  0.00390
  0.00313		  0.00273
  0.00404		  0.00101
  0.00411		 -0.00094
  0.00335		 -0.00273
  0.00189		 -0.00403
  0.00000		 -0.00459
 -0.00196		 -0.00430
 -0.00363		 -0.00320
 -0.00469		 -0.00150
 -0.00495		  0.00051
 -0.00435		  0.00245
 -0.00300		  0.00397
 -0.00113		  0.00480
  0.00092		  0.00478
  0.00278		  0.00391
  0.00411		  0.00235
  0.00467		  0.00037
  0.00436		 -0.00166
  0.00322		 -0.00339
  0.00146		 -0.00449
 -0.00060		 -0.00476
 -0.00261		 -0.00415
 -0.00419		 -0.00276
 -0.00507		 -0.00083
 -0.00508		  0.00130
 -0.00422		  0.00327
 -0.00263		  0.00471
 -0.00058		  0.00540
  0.00157		  0.00519
  0.00345		  0.00414
  0.00474		  0.00242
  0.00523		  0.00034
  0.00483		 -0.00175
  0.00362		 -0.00349
  0.00183		 -0.00457
 -0.00024		 -0.00483
 -0.00221		 -0.00422
 -0.00375		 -0.00287
 -0.00460		 -0.00102
 -0.00461		  0.00101
 -0.00379		  0.00285
 -0.00230		  0.00419
 -0.00040		  0.00480
  0.00157		  0.00459
  0.00328		  0.00360
  0.00443		  0.00201
  0.00483		  0.00010
  0.00442		 -0.00178
  0.00331		 -0.00332
  0.00168		 -0.00426
 -0.00017		 -0.00445
 -0.00191		 -0.00388
 -0.00324		 -0.00266
 -0.00393		 -0.00102
 -0.00389		  0.00073
 -0.00313		  0.00228
 -0.00181		  0.00337
 -0.00018		  0.00380
  0.00148		  0.00352
  0.00285		  0.00257
  0.00370		  0.00115
  0.00389		 -0.00049
  0.00337		 -0.00205
  0.00226		 -0.00326
  0.00076		 -0.00390
 -0.00086		 -0.00386
 -0.00231		 -0.00315
 -0.00334		 -0.00192
 -0.00376		 -0.00039
 -0.00351		  0.00117
 -0.00264		  0.00248
 -0.00131		  0.00331
  0.00024		  0.00350
  0.00172		  0.00304
  0.00287		  0.00199
  0.00348		  0.00056
  0.00344		 -0.00100
  0.00275		 -0.00240
  0.00153		 -0.00340
  0.00000		 -0.00382
 -0.00157		 -0.00356
 -0.00292		 -0.00268
 -0.00379		 -0.00132
 -0.00403		  0.00029
 -0.00360		  0.00187
 -0.00256		  0.00314
 -0.00109		  0.00388
  0.00055		  0.00396
  0.00209		  0.00337
  0.00326		  0.00221
  0.00386		  0.00066
  0.00378		 -0.00100
  0.00303		 -0.00248
  0.00173		 -0.00353
  0.00012		 -0.00397
 -0.00155		 -0.00372
 -0.00297		 -0.00281
 -0.00392		 -0.00140
 -0.00421		  0.00028
 -0.00381		  0.00195
 -0.00277		  0.00333
 -0.00126		  0.00417
  0.00046		  0.00435
  0.00212		  0.00382
  0.00342		  0.00269
  0.00417		  0.00112
  0.00423		 -0.00060
  0.00360		 -0.00221
  0.00238		 -0.00342
  0.00079		 -0.00404
 -0.00091		 -0.00397
 -0.00243		 -0.00323
 -0.00353		 -0.00195
 -0.00401		 -0.00033
 -0.00381		  0.00133
 -0.00295		  0.00277
 -0.00160		  0.00375
  0.00003		  0.00410
  0.00165		  0.00377
  0.00301		  0.00282
  0.00387		  0.00142
  0.00409		 -0.00020
  0.00366		 -0.00177
  0.00264		 -0.00302
  0.00123		 -0.00375
 -0.00035		 -0.00385
 -0.00182		 -0.00332
 -0.00293		 -0.00226
 -0.00352		 -0.00085
 -0.00348		  0.00066
 -0.00285		  0.00200
 -0.00174		  0.00296
 -0.00034		  0.00338
  0.00108		  0.00320
  0.00230		  0.00246
  0.00310		  0.00130
  0.00335		 -0.00008
  0.00302		 -0.00142
  0.00219		 -0.00250
  0.00099		 -0.00314
 -0.00034		 -0.00323
 -0.00158		 -0.00278
 -0.00251		 -0.00186
 -0.00298		 -0.00067
 -0.00291		  0.00060
 -0.00234		  0.00171
 -0.00136		  0.00247
 -0.00018		  0.00275
  0.00100		  0.00251
  0.00197		  0.00181
  0.00254		  0.00077
  0.00262		 -0.00040
  0.00220		 -0.00149
  0.00136		 -0.00230
  0.00026		 -0.00268
 -0.00089		 -0.00257
 -0.00189		 -0.00198
 -0.00255		 -0.00102
 -0.00275		  0.00013
 -0.00246		  0.00126
 -0.00171		  0.00216
 -0.00066		  0.00267
  0.00052		  0.00269
  0.00160		  0.00221
  0.00239		  0.00133
  0.00273		  0.00019
  0.00257		 -0.00100
  0.00193		 -0.00202
  0.00090		 -0.00269
 -0.00031		 -0.00287
 -0.00151		 -0.00253
 -0.00247		 -0.00171
 -0.00302		 -0.00056
 -0.00305		  0.00073
 -0.00255		  0.00193
 -0.00159		  0.00283
 -0.00033		  0.00327
  0.00101		  0.00317
  0.00220		  0.00253
  0.00305		  0.00145
  0.00338		  0.00012
  0.00316		 -0.00125
  0.00240		 -0.00241
  0.00123		 -0.00318
 -0.00015		 -0.00341
 -0.00151		 -0.00307
 -0.00263		 -0.00221
 -0.00331		 -0.00097
 -0.00345		  0.00044
 -0.00300		  0.00179
 -0.00205		  0.00285
 -0.00076		  0.00345
  0.00066		  0.00349
  0.00198		  0.00296
  0.00298		  0.00195
  0.00350		  0.00064
  0.00346		 -0.00077
  0.00287		 -0.00204
  0.00183		 -0.00297
  0.00052		 -0.00340
 -0.00084		 -0.00329
 -0.00203		 -0.00265
 -0.00286		 -0.00160
 -0.00320		 -0.00032
 -0.00301		  0.00097
 -0.00233		  0.00205
 -0.00129		  0.00277
 -0.00007		  0.00301
  0.00113		  0.00274
  0.00210		  0.00203
  0.00270		  0.00101
  0.00284		 -0.00015
  0.00250		 -0.00125
  0.00177		 -0.00210
  0.00077		 -0.00257
 -0.00031		 -0.00260
 -0.00128		 -0.00221
 -0.00200		 -0.00146
 -0.00234		 -0.00052
 -0.00227		  0.00046
 -0.00181		  0.00131
 -0.00107		  0.00187
 -0.00018		  0.00208
  0.00069		  0.00189
  0.00140		  0.00138
  0.00181		  0.00063
  0.00186		 -0.00020
  0.00157		 -0.00097
  0.00099		 -0.00153
  0.00023		 -0.00178
 -0.00054		 -0.00170
 -0.00121		 -0.00129
 -0.00163		 -0.00066
 -0.00174		  0.00010
 -0.00152		  0.00082
 -0.00102		  0.00138
 -0.00033		  0.00167
  0.00042		  0.00164
  0.00109		  0.00130
  0.00155		  0.00071
  0.00171		 -0.00003
  0.00155		 -0.00077
  0.00109		 -0.00137
  0.00041		 -0.00174
 -0.00036		 -0.00179
 -0.00109		 -0.00151
 -0.00165		 -0.00094
 -0.00193		 -0.00019
 -0.00187		  0.00062
 -0.00149		  0.00134
 -0.00084		  0.00185
 -0.00003		  0.00206
  0.00080		  0.00191
  0.00151		  0.00145
  0.00197		  0.00073
  0.00211		 -0.00012
  0.00190		 -0.00095
  0.00137		 -0.00164
  0.00061		 -0.00205
 -0.00026		 -0.00213
 -0.00109		 -0.00185
 -0.00174		 -0.00127
 -0.00210		 -0.00048
 -0.00212		  0.00039
 -0.00179		  0.00120
 -0.00118		  0.00181
 -0.00037		  0.00212
  0.00049		  0.00208
  0.00126		  0.00172
  0.00182		  0.00108
  0.00207		  0.00028
  0.00199		 -0.00055
  0.00160		 -0.00127
  0.00095		 -0.00177
  0.00018		 -0.00196
 -0.00060		 -0.00184
 -0.00126		 -0.00142
 -0.00168		 -0.00078
 -0.00181		 -0.00004
 -0.00164		  0.00068
 -0.00120		  0.00125
 -0.00057		  0.00159
  0.00012		  0.00165
  0.00077		  0.00143
  0.00126		  0.00097
  0.00151		  0.00036
  0.00149		 -0.00028
  0.00122		 -0.00085
  0.00074		 -0.00125
  0.00016		 -0.00141
 -0.00043		 -0.00132
 -0.00092		 -0.00099
 -0.00122		 -0.00050
 -0.00129		  0.00006
 -0.00112		  0.00059
 -0.00074		  0.00099
 -0.00024		  0.00119
  0.00030		  0.00116
  0.00077		  0.00091
  0.00108		  0.00049
  0.00119		 -0.00003
  0.00107		 -0.00054
  0.00074		 -0.00095
  0.00027		 -0.00119
 -0.00026		 -0.00120
 -0.00075		 -0.00099
 -0.00111		 -0.00060
 -0.00127		 -0.00008
 -0.00120		  0.00045
 -0.00091		  0.00092
 -0.00046		  0.00122
  0.00009		  0.00131
  0.00063		  0.00117
  0.00106		  0.00082
  0.00132		  0.00031
  0.00134		 -0.00026
  0.00113		 -0.00079
  0.00072		 -0.00120
  0.00018		 -0.00140
 -0.00041		 -0.00137
 -0.00093		 -0.00110
 -0.00130		 -0.00064
 -0.00146		 -0.00007
 -0.00137		  0.00052
 -0.00106		  0.00102
 -0.00057		  0.00136
  0.00002		  0.00147
  0.00060		  0.00134
  0.00108		  0.00098
  0.00137		  0.00047
  0.00144		 -0.00012
  0.00126		 -0.00068
  0.00088		 -0.00112
  0.00035		 -0.00137
 -0.00023		 -0.00138
 -0.00076		 -0.00116
 -0.00115		 -0.00075
 -0.00134		 -0.00022
 -0.00131		  0.00034
 -0.00105		  0.00083
 -0.00062		  0.00117
 -0.00009		  0.00131
  0.00044		  0.00122
  0.00089		  0.00092
  0.00117		  0.00048
  0.00125		 -0.00004
  0.00111		 -0.00054
  0.00078		 -0.00093
  0.00033		 -0.00116
 -0.00018		 -0.00117
 -0.00064		 -0.00098
 -0.00097		 -0.00062
 -0.00113		 -0.00016
 -0.00109		  0.00032
 -0.00085		  0.00074
 -0.00046		  0.00102
  0.00001		  0.00111
  0.00047		  0.00100
  0.00084		  0.00072
  0.00106		  0.00031
  0.00109		 -0.00015
  0.00093		 -0.00059
  0.00060		 -0.00091
  0.00017		 -0.00108
 -0.00028		 -0.00105
 -0.00068		 -0.00084
 -0.00096		 -0.00048
 -0.00107		 -0.00004
 -0.00098		  0.00040
 -0.00073		  0.00076
 -0.00035		  0.00099
  0.00009		  0.00104
  0.00051		  0.00090
  0.00083		  0.00061
  0.00100		  0.00021
  0.00100		 -0.00022
  0.00081		 -0.00061
  0.00049		 -0.00088
  0.00008		 -0.00100
 -0.00034		 -0.00093
 -0.00069		 -0.00071
 -0.00091		 -0.00036
 -0.00097		  0.00005
 -0.00085		  0.00044
 -0.00058		  0.00075
 -0.00021		  0.00091
  0.00019		  0.00091
  0.00055		  0.00074
  0.00080		  0.00043
  0.00090		  0.00005
  0.00083		 -0.00034
  0.00061		 -0.00066
  0.00026		 -0.00086
 -0.00013		 -0.00089
 -0.00050		 -0.00075
 -0.00078		 -0.00047
 -0.00092		 -0.00009
 -0.00088		  0.00031
 -0.00067		  0.00067
 -0.00034		  0.00091
  0.00008		  0.00098
  0.00049		  0.00088
  0.00082		  0.00061
  0.00102		  0.00021
  0.00103		 -0.00023
  0.00086		 -0.00064
  0.00053		 -0.00096
  0.00009		 -0.00111
 -0.00038		 -0.00107
 -0.00080		 -0.00084
 -0.00109		 -0.00046
 -0.00120		  0.00003
 -0.00111		  0.00052
 -0.00083		  0.00094
 -0.00039		  0.00121
  0.00012		  0.00129
  0.00064		  0.00116
  0.00106		  0.00083
  0.00131		  0.00036
  0.00136		 -0.00019
  0.00119		 -0.00071
  0.00083		 -0.00112
  0.00033		 -0.00136
 -0.00022		 -0.00139
 -0.00074		 -0.00119
 -0.00114		 -0.00081
 -0.00136		 -0.00030
 -0.00136		  0.00025
 -0.00115		  0.00076
 -0.00076		  0.00114
 -0.00025		  0.00133
  0.00029		  0.00131
  0.00077		  0.00108
  0.00112		  0.00069
  0.00128		  0.00020
  0.00124		 -0.00031
  0.00101		 -0.00076
  0.00062		 -0.00107
  0.00015		 -0.00120
 -0.00032		 -0.00114
 -0.00072		 -0.00090
 -0.00098		 -0.00053
 -0.00107		 -0.00010
 -0.00099		  0.00032
 -0.00075		  0.00066
 -0.00040		  0.00087
 -0.00002		  0.00091
  0.00034		  0.00080
  0.00061		  0.00056
  0.00075		  0.00024
  0.00075		 -0.00010
  0.00061		 -0.00039
  0.00036		 -0.00059
  0.00006		 -0.00066
 -0.00022		 -0.00059
 -0.00045		 -0.00042
 -0.00057		 -0.00017
 -0.00057		  0.00011
 -0.00045		  0.00035
 -0.00024		  0.00051
  0.00002		  0.00056
  0.00027		  0.00049
  0.00047		  0.00031
  0.00056		  0.00006
  0.00054		 -0.00020
  0.00040		 -0.00044
  0.00017		 -0.00059
 -0.00011		 -0.00063
 -0.00039		 -0.00054
 -0.00060		 -0.00033
 -0.00072		 -0.00005
 -0.00070		  0.00027
 -0.00056		  0.00055
 -0.00030		  0.00076
  0.00003		  0.00085
  0.00038		  0.00079
  0.00067		  0.00059
  0.00087		  0.00029
  0.00093		 -0.00007
  0.00085		 -0.00044
  0.00062		 -0.00074
  0.00028		 -0.00093
 -0.00010		 -0.00097
 -0.00048		 -0.00086
 -0.00078		 -0.00060
 -0.00095		 -0.00025
 -0.00097		  0.00014
 -0.00084		  0.00052
 -0.00057		  0.00081
 -0.00021		  0.00097
  0.00019		  0.00097
  0.00056		  0.00082
  0.00083		  0.00054
  0.00098		  0.00018
  0.00096		 -0.00021
  0.00080		 -0.00056
  0.00052		 -0.00081
  0.00017		 -0.00093
 -0.00020		 -0.00091
 -0.00052		 -0.00074
 -0.00074		 -0.00047
 -0.00084		 -0.00013
 -0.00079		  0.00021
 -0.00062		  0.00049
 -0.00035		  0.00068
 -0.00004		  0.00074
  0.00026		  0.00066
  0.00050		  0.00048
  0.00064		  0.00022
  0.00066		 -0.00007
  0.00056		 -0.00034
  0.00036		 -0.00053
  0.00011		 -0.00063
 -0.00016		 -0.00060
 -0.00039		 -0.00047
 -0.00054		 -0.00026
 -0.00059		 -0.00001
 -0.00053		  0.00023
 -0.00037		  0.00043
 -0.00015		  0.00053
  0.00010		  0.00053
  0.00032		  0.00043
  0.00048		  0.00024
  0.00054		  0.00001
  0.00049		 -0.00024
  0.00035		 -0.00044
  0.00013		 -0.00056
 -0.00013		 -0.00058
 -0.00037		 -0.00049
 -0.00056		 -0.00031
 -0.00065		 -0.00006
 -0.00064		  0.00021
 -0.00051		  0.00046
 -0.00029		  0.00064
 -0.00002		  0.00071
  0.00026		  0.00067
  0.00051		  0.00052
  0.00067		  0.00028
  0.00073		 -0.00001
  0.00067		 -0.00030
  0.00049		 -0.00054
  0.00023		 -0.00069
 -0.00006		 -0.00073
 -0.00035		 -0.00065
 -0.00058		 -0.00045
 -0.00072		 -0.00018
 -0.00074		  0.00012
 -0.00064		  0.00040
 -0.00043		  0.00062
 -0.00016		  0.00075
  0.00015		  0.00075
  0.00042		  0.00064
  0.00063		  0.00043
  0.00074		  0.00015
  0.00073		 -0.00014
  0.00061		 -0.00040
  0.00040		 -0.00059
  0.00014		 -0.00068
 -0.00014		 -0.00066
 -0.00037		 -0.00053
 -0.00053		 -0.00032
 -0.00060		 -0.00007
 -0.00055		  0.00017
 -0.00042		  0.00038
 -0.00021		  0.00050
  0.00002		  0.00054
  0.00024		  0.00047
  0.00041		  0.00032
  0.00050		  0.00012
  0.00050		 -0.00010
  0.00042		 -0.00029
  0.00026		 -0.00043
  0.00006		 -0.00049
 -0.00014		 -0.00046
 -0.00030		 -0.00035
 -0.00040		 -0.00018
 -0.00042		  0.00001
 -0.00036		  0.00019
 -0.00023		  0.00032
 -0.00006		  0.00038
  0.00013		  0.00035
  0.00028		  0.00026
  0.00038		  0.00010
  0.00039		 -0.00009
  0.00033		 -0.00027
  0.00019		 -0.00040
  0.00001		 -0.00047
 -0.00019		 -0.00045
 -0.00037		 -0.00035
 -0.00049		 -0.00018
 -0.00053		  0.00003
 -0.00048		  0.00024
 -0.00035		  0.00042
 -0.00015		  0.00052
  0.00008		  0.00054
  0.00029		  0.00046
  0.00046		  0.00030
  0.00055		  0.00009
  0.00054		 -0.00015
  0.00044		 -0.00037
  0.00025		 -0.00054
  0.00001		 -0.00061
 -0.00024		 -0.00058
 -0.00046		 -0.00045
 -0.00062		 -0.00024
 -0.00068		  0.00002
 -0.00063		  0.00028
 -0.00048		  0.00051
 -0.00026		  0.00066
  0.00001		  0.00071
  0.00027		  0.00065
  0.00050		  0.00050
  0.00064		  0.00027
  0.00068		 -0.00000
  0.00062		 -0.00026
  0.00046		 -0.00047
  0.00023		 -0.00060
 -0.00003		 -0.00064
 -0.00028		 -0.00056
 -0.00048		 -0.00040
 -0.00059		 -0.00017
 -0.00061		  0.00008
 -0.00052		  0.00031
 -0.00036		  0.00049
 -0.00013		  0.00059
  0.00010		  0.00059
  0.00032		  0.00050
  0.00048		  0.00034
  0.00057		  0.00013
  0.00056		 -0.00009
  0.00047		 -0.00029
  0.00031		 -0.00042
  0.00012		 -0.00049
 -0.00008		 -0.00047
 -0.00024		 -0.00038
 -0.00035		 -0.00023
 -0.00039		 -0.00006
 -0.00036		  0.00010
 -0.00026		  0.00024
 -0.00012		  0.00031
  0.00003		  0.00032
  0.00017		  0.00027
  0.00027		  0.00016
  0.00031		  0.00003
  0.00029		 -0.00011
  0.00022		 -0.00022
  0.00010		 -0.00029
 -0.00002		 -0.00030
 -0.00014		 -0.00025
 -0.00023		 -0.00016
 -0.00027		 -0.00005
 -0.00025		  0.00007
 -0.00018		  0.00017
 -0.00007		  0.00023
  0.00005		  0.00024
  0.00017		  0.00019
  0.00025		  0.00009
  0.00028		 -0.00004
  0.00025		 -0.00017
  0.00017		 -0.00028
  0.00004		 -0.00035
 -0.00011		 -0.00036
 -0.00025		 -0.00031
 -0.00037		 -0.00020
 -0.00043		 -0.00005
 -0.00043		  0.00012
 -0.00036		  0.00027
 -0.00023		  0.00039
 -0.00007		  0.00046
  0.00012		  0.00045
  0.00028		  0.00036
  0.00040		  0.00022
  0.00046		  0.00004
  0.00044		 -0.00015
  0.00035		 -0.00031
  0.00019		 -0.00043
  0.00001		 -0.00048
 -0.00019		 -0.00046
 -0.00036		 -0.00036
 -0.00048		 -0.00020
 -0.00053		 -0.00000
 -0.00050		  0.00020
 -0.00040		  0.00037
 -0.00024		  0.00049
 -0.00005		  0.00054
  0.00015		  0.00052
  0.00032		  0.00042
  0.00044		  0.00027
  0.00049		  0.00009
  0.00047		 -0.00010
  0.00039		 -0.00026
  0.00025		 -0.00037
  0.00008		 -0.00042
 -0.00008		 -0.00040
 -0.00022		 -0.00032
 -0.00032		 -0.00019
 -0.00036		 -0.00004
 -0.00033		  0.00010
 -0.00026		  0.00022
 -0.00015		  0.00030
 -0.00002		  0.00032
  0.00011		  0.00029
  0.00020		  0.00022
  0.00026		  0.00013
  0.00027		  0.00002
  0.00024		 -0.00008
  0.00018		 -0.00015
  0.00010		 -0.00018
  0.00002		 -0.00018
 -0.00005		 -0.00015
 -0.00009		 -0.00009
 -0.00010		 -0.00002
 -0.00007		  0.00003
 -0.00002		  0.00006
  0.00003		  0.00007
  0.00008		  0.00004
  0.00012		 -0.00001
  0.00012		 -0.00007
  0.00009		 -0.00013
  0.00003		 -0.00018
 -0.00004		 -0.00020
 -0.00012		 -0.00018
 -0.00019		 -0.00012
 -0.00023		 -0.00004
 -0.00024		  0.00006
 -0.00020		  0.00016
 -0.00012		  0.00023
 -0.00001		  0.00027
  0.00011		  0.00026
  0.00022		  0.00020
  0.00029		  0.00010
  0.00033		 -0.00003
  0.00031		 -0.00017
  0.00023		 -0.00029
  0.00011		 -0.00037
 -0.00004		 -0.00041
 -0.00019		 -0.00038
 -0.00033		 -0.00029
 -0.00042		 -0.00016
 -0.00046		  0.00000
 -0.00043		  0.00017
 -0.00034		  0.00031
 -0.00020		  0.00041
 -0.00003		  0.00045
  0.00013		  0.00042
  0.00028		  0.00033
  0.00038		  0.00020
  0.00041		  0.00003
  0.00039		 -0.00013
  0.00030		 -0.00027
  0.00016		 -0.00036
  0.00000		 -0.00039
 -0.00015		 -0.00036
 -0.00028		 -0.00027
 -0.00036		 -0.00014
 -0.00039		  0.00001
 -0.00035		  0.00016
 -0.00026		  0.00028
 -0.00014		  0.00035
  0.00000		  0.00037
  0.00013		  0.00033
  0.00024		  0.00025
  0.00030		  0.00013
  0.00031		  0.00001
  0.00027		 -0.00011
  0.00019		 -0.00019
  0.00009		 -0.00023
 -0.00002		 -0.00023
 -0.00011		 -0.00018
 -0.00017		 -0.00010
 -0.00019		 -0.00001
 -0.00017		  0.00008
 -0.00011		  0.00015
 -0.00003		  0.00019
  0.00006		  0.00018
  0.00014		  0.00014
  0.00019		  0.00007
  0.00020		 -0.00001
  0.00018		 -0.00009
  0.00013		 -0.00016
  0.00005		 -0.00019
 -0.00004		 -0.00019
 -0.00011		 -0.00015
 -0.00016		 -0.00008
 -0.00018		  0.00000
 -0.00016		  0.00008
 -0.00011		  0.00015
 -0.00003		  0.00019
  0.00007		  0.00019
  0.00015		  0.00015
  0.00021		  0.00008
  0.00024		 -0.00001
  0.00023		 -0.00011
  0.00018		 -0.00019
  0.00009		 -0.00025
 -0.00001		 -0.00028
 -0.00011		 -0.00026
 -0.00020		 -0.00020
 -0.00025		 -0.00011
 -0.00027		 -0.00000
 -0.00024		  0.00010
 -0.00018		  0.00018
 -0.00009		  0.00023
  0.00001		  0.00024
  0.00011		  0.00021
  0.00019		  0.00014
  0.00023		  0.00005
  0.00022		 -0.00005
  0.00018		 -0.00015
  0.00011		 -0.00021
  0.00001		 -0.00024
 -0.00008		 -0.00023
 -0.00017		 -0.00018
 -0.00023		 -0.00010
 -0.00025		 -0.00001
 -0.00023		  0.00009
 -0.00017		  0.00016
 -0.00009		  0.00021
  0.00000		  0.00022
  0.00009		  0.00019
  0.00015		  0.00013
  0.00018		  0.00005
  0.00018		 -0.00003
  0.00014		 -0.00011
  0.00007		 -0.00016
 -0.00001		 -0.00018
 -0.00009		 -0.00016
 -0.00016		 -0.00011
 -0.00020		 -0.00003
 -0.00020		  0.00006
 -0.00017		  0.00014
 -0.00010		  0.00020
 -0.00001		  0.00023
  0.00008		  0.00022
  0.00016		  0.00018
  0.00021		  0.00010
  0.00024		  0.00001
  0.00022		 -0.00009
  0.00016		 -0.00016
  0.00008		 -0.00021
 -0.00002		 -0.00023
 -0.00011		 -0.00020
 -0.00018		 -0.00014
 -0.00023		 -0.00005
 -0.00023		  0.00005
 -0.00019		  0.00015
 -0.00012		  0.00022
 -0.00002		  0.00026
  0.00008		  0.00026
  0.00018		  0.00021
  0.00025		  0.00013
  0.00028		  0.00003
  0.00027		 -0.00008
  0.00022		 -0.00017
  0.00014		 -0.00024
  0.00004		 -0.00027
 -0.00006		 -0.00026
 -0.00015		 -0.00021
 -0.00021		 -0.00013
 -0.00024		 -0.00003
 -0.00023		  0.00006
 -0.00017		  0.00015
 -0.00010		  0.00020
 -0.00000		  0.00022
  0.00009		  0.00020
  0.00016		  0.00014
  0.00020		  0.00007
  0.00021		 -0.00002
  0.00019		 -0.00010
  0.00013		 -0.00017
  0.00005		 -0.00020
 -0.00003		 -0.00020
 -0.00010		 -0.00017
 -0.00015		 -0.00012
 -0.00018		 -0.00004
 -0.00017		  0.00003
 -0.00014		  0.00009
 -0.00008		  0.00013
 -0.00001		  0.00014
  0.00005		  0.00012
  0.00010		  0.00008
  0.00012		  0.00002
  0.00012		 -0.00004
  0.00009		 -0.00009
  0.00004		 -0.00012
 -0.00002		 -0.00013
 -0.00008		 -0.00011
 -0.00013		 -0.00007
 -0.00015		 -0.00001
 -0.00015		  0.00005
 -0.00011		  0.00011
 -0.00006		  0.00014
  0.00000		  0.00016
  0.00007		  0.00014
  0.00012		  0.00010
  0.00015		  0.00004
  0.00015		 -0.00003
  0.00012		 -0.00010
  0.00007		 -0.00014
  0.00000		 -0.00017
 -0.00007		 -0.00016
 -0.00014		 -0.00012
 -0.00018		 -0.00006
 -0.00019		  0.00002
 -0.00018		  0.00010
 -0.00013		  0.00016
 -0.00006		  0.00021
  0.00002		  0.00022
  0.00011		  0.00019
  0.00017		  0.00014
  0.00021		  0.00006
  0.00022		 -0.00002
  0.00019		 -0.00010
  0.00013		 -0.00017
  0.00005		 -0.00020
 -0.00003		 -0.00020
 -0.00011		 -0.00017
 -0.00017		 -0.00011
 -0.00019		 -0.00003
 -0.00019		  0.00005
 -0.00015		  0.00013
 -0.00009		  0.00018
 -0.00001		  0.00020
  0.00007		  0.00019
  0.00014		  0.00014
  0.00018		  0.00008
  0.00020		  0.00000
  0.00018		 -0.00007
  0.00014		 -0.00013
  0.00007		 -0.00017
  0.00000		 -0.00018
 -0.00007		 -0.00016
 -0.00012		 -0.00011
 -0.00015		 -0.00005
 -0.00015		  0.00001
 -0.00012		  0.00007
 -0.00008		  0.00012
 -0.00002		  0.00013
  0.00004		  0.00013
  0.00009		  0.00009
  0.00013		  0.00004
  0.00013		 -0.00002
  0.00011		 -0.00007
  0.00007		 -0.00011
  0.00002		 -0.00013
 -0.00004		 -0.00013
 -0.00009		 -0.00011
 -0.00012		 -0.00006
 -0.00013		 -0.00001
 -0.00012		  0.00005
 -0.00008		  0.00009
 -0.00004		  0.00012
  0.00002		  0.00012
  0.00007		  0.00010
  0.00011		  0.00005
  0.00012		  0.00000
  0.00011		 -0.00006
  0.00008		 -0.00010
  0.00003		 -0.00013
 -0.00003		 -0.00014
 -0.00008		 -0.00012
 -0.00013		 -0.00008
 -0.00016		 -0.00002
 -0.00016		  0.00004
 -0.00013		  0.00010
 -0.00008		  0.00014
 -0.00002		  0.00016
  0.00004		  0.00016
  0.00010		  0.00013
  0.00014		  0.00008
  0.00016		  0.00001
  0.00015		 -0.00006
  0.00012		 -0.00011
  0.00006		 -0.00015
 -0.00001		 -0.00016
 -0.00007		 -0.00015
 -0.00013		 -0.00011
 -0.00016		 -0.00005
 -0.00017		  0.00002
 -0.00015		  0.00009
 -0.00011		  0.00014
 -0.00005		  0.00017
  0.00002		  0.00018
  0.00009		  0.00016
  0.00014		  0.00011
  0.00017		  0.00005
  0.00017		 -0.00002
  0.00015		 -0.00008
  0.00010		 -0.00013
  0.00004		 -0.00015
 -0.00002		 -0.00015
 -0.00008		 -0.00013
 -0.00012		 -0.00009
 -0.00014		 -0.00003
 -0.00014		  0.00003
 -0.00011		  0.00008
 -0.00007		  0.00012
 -0.00002		  0.00013
  0.00004		  0.00013
  0.00008		  0.00010
  0.00011		  0.00006
  0.00012		  0.00001
  0.00012		 -0.00004
  0.00009		 -0.00008
  0.00005		 -0.00010
  0.00001		 -0.00011
 -0.00004		 -0.00010
 -0.00007		 -0.00007
 -0.00009		 -0.00003
 -0.00009		  0.00001
 -0.00007		  0.00004
 -0.00004		  0.00006
 -0.00001		  0.00007
  0.00003		  0.00007
  0.00005		  0.00005
  0.00007		  0.00002
  0.00007		 -0.00002
  0.00005		 -0.00005
  0.00003		 -0.00007
 -0.00000		 -0.00007
 -0.00003		 -0.00007
 -0.00006		 -0.00005
 -0.00007		 -0.00002
 -0.00007		  0.00002
 -0.00006		  0.00005
 -0.00003		  0.00007
 -0.00000		  0.00008
  0.00003		  0.00007
  0.00006		  0.00005
  0.00008		  0.00002
  0.00008		 -0.00002
  0.00007		 -0.00005
  0.00004		 -0.00008
  0.00000		 -0.00010
 -0.00004		 -0.00009
 -0.00007		 -0.00008
 -0.00010		 -0.00004
 -0.00011		 -0.00000
 -0.00011		  0.00004
 -0.00008		  0.00008
 -0.00005		  0.00011
 -0.00000		  0.00012
  0.00004		  0.00011
  0.00008		  0.00008
  0.00011		  0.00004
  0.00012		 -0.00000
  0.00010		 -0.00005
  0.00008		 -0.00008
  0.00004		 -0.00011
 -0.00001		 -0.00011
 -0.00005		 -0.00010
 -0.00009		 -0.00007
 -0.00011		 -0.00003
 -0.00012		  0.00002
 -0.00010		  0.00006
 -0.00007		  0.00009
 -0.00003		  0.00011
  0.00002		  0.00011
  0.00006		  0.00010
  0.00009		  0.00007
  0.00010		  0.00003
  0.00010		 -0.00002
  0.00009		 -0.00005
  0.00006		 -0.00008
  0.00002		 -0.00009
 -0.00002		 -0.00009
 -0.00005		 -0.00007
 -0.00008		 -0.00004
 -0.00008		 -0.00000
 -0.00007		  0.00003
 -0.00005		  0.00006
 -0.00002		  0.00007
  0.00001		  0.00008
  0.00004		  0.00006
  0.00006		  0.00004
  0.00007		  0.00001
  0.00007		 -0.00002
  0.00005		 -0.00005
  0.00003		 -0.00007
 -0.00000		 -0.00007
 -0.00003		 -0.00006
 -0.00005		 -0.00004
 -0.00007		 -0.00001
 -0.00007		  0.00002
 -0.00005		  0.00004
 -0.00003		  0.00006
  0.00000		  0.00007
  0.00003		  0.00006
  0.00006		  0.00004
  0.00007		  0.00001
  0.00008		 -0.00002
  0.00006		 -0.00005
  0.00004		 -0.00007
  0.00001		 -0.00008
 -0.00003		 -0.00008
 -0.00006		 -0.00007
 -0.00008		 -0.00004
 -0.00009		 -0.00000
 -0.00008		  0.00003
 -0.00006		  0.00006
 -0.00003		  0.00008
  0.00000		  0.00009
  0.00004		  0.00008
  0.00007		  0.00006
  0.00009		  0.00003
  0.00009		 -0.00001
  0.00008		 -0.00005
  0.00005		 -0.00007
  0.00002		 -0.00009
 -0.00002		 -0.00009
 -0.00005		 -0.00008
 -0.00008		 -0.00005
 -0.00009		 -0.00002
 -0.00009		  0.00002
 -0.00007		  0.00005
 -0.00005		  0.00007
 -0.00001		  0.00008
  0.00002		  0.00008
  0.00005		  0.00006
  0.00007		  0.00004
  0.00007		  0.00001
  0.00007		 -0.00002
  0.00005		 -0.00005
  0.00003		 -0.00006
 -0.00000		 -0.00006
 -0.00003		 -0.00006
 -0.00005		 -0.00004
 -0.00006		 -0.00001
 -0.00006		  0.00002
 -0.00004		  0.00004
 -0.00002		  0.00005
  0.00000		  0.00006
  0.00003		  0.00005
  0.00004		  0.00003
  0.00005		  0.00001
  0.00005		 -0.00001
  0.00004		 -0.00003
  0.00002		 -0.00005
 -0.00000		 -0.00005
 -0.00003		 -0.00005
 -0.00005		 -0.00003
 -0.00005		 -0.00001
 -0.00005		  0.00002
 -0.00004		  0.00004
 -0.00002		  0.00006
  0.00001		  0.00006
  0.00003		  0.00006
  0.00006		  0.00004
  0.00007		  0.00001
  0.00007		 -0.00002
  0.00006		 -0.00004
  0.00004		 -0.00007
  0.00001		 -0.00008
 -0.00002		 -0.00008
 -0.00005		 -0.00006
 -0.00007		 -0.00004
 -0.00008		 -0.00001
 -0.00008		  0.00003
 -0.00006		  0.00006
 -0.00004		  0.00008
 -0.00000		  0.00009
  0.00003		  0.00008
  0.00006		  0.00006
  0.00009		  0.00003
  0.00009		 -0.00000
  0.00009		 -0.00004
  0.00006		 -0.00007
  0.00003		 -0.00009
 -0.00000		 -0.00009
 -0.00004		 -0.00009
 -0.00007		 -0.00006
 -0.00009		 -0.00003
 -0.00009		  0.00000
 -0.00008		  0.00004
 -0.00006		  0.00007
 -0.00003		  0.00008
  0.00001		  0.00009
  0.00004		  0.00008
  0.00007		  0.00005
  0.00008		  0.00002
  0.00008		 -0.00001
  0.00007		 -0.00004
  0.00005		 -0.00006
  0.00002		 -0.00008
 -0.00001		 -0.00007
 -0.00004		 -0.00006
 -0.00006		 -0.00004
 -0.00007		 -0.00001
 -0.00007		  0.00002
 -0.00005		  0.00004
 -0.00003		  0.00006
 -0.00000		  0.00006
  0.00002		  0.00006
  0.00004		  0.00004
  0.00005		  0.00002
  0.00006		 -0.00000
  0.00005		 -0.00003
  0.00003		 -0.00004
  0.00001		 -0.00005
 -0.00001		 -0.00005
 -0.00003		 -0.00004
 -0.00004		 -0.00002
 -0.00005		  0.00000
 -0.00004		  0.00002
 -0.00003		  0.00004
 -0.00001		  0.00005
  0.00001		  0.00004
  0.00003		  0.00004
  0.00004		  0.00002
  0.00005		  0.00000
  0.00004		 -0.00002
  0.00003		 -0.00004
  0.00001		 -0.00005
 -0.00001		 -0.00005
 -0.00003		 -0.00004
 -0.00004		 -0.00002
 -0.00005		 -0.00000
 -0.00005		  0.00002
 -0.00004		  0.00003
 -0.00002		  0.00005
  0.00000		  0.00005
  0.00002		  0.00005
  0.00004		  0.00003
  0.00005		  0.00001
  0.00005		 -0.00001
  0.00005		 -0.00003
  0.00003		 -0.00005
  0.00001		 -0.00006
 -0.00001		 -0.00006
 -0.00003		 -0.00005
 -0.00005		 -0.00003
 -0.00006		 -0.00001
 -0.00005		  0.00002
 -0.00004		  0.00004
 -0.00002		  0.00005
 -0.00000		  0.00006
  0.00002		  0.00005
  0.00004		  0.00004
  0.00005		  0.00002
  0.00006		 -0.00000
  0.00005		 -0.00003
  0.00004		 -0.00004
  0.00002		 -0.00005
 -0.00001		 -0.00006
 -0.00003		 -0.00005
 -0.00005		 -0.00003
 -0.00005		 -0.00001
 -0.00005		  0.00001
 -0.00005		  0.00003
 -0.00003		  0.00005
 -0.00001		  0.00005
  0.00001		  0.00005
  0.00003		  0.00004
  0.00004		  0.00002
  0.00005		  0.00000
  0.00005		 -0.00002
  0.00004		 -0.00003
  0.00002		 -0.00004
 -0.00000		 -0.00005
 -0.00002		 -0.00004
 -0.00004		 -0.00003
 -0.00004		 -0.00001
 -0.00005		  0.00000
 -0.00004		  0.00002
 -0.00003		  0.00004
 -0.00001		  0.00004
  0.00001		  0.00004
  0.00002		  0.00004
  0.00004		  0.00002
  0.00004		  0.00001
  0.00004		 -0.00001
  0.00003		 -0.00002
  0.00002		 -0.00003
  0.00000		 -0.00004
 -0.00001		 -0.00003
 -0.00003		 -0.00002
 -0.00003		 -0.00001
 -0.00003		  0.00000
 -0.00003		  0.00002
 -0.00002		  0.00003
 -0.00000		  0.00003
  0.00001		  0.00003
  0.00002		  0.00002
  0.00003		  0.00001
  0.00003		 -0.00000
  0.00003		 -0.00001
  0.00002		 -0.00002
  0.00001		 -0.00003
 -0.00001		 -0.00003
 -0.00002		 -0.00002
 -0.00003		 -0.00001
 -0.00003		  0.00000
 -0.00003		  0.00001
 -0.00002		  0.00002
 -0.00001		  0.00003
  0.00001		  0.00003
  0.00002		  0.00002
  0.00003		  0.00001
  0.00003		 -0.00000
  0.00003		 -0.00001
  0.00002		 -0.00003
  0.00001		 -0.00003
 -0.00001		 -0.00004
 -0.00002		 -0.00003
 -0.00003		 -0.00002
 -0.00004		 -0.00001
 -0.00004		  0.00001
 -0.00003		  0.00002
 -0.00002		  0.00004
 -0.00000		  0.00004
  0.00001		  0.00004
  0.00003		  0.00003
  0.00004		  0.00002
  0.00005		  0.00000
  0.00004		 -0.00002
  0.00003		 -0.00003
  0.00002		 -0.00004
 -0.00000		 -0.00005
 -0.00002		 -0.00005
 -0.00004		 -0.00003
 -0.00005		 -0.00002
 -0.00005		  0.00000
 -0.00005		  0.00002
 -0.00003		  0.00004
 -0.00002		  0.00005
  0.00000		  0.00005
  0.00002		  0.00005
  0.00004		  0.00003
  0.00005		  0.00002
  0.00005		 -0.00000
  0.00004		 -0.00002
  0.00003		 -0.00003
  0.00001		 -0.00004
 -0.00000		 -0.00004
 -0.00002		 -0.00004
 -0.00003		 -0.00003
 -0.00004		 -0.00001
 -0.00004		  0.00000
 -0.00004		  0.00002
 -0.00003		  0.00003
 -0.00001		  0.00004
  0.00000		  0.00004
  0.00002		  0.00003
  0.00003		  0.00002
  0.00003		  0.00001
  0.00003		 -0.00000
  0.00002		 -0.00001
  0.00001		 -0.00002
  0.00000		 -0.00002
 -0.00001		 -0.00002
 -0.00001		 -0.00002
 -0.00002		 -0.00001
 -0.00002		  0.00000
 -0.00001		  0.00001
 -0.00001		  0.00001
  0.00000		  0.00002
  0.00001		  0.00001
  0.00001		  0.00001
  0.00001		 -0.00000
  0.00001		 -0.00001
  0.00001		 -0.00001
  0.00000		 -0.00002
 -0.00001		 -0.00001
 -0.00001		 -0.00001
 -0.00002		 -0.00000
 -0.00002		  0.00001
 -0.00001		  0.00002
 -0.00001		  0.00002
  0.00000		  0.00002
  0.00001		  0.00002
  0.00002		  0.00002
  0.00003		  0.00001
  0.00003		 -0.00001
  0.00003		 -0.00002
  0.00002		 -0.00003
  0.00001		 -0.00004
 -0.00001		 -0.00004
 -0.00002		 -0.00003
 -0.00003		 -0.00002
 -0.00004		 -0.00001
 -0.00004		  0.00001
 -0.00004		  0.00002
 -0.00002		  0.00004
 -0.00001		  0.00004
  0.00001		  0.00004
  0.00003		  0.00004
  0.00004		  0.00002
  0.00004		  0.00001
  0.00004		 -0.00001
  0.00004		 -0.00003
  0.00002		 -0.00004
  0.00001		 -0.00005
 -0.00001		 -0.00005
 -0.00003		 -0.00004
 -0.00004		 -0.00003
 -0.00005		 -0.00001
 -0.00005		  0.00001
 -0.00004		  0.00002
 -0.00003		  0.00004
 -0.00001		  0.00004
  0.00001		  0.00004
  0.00002		  0.00004
  0.00003		  0.00002
  0.00004		  0.00001
  0.00004		 -0.00001
  0.00003		 -0.00002
  0.00002		 -0.00003
  0.00001		 -0.00004
 -0.00001		 -0.00003
 -0.00002		 -0.00003
 -0.00003		 -0.00002
 -0.00003		 -0.00000
 -0.00003		  0.00001
 -0.00002		  0.00002
 -0.00001		  0.00003
 -0.00000		  0.00003
  0.00001		  0.00003
  0.00002		  0.00002
  0.00002		  0.00001
  0.00002		 -0.00000
  0.00002		 -0.00001
  0.00001		 -0.00002
  0.00000		 -0.00002
 -0.00001		 -0.00002
 -0.00001		 -0.00001
 -0.00002		 -0.00001
 -0.00002		  0.00000
 -0.00001		  0.00001
 -0.00001		  0.00002
  0.00000		  0.00002
  0.00001		  0.00002
  0.00002		  0.00001
  0.00002		  0.00000
  0.00002		 -0.00000
  0.00002		 -0.00001
  0.00001		 -0.00002
  0.00000		 -0.00002
 -0.00001		 -0.00002
 -0.00002		 -0.00001
 -0.00002		 -0.00001
 -0.00002		  0.00000
 -0.00002		  0.00001
 -0.00001		  0.00002
 -0.00000		  0.00002
  0.00001		  0.00002
  0.00002		  0.00002
  0.00002		  0.00001
  0.00003		  0.00000
  0.00002		 -0.00001
  0.00002		 -0.00002
  0.00001		 -0.00003
  0.00000		 -0.00003
 -0.00001		 -0.00003
 -0.00002		 -0.00002
 -0.00003		 -0.00001
 -0.00003		  0.00000
 -0.00003		  0.00001
 -0.00002		  0.00002
 -0.00001		  0.00003
  0.00000		  0.00003
  0.00001		  0.00002
  0.00002		  0.00002
  0.00003		  0.00001
  0.00003		 -0.00001
  0.00002		 -0.00002
  0.00001		 -0.00002
  0.00000		 -0.00003
 -0.00001		 -0.00002
 -0.00002		 -0.00002
 -0.00002		 -0.00001
 -0.00003		 -0.00000
 -0.00002		  0.00001
 -0.00002		  0.00002
 -0.00001		  0.00002
  0.00000		  0.00002
  0.00001		  0.00002
  0.00002		  0.00001
  0.00002		  0.00001
  0.00002		 -0.00000
  0.00002		 -0.00001
  0.00001		 -0.00002
  0.00000		 -0.00002
 -0.00001		 -0.00002
 -0.00002		 -0.00002
 -0.00002		 -0.00001
 -0.00002		  0.00000
 -0.00002		  0.00001
 -0.00001		  0.00002
 -0.00001		  0.00002
  0.00000		  0.00002
  0.00001		  0.00002
  0.00002		  0.00001
  0.00002		  0.00000
  0.00002		 -0.00001
  0.00002		 -0.00001
  0.00001		 -0.00002
  0.00000		 -0.00002
 -0.00001		 -0.00002
 -0.00002		 -0.00002
 -0.00002		 -0.00001
 -0.00002		  0.00000
 -0.00002		  0.00001
 -0.00001		  0.00002
 -0.00000		  0.00002
  0.00001		  0.00002
  0.00001		  0.00002
  0.00002		  0.00001
  0.00002		  0.00000
  0.00002		 -0.00001
  0.00002		 -0.00002
  0.00001		 -0.00002
  0.00000		 -0.00002
 -0.00001		 -0.00002
 -0.00001		 -0.00002
 -0.00002		 -0.00001
 -0.00002		 -0.00000
 -0.00002		  0.00001
 -0.00002		  0.00002
 -0.00001		  0.00002
  0.00000		  0.00002
  0.00001		  0.00002
  0.00002		  0.00001
  0.00002		  0.00000
  0.00002		 -0.00000
  0.00002		 -0.00001
  0.00001		 -0.00002
  0.00000		 -0.00002
 -0.00001		 -0.00002
 -0.00001		 -0.00002
 -0.00002		 -0.00001
 -0.00002		 -0.00000
 -0.00002		  0.00001
 -0.00001		  0.00001
 -0.00001		  0.00002
 -0.00000		  0.00002
  0.00001		  0.00001
  0.00001		  0.00001
  0.00002		  0.00000
  0.00002		 -0.00000
  0.00001		 -0.00001
  0.00001		 -0.00001
  0.00000		 -0.00002
 -0.00001		 -0.00001
 -0.00001		 -0.00001
 -0.00001		 -0.00001
 -0.00002		  0.00000
 -0.00001		  0.00001
 -0.00001		  0.00001
 -0.00000		  0.00001
  0.00000		  0.00001
  0.00001		  0.00001
  0.00001		  0.00001
  0.00001		  0.00000
  0.00001		 -0.00000
  0.00001		 -0.00001
  0.00000		 -0.00001
 -0.00000		 -0.00001
 -0.00001		 -0.00001
 -0.00001		 -0.00001
 -0.00001		 -0.00000
 -0.00001		  0.00001
 -0.00001		  0.00001
 -0.00001		  0.00001
  0.00000		  0.00002
  0.00001		  0.00001
  0.00001		  0.00001
  0.00002		  0.00001
  0.00002		 -0.00000
  0.00001		 -0.00001
  0.00001		 -0.00001
  0.00000		 -0.00002
 -0.00000		 -0.00002
 -0.00001		 -0.00001
 -0.00001		 -0.00001
 -0.00002		 -0.00000
 -0.00002		  0.00000
 -0.00001		  0.00001
 -0.00001		  0.00001
 -0.00000		  0.00002
  0.00001		  0.00002
  0.00001		  0.00001
  0.00002		  0.00001
  0.00002		  0.00000
  0.00002		 -0.00001
  0.00001		 -0.00001
  0.00001		 -0.00002
  0.00000		 -0.00002
 -0.00001		 -0.00001
 -0.00001		 -0.00001
 -0.00001		 -0.00001
 -0.00001		  0.00000
 -0.00001		  0.00001
 -0.00001		  0.00001
 -0.00000		  0.00001
  0.00000		  0.00001
  0.00001		  0.00001
  0.00001		  0.00001
  0.00001		  0.00000
  0.00001		 -0.00000
  0.00001		 -0.00001
  0.00000		 -0.00001
 -0.00000		 -0.00001
 -0.00000		 -0.00001
 -0.00001		 -0.00001
 -0.00001		 -0.00000
 -0.00001		  0.00000
 -0.00001		  0.00001
 -0.00001		  0.00001
 -0.00000		  0.00001
  0.00000		  0.00001
  0.00001		  0.00001
  0.00001		  0.00000
  0.00001		 -0.00000
  0.00001		 -0.00001
  0.00000		 -0.00001
 -0.00000		 -0.00001
 -0.00001		 -0.00001
 -0.00001		 -0.00001
 -0.00001		 -0.00000
 -0.00001		  0.00000
 -0.00001		  0.00001
 -0.00001		  0.00001
 -0.00000		  0.00001
  0.00000		  0.00001
  0.00001		  0.00001
  0.00001		  0.00001
  0.00001		  0.00000
  0.00001		 -0.00000
  0.00001		 -0.00001
  0.00000		 -0.00001
 -0.00000		 -0.00001
 -0.00001		 -0.00001
 -0.00001		 -0.00001
 -0.00001		 -0.00000
 -0.00001		  0.00000
 -0.00001		  0.00001
 -0.00001		  0.00001
 -0.00000		  0.00002
  0.00000		  0.00002
  0.00001		  0.00001
  0.00001		  0.00001
  0.00002		  0.00000
  0.00002		 -0.00000
  0.00001		 -0.00001
  0.00001		 -0.00001
  0.00000		 -0.00001
 -0.00000		 -0.00001
 -0.00001		 -0.00001
 -0.00001		 -0.00001
 -0.00001		 -0.00000
 -0.00001		  0.00000
 -0.00001		  0.00001
 -0.00001		  0.00001
 -0.00000		  0.00001
  0.00000		  0.00001
  0.00001		  0.00001
  0.00001		  0.00001
  0.00001		  0.00000
  0.00001		 -0.00000
  0.00001		 -0.00001
  0.00000		 -0.00001
  0.00000		 -0.00001
 -0.00000		 -0.00001
 -0.00001		 -0.00001
 -0.00001		 -0.00000
 -0.00001		  0.00000
 -0.00000		  0.00000
 -0.00000		  0.00001
  0.00000		  0.00001
  0.00000		  0.00000
  0.00001		  0.00000
  0.00001		 -0.00000
  0.00001		 -0.00000
  0.00000		 -0.00001
 -0.00000		 -0.00001
 -0.00000		 -0.00001
 -0.00001		 -0.00001
 -0.00001		 -0.00000
 -0.00001		  0.00000
 -0.00001		  0.00000
 -0.00001		  0.00001
 -0.00000		  0.00001
  0.00000		  0.00001
  0.00001		  0.00001
  0.00001		  0.00000
  0.00001		  0.00000
  0.00001		 -0.00000
  0.00001		 -0.00001
  0.00000		 -0.00001
 -0.00000		 -0.00001
 -0.00001		 -0.00001
 -0.00001		 -0.00001
 -0.00001		 -0.00000
 -0.00001		 -0.00000
 -0.00001		  0.00001
 -0.00001		  0.00001
 -0.00001		  0.00001
 -0.00000		  0.00001
  0.00000		  0.00001
  0.00001		  0.00001
  0.00001		  0.00001
  0.00001		  0.00000
  0.00001		 -0.00000
  0.00001		 -0.00001
  0.00000		 -0.00001
 -0.00000		 -0.00001
 -0.00000		 -0.00001
 -0.00001		 -0.00001
 -0.00001		 -0.00000
 -0.00001		  0.00000
 -0.00001		  0.00000
 -0.00001		  0.00001
 -0.00000		  0.00001
  0.00000		  0.00001
  0.00000		  0.00001
  0.00001		  0.00000
  0.00001		  0.00000
  0.00001		 -0.00000
  0.00001		 -0.00000
  0.00000		 -0.00001
 -0.00000		 -0.00001
 -0.00000		 -0.00001
 -0.00001		 -0.00000
 -0.00001		 -0.00000
 -0.00001		  0.00000
 -0.00000		  0.00000
 -0.00000		  0.00001
  0.00000		  0.00001
  0.00000		  0.00001
  0.00001		  0.00000
  0.00001		 -0.00000
  0.00001		 -0.00000
  0.00001		 -0.00001
  0.00000		 -0.00001
 -0.00000		 -0.00001
 -0.00000		 -0.00001
 -0.00001		 -0.00001
 -0.00001		 -0.00000
 -0.00001		  0.00000
 -0.00001		  0.00001
 -0.00001		  0.00001
 -0.00000		  0.00001
  0.00000		  0.00001
  0.00001		  0.00001
  0.00001		  0.00001
  0.00001		  0.00000
  0.00001		 -0.00000
  0.00001		 -0.00001
  0.00001		 -0.00001
  0.00000		 -0.00001
 -0.00000		 -0.00001
 -0.00001		 -0.00001
 -0.00001		 -0.00001
 -0.00001		 -0.00000
 -0.00001		  0.00000
 -0.00001		  0.00001
 -0.00001		  0.00001
 -0.00000		  0.00001
  0.00000		  0.00001
  0.00001		  0.00001
  0.00001		  0.00001
  0.00001		  0.00000
  0.00001		 -0.00000
  0.00001		 -0.00000
  0.00001		 -0.00001
  0.00000		 -0.00001
 -0.00000		 -0.00001
 -0.00000		 -0.00001
 -0.00001		 -0.00000
 -0.00001		 -0.00000
 -0.00001		  0.00000
 -0.00001		  0.00000
 -0.00000		  0.00001
 -0.00000		  0.00001
  0.00000		  0.00001
  0.00000		  0.00000
  0.00000		  0.00000
  0.00000		  0.00000
  0.00000		 -0.00000
  0.00000		 -0.00000
  0.00000		 -0.00000
 -0.00000		 -0.00000
 -0.00000		 -0.00000
 -0.00000		  0.00000
 -0.00000		  0.00000
 -0.00000		  0.00000
  0.00000		  0.00000
  0.00000		  0.00000
  0.00000		  0.00000
  0.00000		 -0.00000
  0.00000		 -0.00000
  0.00000		 -0.00000
  0.00000		 -0.00000
 -0.00000		 -0.00001
 -0.00000		 -0.00000
 -0.00001		 -0.00000
 -0.00001		 -0.00000
 -0.00001		  0.00000
 -0.00001		  0.00000
 -0.00000		  0.00001
 -0.00000		  0.00001
  0.00000		  0.00001
  0.00001		  0.00001
  0.00001		  0.00000
  0.00001		  0.00000
  0.00001		 -0.00000
  0.00001		 -0.00001
  0.00001		 -0.00001
  0.00000		 -0.00001
 -0.00000		 -0.00001
 -0.00001		 -0.00001
 -0.00001		 -0.00001
 -0.00001		 -0.00000
 -0.00001		  0.00000
 -0.00001		  0.00000
 -0.00001		  0.00001
 -0.00000		  0.00001
  0.00000		  0.00001
  0.00000		  0.00001
  0.00001		  0.00001
  0.00001		  0.00000
  0.00001		 -0.00000
  0.00001		 -0.00000
  0.00001		 -0.00001
  0.00000		 -0.00001
 -0.00000		 -0.00001
 -0.00000		 -0.00001
 -0.00001		 -0.00001
 -0.00001		 -0.00000
 -0.00001		 -0.00000
 -0.00001		  0.00000
 -0.00001		  0.00001
 -0.00000		  0.00001
 -0.00000		  0.00001
  0.00000		  0.00001
  0.00000		  0.00000
  0.00001		  0.00000
  0.00001		 -0.00000
  0.00001		 -0.00000
  0.00000		 -0.00000
  0.00000		 -0.00000
 -0.00000		 -0.00000
 -0.00000		 -0.00000
 -0.00000		 -0.00000
 -0.00000		 -0.00000
 -0.00000		  0.00000
 -0.00000		  0.00000
 -0.00000		  0.00000
  0.00000		  0.00000
  0.00000		  0.00000
  0.00000		  0.00000
  0.00000		 -0.00000
  0.00000		 -0.00000
  0.00000		 -0.00000
 -0.00000		 -0.00000
 -0.00000		 -0.00000
 -0.00000		 -0.00000
 -0.00000		  0.00000
 -0.00000		  0.00000
 -0.00000		  0.00000
 -0.00000		  0.00000
  0.00000		  0.00000
  0.00000		  0.00000
  0.00000		  0.00000
  0.00001		 -0.00000
  0.00001		 -0.00000
  0.00000		 -0.00000
  0.00000		 -0.00001
 -0.00000		 -0.00001
 -0.00000		 -0.00001
 -0.00001		 -0.00000
 -0.00001		 -0.00000
 -0.00001		  0.00000
 -0.00001		  0.00000
 -0.00000		  0.00001
 -0.00000		  0.00001
  0.00000		  0.00001
  0.00000		  0.00001
  0.00001		  0.00000
  0.00001		  0.00000
  0.00001		 -0.00000
  0.00001		 -0.00000
  0.00000		 -0.00001
  0.00000		 -0.00001
 -0.00000		 -0.00001
 -0.00000		 -0.00001
 -0.00001		 -0.00001
 -0.00001		 -0.00000
 -0.00001		  0.00000
 -0.00001		  0.00000
 -0.00000		  0.00001
 -0.00000		  0.00001
  0.00000		  0.00001
  0.00000		  0.00001
  0.00000		  0.00000
  0.00001		  0.00000
  0.00001		 -0.00000
  0.00001		 -0.00000
  0.00000		 -0.00000
  0.00000		 -0.00001
 -0.00000		 -0.00001
 -0.00000		 -0.00000
 -0.00000		 -0.00000
 -0.00000		 -0.00000
 -0.00000		  0.00000
 -0.00000		  0.00000
 -0.00000		  0.00000
 -0.00000		  0.00000
  0.00000		  0.00000
  0.00000		  0.00000
  0.00000		  0.00000
  0.00000		  0.00000
  0.00000		 -0.00000
  0.00000		 -0.00000
  0.00000		 -0.00000
 -0.00000		 -0.00000
 -0.00000		 -0.00000
 -0.00000		 -0.00000
 -0.00000		  0.00000
 -0.00000		  0.00000
  0.00000		  0.00000
  0.00000		  0.00000
  0.00000		  0.00000
  0.00000		 -0.00000
  0.00000		 -0.00000
  0.00000		 -0.00000
  0.00000		 -0.00000
 -0.00000		 -0.00000
 -0.00000		 -0.00000
 -0.00000		 -0.00000
 -0.00000		 -0.00000
 -0.00000		  0.00000
 -0.00000		  0.00000
 -0.00000		  0.00000
 -0.00000		  0.00000
  0.00000		  0.00000
  0.00000		  0.00000
  0.00000		  0.00000
  0.00001		  0.00000
  0.00001		 -0.00000
  0.00000		 -0.00000
  0.00000		 -0.00001
  0.00000		 -0.00001
 -0.00000		 -0.00001
 -0.00000		 -0.00001
 -0.00001		 -0.00000
 -0.00001		 -0.00000
 -0.00001		  0.00000
 -0.00001		  0.00000
 -0.00000		  0.00001
 -0.00000		  0.00001
  0.00000		  0.00001
  0.00000		  0.00001
  0.00000		  0.00000
  0.00001		  0.00000
  0.00001		 -0.00000
  0.00001		 -0.00000
  0.00000		 -0.00000
  0.00000		 -0.00001
 -0.00000		 -0.00001
 -0.00000		 -0.00000
 -0.00000		 -0.00000
 -0.00001		 -0.00000
 -0.00001		  0.00000
 -0.00000		  0.00000
 -0.00000		  0.00000
 -0.00000		  0.00000
  0.00000		  0.00000
  0.00000		  0.00000
  0.00000		  0.00000
  0.00000		  0.00000
  0.00000		 -0.00000
  0.00000		 -0.00000
  0.00000		 -0.00000
  0.00000		 -0.00000
 -0.00000		 -0.00000
 -0.00000		 -0.00000
 -0.00000		 -0.00000
 -0.00000		 -0.00000
 -0.00000		  0.00000
 -0.00000		  0.00000
 -0.00000		  0.00000
  0.00000		  0.00000
  0.00000		  0.00000
  0.00000		  0.00000
  0.00000		 -0.00000
  0.00000		 -0.00000
  0.00000		 -0.00000
 -0.00000		 -0.00000
 -0.00000		 -0.00000
 -0.00000		 -0.00000
 -0.00000		  0.00000
 -0.00000		  0.00000
 -0.00000		  0.00000
 -0.00000		  0.00000
  0.00000		  0.00000
  0.00000		  0.00000
  0.00000		  0.00000
  0.00000		  0.00000
  0.00000		 -0.00000
  0.00000		 -0.00000
  0.00000		 -0.00000
  0.00000		 -0.00000
 -0.00000		 -0.00000
 -0.00000		 -0.00000
 -0.00000		 -0.00000
 -0.00000		  0.00000
 -0.00000		  0.00000
 -0.00000		  0.00000
 -0.00000		  0.00000
  0.00000		  0.00000
  0.00000		  0.00000
  0.00000		  0.00000
  0.00000		  0.00000
  0.00000		 -0.00000
  0.00000		 -0.00000
  0.00000		 -0.00000
  0.00000		 -0.00000
 -0.00000		 -0.00000
 -0.00000		 -0.00000
 -0.00000		 -0.00000
 -0.00000		 -0.00000
 -0.00000		  0.00000
 -0.00000		  0.00000
 -0.00000		  0.00000
 -0.00000		  0.00000
  0.00000		  0.00000
  0.00000		  0.00000
  0.00000		  0.00000
  0.00000		  0.00000
  0.00000		 -0.00000
  0.00000		 -0.00000
  0.00000		 -0.00000
 -0.00000		 -0.00000
 -0.00000		 -0.00000
 -0.00000		 -0.00000
 -0.00000		 -0.00000
 -0.00000		  0.00000
 -0.00000		  0.00000
 -0.00000		  0.00000
  0.00000		  0.00000
  0.00000		  0.00000
  0.00000		  0.00000
  0.00000		  0.00000
  0.00000		 -0.00000
  0.00000		 -0.00000
  0.00000		 -0.00000
  0.00000		 -0.00000
 -0.00000		 -0.00000
 -0.00000		 -0.00000
 -0.00000		 -0.00000
 -0.00000		  0.00000
 -0.00000		  0.00000
 -0.00000		  0.00000
 -0.00000		  0.00000
  0.00000		  0.00000
  0.00000		  0.00000
  0.00000		  0.00000
  0.00000		  0.00000
  0.00000		 -0.00000
  0.00000		 -0.00000
  0.00000		 -0.00000
  0.00000		 -0.00000
 -0.00000		 -0.00000
 -0.00000		 -0.00000
 -0.00000		 -0.00000
 -0.00000		 -0.00000
 -0.00000		  0.00000
 -0.00000		  0.00000
 -0.00000		  0.00000
 -0.00000		  0.00000
  0.00000		  0.00000
  0.00000		  0.00000
  0.00000		  0.00000
  0.00000		  0.00000
  0.00000		 -0.00000
  0.00000		 -0.00000
  0.00000		 -0.00000
  0.00000		 -0.00000
 -0.00000		 -0.00000
 -0.00000		 -0.00000
 -0.00000		 -0.00000
 -0.00000		 -0.00000
 -0.00000		  0.00000
 -0.00000		  0.00000
 -0.00000		  0.00000
 -0.00000		  0.00000
  0.00000		  0.00000
  0.00000		  0.00000
  0.00000		  0.00000
  0.00000		 -0.00000
  0.00000		 -0.00000
  0.00000		 -0.00000
 -0.00000		 -0.00000
 -0.00000		 -0.00000
 -0.00000		 -0.00000
 -0.00000		  0.00000
 -0.00000		  0.00000
 -0.00000		  0.00000
 -0.00000		  0.00000
  0.00000		  0.00000
  0.00000		  0.00000
  0.00000		  0.00000
  0.00000		 -0.00000
  0.00000		 -0.00000
  0.00000		 -0.00000
  0.00000		 -0.00000
 -0.00000		 -0.00000
 -0.00000		 -0.00000
 -0.00000		 -0.00000
 -0.00000		  0.00000
 -0.00000		  0.00000
 -0.00000		  0.00000
 -0.00000		  0.00000
  0.00000		  0.00000
  0.00000		  0.00000
  0.00000		  0.00000
  0.00000		  0.00000
  0.00000		 -0.00000
  0.00000		 -0.00000
  0.00000		 -0.00000
  0.00000		 -0.00000
 -0.00000		 -0.00000
 -0.00000		 -0.00000
 -0.00000		 -0.00000
 -0.00000		 -0.00000
 -0.00000		  0.00000
 -0.00000		  0.00000
 -0.00000		  0.00000
 -0.00000		  0.00000
  0.00000		  0.00000
  0.00000		  0.00000
  0.00000		  0.00000
  0.00000		  0.00000
  0.00000		 -0.00000
  0.00000		 -0.00000
  0.00000		 -0.00000
  0.00000		 -0.00000
 -0.00000		 -0.00000
 -0.00000		 -0.00000
 -0.00000		 -0.00000
 -0.00000		 -0.00000
 -0.00000		  0.00000
 -0.00000		  0.00000
 -0.00000		  0.00000
  0.00000		  0.00000
  0.00000		  0.00000
  0.00000		  0.00000
  0.00000		  0.00000
  0.00000		 -0.00000
  0.00000		 -0.00000
  0.00000		 -0.00000
  0.00000		 -0.00000
 -0.00000		 -0.00000
 -0.00000		 -0.00000
 -0.00000		 -0.00000
 -0.00000		  0.00000
 -0.00000		  0.00000
 -0.00000		  0.00000
 -0.00000		  0.00000
  0.00000		  0.00000
  0.00000		  0.00000
  0.00000		  0.00000
  0.00000		 -0.00000
  0.00000		 -0.00000
  0.00000		 -0.00000
  0.00000		 -0.00000
 -0.00000		 -0.00000
 -0.00000		 -0.00000
 -0.00000		 -0.00000
 -0.00000		 -0.00000
 -0.00000		  0.00000
 -0.00000		  0.00000
 -0.00000		  0.00000
 -0.00000		  0.00000
  0.00000		  0.00000
  0.00000		  0.00000
  0.00000		  0.00000
  0.00000		  0.00000
  0.00000		 -0.00000
  0.00000		 -0.00000
  0.00000		 -0.00000
  0.00000		 -0.00000
 -0.00000		 -0.00000
 -0.00000		 -0.00000
 -0.00000		 -0.00000
 -0.00000		  0.00000
 -0.00000		  0.00000
 -0.00000		  0.00000
 -0.00000		  0.00000
  0.00000		  0.00000
  0.00000		  0.00000
  0.00000		  0.00000
  0.00000		  0.00000
  0.00000		 -0.00000
  0.00000		 -0.00000
  0.00000		 -0.00000
  0.00000		 -0.00000
 -0.00000		 -0.00000
 -0.00000		 -0.00000
 -0.00000		 -0.00000
 -0.00000		  0.00000
 -0.00000		  0.00000
 -0.00000		  0.00000
 -0.00000		  0.00000
  0.00000		  0.00000
  0.00000		  0.00000
  0.00000		  0.00000
  0.00000		 -0.00000
  0.00000		 -0.00000
  0.00000		 -0.00000
  0.00000		 -0.00000
 -0.00000		 -0.00000
 -0.00000		 -0.00000
 -0.00000		 -0.00000
 -0.00000		 -0.00000
 -0.00000		  0.00000
 -0.00000		  0.00000
 -0.00000		  0.00000
  0.00000		  0.00000
  0.00000		  0.00000
  0.00000		  0.00000
  0.00000		  0.00000
  0.00000		 -0.00000
  0.00000		 -0.00000
  0.00000		 -0.00000
  0.00000		 -0.00000
 -0.00000		 -0.00000
 -0.00000		 -0.00000
 -0.00000		 -0.00000
 -0.00000		 -0.00000
 -0.00000		  0.00000
 -0.00000		  0.00000
 -0.00000		  0.00000
 -0.00000		  0.00000
  0.00000		  0.00000
  0.00000		  0.00000
  0.00000		  0.00000
  0.00000		  0.00000
  0.00000		 -0.00000
  0.00000		 -0.00000
  0.00000		 -0.00000
 -0.00000		 -0.00000
 -0.00000		 -0.00000
 -0.00000		 -0.00000
 -0.00000		 -0.00000
 -0.00000		  0.00000
 -0.00000		  0.00000
 -0.00000		  0.00000
 -0.00000		  0.00000
  0.00000		  0.00000
  0.00000		  0.00000
  0.00000		  0.00000
  0.00000		  0.00000
  0.00000		 -0.00000
  0.00000		 -0.00000
  0.00000		 -0.00000
 -0.00000		 -0.00000
 -0.00000		 -0.00000
 -0.00000		 -0.00000
 -0.00000		 -0.00000
 -0.00000		  0.00000
 -0.00000		  0.00000
 -0.00000		  0.00000
 -0.00000		  0.00000
  0.00000		  0.00000
  0.00000		  0.00000
  0.00000		  0.00000
  0.00000		 -0.00000
  0.00000		 -0.00000
  0.00000		 -0.00000
  0.00000		 -0.00000
 -0.00000		 -0.00000
 -0.00000		 -0.00000
 -0.00000		 -0.00000
 -0.00000		  0.00000
 -0.00000		  0.00000
 -0.00000		  0.00000
 -0.00000		  0.00000
  0.00000		  0.00000
  0.00000		  0.00000
  0.00000		  0.00000
  0.00000		  0.00000
  0.00000		 -0.00000
  0.00000		 -0.00000
  0.00000		 -0.00000
 -0.00000		 -0.00000
 -0.00000		 -0.00000
 -0.00000		 -0.00000
 -0.00000		 -0.00000
 -0.00000		  0.00000
 -0.00000		  0.00000
 -0.00000		  0.00000
 -0.00000		  0.00000
  0.00000		  0.00000
  0.00000		  0.00000
  0.00000		  0.00000
  0.00000		  0.00000
  0.00000		 -0.00000
  0.00000		 -0.00000
  0.00000		 -0.00000
  0.00000		 -0.00000
 -0.00000		 -0.00000
 -0.00000		 -0.00000
 -0.00000		 -0.00000
 -0.00000		 -0.00000
 -0.00000		  0.00000
 -0.00000		  0.00000
 -0.00000		  0.00000
 -0.00000		  0.00000
  0.00000		  0.00000
  0.00000		  0.00000
  0.00000		  0.00000
  0.00000		  0.00000
  0.00000		 -0.00000
  0.00000		 -0.00000
  0.00000		 -0.00000
  0.00000		 -0.00000
 -0.00000		 -0.00000
 -0.00000		 -0.00000
 -0.00000		 -0.00000
 -0.00000		  0.00000
 -0.00000		  0.00000
 -0.00000		  0.00000
 -0.00000		  0.00000
  0.00000		  0.00000
  0.00000		  0.00000
  0.00000		  0.00000
  0.00000		  0.00000
  0.00000		 -0.00000
  0.00000		 -0.00000
  0.00000		 -0.00000
 -0.00000		 -0.00000
 -0.00000		 -0.00000
 -0.00000		 -0.00000
 -0.00000		  0.00000
 -0.00000		  0.00000
 -0.00000		  0.00000
 -0.00000		  0.00000
  0.00000		  0.00000
  0.00000		  0.00000
  0.00000		  0.00000
  0.00000		 -0.00000
  0.00000		 -0.00000
  0.00000		 -0.00000
 -0.00000		 -0.00000
 -0.00000		 -0.00000
 -0.00000		 -0.00000
 -0.00000		 -0.00000
 -0.00000		  0.00000
 -0.00000		  0.00000
 -0.00000		  0.00000
 -0.00000		  0.00000
  0.00000		  0.00000
  0.00000		  0.00000
  0.00000		  0.00000
  0.00000		  0.00000
  0.00000		 -0.00000
  0.00000		 -0.00000
  0.00000		 -0.00000
 -0.00000		 -0.00000
 -0.00000		 -0.00000
 -0.00000		 -0.00000
 -0.00000		 -0.00000
 -0.00000		  0.00000
 -0.00000		  0.00000
 -0.00000		  0.00000
 -0.00000		  0.00000
  0.00000		  0.00000
  0.00000		  0.00000
  0.00000		  0.00000
  0.00000		  0.00000
  0.00000		 -0.00000
  0.00000		 -0.00000
  0.00000		 -0.00000
  0.00000		 -0.00000
 -0.00000		 -0.00000
 -0.00000		 -0.00000
 -0.00000		 -0.00000
 -0.00000		 -0.00000
 -0.00000		  0.00000
 -0.00000		  0.00000
 -0.00000		  0.00000
 -0.00000		  0.00000
  0.00000		  0.00000
  0.00000		  0.00000
  0.00000		  0.00000
  0.00000		  0.00000
  0.00000		 -0.00000
  0.00000		 -0.00000
  0.00000		 -0.00000
  0.00000		 -0.00000
 -0.00000		 -0.00000
 -0.00000		 -0.00000
 -0.00000		 -0.00000
 -0.00000		 -0.00000
 -0.00000		  0.00000
 -0.00000		  0.00000
 -0.00000		  0.00000
 -0.00000		  0.00000
  0.00000		  0.00000
  0.00000		  0.00000
  0.00000		  0.00000
  0.00000		 -0.00000
  0.00000		 -0.00000
  0.00000		 -0.00000
  0.00000		 -0.00000
 -0.00000		 -0.00000
 -0.00000		 -0.00000
 -0.00000		 -0.00000
 -0.00000		 -0.00000
 -0.00000		  0.00000
 -0.00000		  0.00000
 -0.00000		  0.00000
  0.00000		  0.00000
  0.00000		  0.00000
  0.00000		  0.00000
  0.00000		  0.00000
  0.00000		 -0.00000
  0.00000		 -0.00000
  0.00000		 -0.00000
 -0.00000		 -0.00000
 -0.00000		 -0.00000
 -0.00000		 -0.00000
 -0.00000		  0.00000
 -0.00000		  0.00000
 -0.00000		  0.00000
  0.00000		  0.00000
  0.00000		  0.00000
  0.00000		  0.00000
  0.00000		  0.00000
  0.00000		 -0.00000
  0.00000		 -0.00000
  0.00000		 -0.00000
  0.00000		 -0.00000
 -0.00000		 -0.00000
 -0.00000		 -0.00000
 -0.00000		 -0.00000
 -0.00000		 -0.00000
 -0.00000		  0.00000
 -0.00000		  0.00000
 -0.00000		  0.00000
  0.00000		  0.00000
  0.00000		  0.00000
  0.00000		  0.00000
  0.00000		  0.00000
  0.00000		 -0.00000
  0.00000		 -0.00000
  0.00000		 -0.00000
  0.00000		 -0.00000
 -0.00000		 -0.00000
 -0.00000		 -0.00000
 -0.00000		 -0.00000
 -0.00000		 -0.00000
 -0.00000		  0.00000
 -0.00000		  0.00000
 -0.00000		  0.00000
 -0.00000		  0.00000
  0.00000		  0.00000
  0.00000		  0.00000
  0.00000		  0.00000
  0.00000		  0.00000
  0.00000		 -0.00000
  0.00000		 -0.00000
  0.00000		 -0.00000
  0.00000		 -0.00000
 -0.00000		 -0.00000
 -0.00000		 -0.00000
 -0.00000		 -0.00000
 -0.00000		 -0.00000
 -0.00000		  0.00000
 -0.00000		  0.00000
 -0.00000		  0.00000
 -0.00000		  0.00000
  0.00000		  0.00000
  0.00000		  0.00000
  0.00000		  0.00000
  0.00000		 -0.00000
  0.00000		 -0.00000
  0.00000		 -0.00000
  0.00000		 -0.00000
 -0.00000		 -0.00000
 -0.00000		 -0.00000
 -0.00000		 -0.00000
 -0.00000		 -0.00000
 -0.00000		  0.00000
 -0.00000		  0.00000
 -0.00000		  0.00000
  0.00000		  0.00000
  0.00000		  0.00000
  0.00000		  0.00000
  0.00000		  0.00000
  0.00000		 -0.00000
  0.00000		 -0.00000
  0.00000		 -0.00000
 -0.00000		 -0.00000
 -0.00000		 -0.00000
 -0.00000		 -0.00000
 -0.00000		 -0.00000
 -0.00000		  0.00000
 -0.00000		  0.00000
 -0.00000		  0.00000
  0.00000		  0.00000
  0.00000		  0.00000
  0.00000		  0.00000
  0.00000		  0.00000
  0.00000		 -0.00000
  0.00000		 -0.00000
  0.00000		 -0.00000
 -0.00000		 -0.00000
 -0.00000		 -0.00000
 -0.00000		 -0.00000
 -0.00000		 -0.00000
 -0.00000		  0.00000
 -0.00000		  0.00000
 -0.00000		  0.00000
 -0.00000		  0.00000
  0.00000		  0.00000
  0.00000		  0.00000
  0.00000		  0.00000
  0.00000		  0.00000
  0.00000		 -0.00000
  0.00000		 -0.00000
  0.00000		 -0.00000
  0.00000		 -0.00000
 -0.00000		 -0.00000
 -0.00000		 -0.00000
 -0.00000		 -0.00000
 -0.00000		 -0.00000
 -0.00000		  0.00000
 -0.00000		  0.00000
 -0.00000		  0.00000
 -0.00000		  0.00000
  0.00000		  0.00000
  0.00000		  0.00000
  0.00000		  0.00000
  0.00000		  0.00000
  0.00000		 -0.00000
  0.00000		 -0.00000
  0.00000		 -0.00000
  0.00000		 -0.00000
 -0.00000		 -0.00000
 -0.00000		 -0.00000
 -0.00000		 -0.00000
 -0.00000		 -0.00000
 -0.00000		  0.00000
 -0.00000		  0.00000
 -0.00000		  0.00000
 -0.00000		  0.00000
  0.00000		  0.00000
  0.00000		  0.00000
  0.00000		  0.00000
  0.00000		  0.00000
  0.00000		 -0.00000
  0.00000		 -0.00000
  0.00000		 -0.00000
  0.00000		 -0.00000
 -0.00000		 -0.00000
 -0.00000		 -0.00000
 -0.00000		 -0.00000
 -0.00000		  0.00000
 -0.00000		  0.00000
 -0.00000		  0.00000
  0.00000		  0.00000
  0.00000		  0.00000
  0.00000		  0.00000
  0.00000		 -0.00000
  0.00000		 -0.00000
 -0.00000		 -0.00000
 -0.00000		 -0.00000
 -0.00000		 -0.00000
 -0.00000		 -0.00000
 -0.00000		  0.00000
 -0.00000		  0.00000
 -0.00000		  0.00000
 -0.00000		  0.00000
  0.00000		  0.00000
  0.00000		  0.00000
  0.00000		  0.00000
  0.00000		 -0.00000
  0.00000		 -0.00000
  0.00000		 -0.00000
  0.00000		 -0.00000
  0.00000		 -0.00000
 -0.00000		 -0.00000
 -0.00000		 -0.00000
 -0.00000		 -0.00000
 -0.00000		 -0.00000
 -0.00000		  0.00000
 -0.00000		  0.00000
 -0.00000		  0.00000
 -0.00000		  0.00000
  0.00000		  0.00000
  0.00000		  0.00000
  0.00000		  0.00000
  0.00000		  0.00000
  0.00000		 -0.00000
  0.00000		 -0.00000
  0.00000		 -0.00000
  0.00000		 -0.00000
 -0.00000		 -0.00000
 -0.00000		 -0.00000
 -0.00000		 -0.00000
 -0.00000		 -0.00000
 -0.00000		  0.00000
 -0.00000		  0.00000
 -0.00000		  0.00000
 -0.00000		  0.00000
  0.00000		  0.00000
  0.00000		  0.00000
  0.00000		  0.00000
  0.00000		  0.00000
  0.00000		  0.00000
  0.00000		 -0.00000
  0.00000		 -0.00000
  0.00000		 -0.00000
  0.00000		 -0.00000
 -0.00000		 -0.00000
 -0.00000		 -0.00000
 -0.00000		 -0.00000
 -0.00000		  0.00000
 -0.00000		  0.00000
 -0.00000		  0.00000
 -0.00000		  0.00000
  0.00000		  0.00000
  0.00000		  0.00000
  0.00000		  0.00000
  0.00000		  0.00000
  0.00000		 -0.00000
  0.00000		 -0.00000
 -0.00000		 -0.00000
 -0.00000		 -0.00000
 -0.00000		 -0.00000
 -0.00000		  0.00000
 -0.00000		  0.00000
 -0.00000		  0.00000
  0.00000		  0.00000
  0.00000		  0.00000
  0.00000		  0.00000
  0.00000		 -0.00000
  0.00000		 -0.00000
  0.00000		 -0.00000
  0.00000		 -0.00000
 -0.00000		 -0.00000
 -0.00000		 -0.00000
 -0.00000		 -0.00000
 -0.00000		 -0.00000
 -0.00000		  0.00000
 -0.00000		  0.00000
 -0.00000		  0.00000
 -0.00000		  0.00000
  0.00000		  0.00000
  0.00000		  0.00000
  0.00000		  0.00000
  0.00000		  0.00000
  0.00000		 -0.00000
  0.00000		 -0.00000
  0.00000		 -0.00000
  0.00000		 -0.00000
 -0.00000		 -0.00000
 -0.00000		 -0.00000
 -0.00000		 -0.00000
 -0.00000		 -0.00000
 -0.00000		 -0.00000
 -0.00000		  0.00000
 -0.00000		  0.00000
 -0.00000		  0.00000
 -0.00000		  0.00000
  0.00000		  0.00000
  0.00000		  0.00000
  0.00000		  0.00000
  0.00000		  0.00000
  0.00000		 -0.00000
  0.00000		 -0.00000
  0.00000		 -0.00000
 -0.00000		 -0.00000
 -0.00000		 -0.00000
 -0.00000		 -0.00000
 -0.00000		 -0.00000
 -0.00000		  0.00000
 -0.00000		  0.00000
 -0.00000		  0.00000
  0.00000		  0.00000
  0.00000		  0.00000
  0.00000		  0.00000
  0.00000		  0.00000
  0.00000		 -0.00000
  0.00000		 -0.00000
 -0.00000		 -0.00000
 -0.00000		 -0.00000
 -0.00000		 -0.00000
 -0.00000		 -0.00000
 -0.00000		  0.00000
 -0.00000		  0.00000
 -0.00000		  0.00000
  0.00000		  0.00000
  0.00000		  0.00000
  0.00000		  0.00000
  0.00000		  0.00000
  0.00000		 -0.00000
  0.00000		 -0.00000
  0.00000		 -0.00000
  0.00000		 -0.00000
 -0.00000		 -0.00000
 -0.00000		 -0.00000
 -0.00000		 -0.00000
 -0.00000		 -0.00000
 -0.00000		  0.00000
 -0.00000		  0.00000
 -0.00000		  0.00000
 -0.00000		  0.00000
  0.00000		  0.00000
  0.00000		  0.00000
  0.00000		  0.00000
  0.00000		  0.00000
  0.00000		 -0.00000
  0.00000		 -0.00000
  0.00000		 -0.00000
  0.00000		 -0.00000
  0.00000		 -0.00000
 -0.00000		 -0.00000
 -0.00000		 -0.00000
 -0.00000		 -0.00000
 -0.00000		 -0.00000
 -0.00000		  0.00000
 -0.00000		  0.00000
 -0.00000		  0.00000
 -0.00000		  0.00000
  0.00000		  0.00000
  0.00000		  0.00000
  0.00000		  0.00000
  0.00000		  0.00000
  0.00000		 -0.00000
  0.00000		 -0.00000
  0.00000		 -0.00000
  0.00000		 -0.00000
 -0.00000		 -0.00000
 -0.00000		 -0.00000
 -0.00000		 -0.00000
 -0.00000		 -0.00000
 -0.00000		  0.00000
 -0.00000		  0.00000
 -0.00000		  0.00000
 -0.00000		  0.00000
  0.00000		  0.00000
  0.00000		  0.00000
  0.00000		  0.00000
  0.00000		 -0.00000
  0.00000		 -0.00000
 -0.00000		 -0.00000
 -0.00000		 -0.00000
 -0.00000		  0.00000
 -0.00000		  0.00000
 -0.00000		  0.00000
 -0.00000		  0.00000
  0.00000		  0.00000
  0.00000		  0.00000
  0.00000		  0.00000
  0.00000		 -0.00000
  0.00000		 -0.00000
  0.00000		 -0.00000
  0.00000		 -0.00000
 -0.00000		 -0.00000
 -0.00000		 -0.00000
 -0.00000		 -0.00000
 -0.00000		 -0.00000
 -0.00000		  0.00000
 -0.00000		  0.00000
 -0.00000		  0.00000
 -0.00000		  0.00000
  0.00000		  0.00000
  0.00000		  0.00000
  0.00000		  0.00000
  0.00000		  0.00000
  0.00000		 -0.00000
  0.00000		 -0.00000
  0.00000		 -0.00000
  0.00000		 -0.00000
 -0.00000		 -0.00000
 -0.00000		 -0.00000
 -0.00000		 -0.00000
 -0.00000		 -0.00000
 -0.00000		  0.00000
 -0.00000		  0.00000
 -0.00000		  0.00000
 -0.00000		  0.00000
  0.00000		  0.00000
  0.00000		  0.00000
  0.00000		  0.00000
  0.00000		  0.00000
  0.00000		 -0.00000
  0.00000		 -0.00000
  0.00000		 -0.00000
  0.00000		 -0.00000
 -0.00000		 -0.00000
 -0.00000		 -0.00000
 -0.00000		 -0.00000
 -0.00000		 -0.00000
 -0.00000		  0.00000
 -0.00000		  0.00000
 -0.00000		  0.00000
 -0.00000		  0.00000
  0.00000		  0.00000
  0.00000		  0.00000
  0.00000		  0.00000
  0.00000		  0.00000
  0.00000		 -0.00000
  0.00000		 -0.00000
  0.00000		 -0.00000
  0.00000		 -0.00000
 -0.00000		 -0.00000
 -0.00000		 -0.00000
 -0.00000		 -0.00000
 -0.00000		  0.00000
 -0.00000		  0.00000
 -0.00000		  0.00000
 -0.00000		  0.00000
  0.00000		  0.00000
  0.00000		  0.00000
  0.00000		  0.00000
  0.00000		 -0.00000
  0.00000		 -0.00000
  0.00000		 -0.00000
 -0.00000		 -0.00000
 -0.00000		 -0.00000
 -0.00000		 -0.00000
 -0.00000		  0.00000
 -0.00000		  0.00000
 -0.00000		  0.00000
 -0.00000		  0.00000
  0.00000		  0.00000
  0.00000		  0.00000
  0.00000		  0.00000
  0.00000		  0.00000
  0.00000		 -0.00000
  0.00000		 -0.00000
  0.00000		 -0.00000
  0.00000		 -0.00000
 -0.00000		 -0.00000
 -0.00000		 -0.00000
 -0.00000		 -0.00000
 -0.00000		  0.00000
 -0.00000		  0.00000
 -0.00000		  0.00000
 -0.00000		  0.00000
  0.00000		  0.00000
  0.00000		  0.00000
  0.00000		  0.00000
  0.00000		  0.00000
  0.00000		 -0.00000
  0.00000		 -0.00000
  0.00000		 -0.00000
  0.00000		 -0.00000
 -0.00000		 -0.00000
 -0.00000		 -0.00000
 -0.00000		 -0.00000
 -0.00000		 -0.00000
 -0.00000		  0.00000
 -0.00000		  0.00000
 -0.00000		  0.00000
 -0.00000		  0.00000
  0.00000		  0.00000
  0.00000		  0.00000
  0.00000		  0.00000
  0.00000		  0.00000
  0.00000		 -0.00000
  0.00000		 -0.00000
  0.00000		 -0.00000
  0.00000		 -0.00000
 -0.00000		 -0.00000
 -0.00000		 -0.00000
 -0.00000		 -0.00000
 -0.00000		 -0.00000
 -0.00000		  0.00000
 -0.00000		  0.00000
 -0.00000		  0.00000
  0.00000		  0.00000
  0.00000		  0.00000
  0.00000		  0.00000
  0.00000		  0.00000
  0.00000		 -0.00000
  0.00000		 -0.00000
  0.00000		 -0.00000
 -0.00000		 -0.00000
 -0.00000		 -0.00000
 -0.00000		 -0.00000
 -0.00000		  0.00000
 -0.00000		  0.00000
 -0.00000		  0.00000
 -0.00000		  0.00000
  0.00000		  0.00000
  0.00000		  0.00000
  0.00000		  0.00000
  0.00000		  0.00000
  0.00000		 -0.00000
  0.00000		 -0.00000
  0.00000		 -0.00000
 -0.00000		 -0.00000
 -0.00000		 -0.00000
 -0.00000		 -0.00000
 -0.00000		 -0.00000
 -0.00000		  0.00000
 -0.00000		  0.00000
 -0.00000		  0.00000
 -0.00000		  0.00000
  0.00000		  0.00000
  0.00000		  0.00000
  0.00000		  0.00000
  0.00000		  0.00000
  0.00000		 -0.00000
  0.00000		 -0.00000
  0.00000		 -0.00000
  0.00000		 -0.00000
 -0.00000		 -0.00000
 -0.00000		 -0.00000
 -0.00000		 -0.00000
 -0.00000		 -0.00000
 -0.00000		  0.00000
 -0.00000		  0.00000
 -0.00000		  0.00000
  0.00000		  0.00000
  0.00000		  0.00000
  0.00000		  0.00000
  0.00000		  0.00000
  0.00000		 -0.00000
  0.00000		 -0.00000
  0.00000		 -0.00000
  0.00000		 -0.00000
 -0.00000		 -0.00000
 -0.00000		 -0.00000
 -0.00000		 -0.00000
 -0.00000		  0.00000
 -0.00000		  0.00000
 -0.00000		  0.00000
 -0.00000		  0.00000
  0.00000		  0.00000
  0.00000		  0.00000
  0.00000		  0.00000
  0.00000		 -0.00000
  0.00000		 -0.00000
  0.00000		 -0.00000
  0.00000		 -0.00000
 -0.00000		 -0.00000
 -0.00000		 -0.00000
 -0.00000		 -0.00000
 -0.00000		 -0.00000
 -0.00000		  0.00000
 -0.00000		  0.00000
 -0.00000		  0.00000
 -0.00000		  0.00000
  0.00000		  0.00000
  0.00000		  0.00000
  0.00000		  0.00000
  0.00000		  0.00000
  0.00000		 -0.00000
  0.00000		 -0.00000
  0.00000		 -0.00000
  0.00000		 -0.00000
 -0.00000		 -0.00000
 -0.00000		 -0.00000
 -0.00000		 -0.00000
 -0.00000		 -0.00000
 -0.00000		  0.00000
 -0.00000		  0.00000
 -0.00000		  0.00000
 -0.00000		  0.00000
  0.00000		  0.00000
  0.00000		  0.00000
  0.00000		  0.00000
  0.00000		  0.00000
  0.00000		 -0.00000
  0.00000		 -0.00000
  0.00000		 -0.00000
  0.00000		 -0.00000
  0.00000		 -0.00000
 -0.00000		 -0.00000
 -0.00000		 -0.00000
 -0.00000		 -0.00000
 -0.00000		 -0.00000
 -0.00000		  0.00000
 -0.00000		  0.00000
 -0.00000		  0.00000
 -0.00000		  0.00000
  0.00000		  0.00000
  0.00000		  0.00000
  0.00000		  0.00000
  0.00000		  0.00000
  0.00000		  0.00000
  0.00000		 -0.00000
  0.00000		 -0.00000
  0.00000		  0.00000
  0.00000		  0.00000
  0.00000		  0.00000
  0.00000		  0.00000
  0.00000		  0.00000
  0.00000		 -0.00000
  0.00000		 -0.00000
  0.00000		 -0.00000
  0.00000		 -0.00000
  0.00000		 -0.00000
 -0.00000		 -0.00000
 -0.00000		 -0.00000
 -0.00000		 -0.00000
 -0.00000		 -0.00000
 -0.00000		  0.00000
 -0.00000		  0.00000
 -0.00000		  0.00000
 -0.00000		  0.00000
  0.00000		  0.00000
