  0.34870		  0.04586
  0.69871		 -0.05622
  0.66910		 -0.20064
  0.61010		 -0.33519
  0.52453		 -0.45397
  0.41633		 -0.55185
  0.29049		 -0.62465
  0.15266		 -0.66931
  0.00904		 -0.68405
 -0.13400		 -0.66844
 -0.27010		 -0.62336
 -0.39332		 -0.55102
 -0.49828		 -0.45482
 -0.58048		 -0.33917
 -0.63643		 -0.20931
 -0.66383		 -0.07110
 -0.66168		  0.06929
 -0.63029		  0.20564
 -0.57122		  0.33196
 -0.48730		  0.44270
 -0.38242		  0.53310
 -0.26134		  0.59928
 -0.12955		  0.63849
  0.00704		  0.64919
  0.14238		  0.63109
  0.27048		  0.58522
  0.38571		  0.51377
  0.48309		  0.42009
  0.55841		  0.30849
  0.60851		  0.18402
  0.63133		  0.05229
  0.62608		 -0.08084
  0.59317		 -0.20946
  0.53425		 -0.32791
  0.45211		 -0.43103
  0.35056		 -0.51436
  0.23420		 -0.57437
  0.10831		 -0.60853
 -0.02150		 -0.61555
 -0.14944		 -0.59528
 -0.26987		 -0.54883
 -0.37752		 -0.47843
 -0.46770		 -0.38736
 -0.53658		 -0.27980
 -0.58122		 -0.16062
 -0.59984		 -0.03518
 -0.59181		  0.09093
 -0.55765		  0.21214
 -0.49906		  0.32310
 -0.41882		  0.41898
 -0.32062		  0.49566
 -0.20893		  0.54986
 -0.08879		  0.57937
  0.03442		  0.58304
  0.15524		  0.56088
  0.26833		  0.51408
  0.36875		  0.44488
  0.45214		  0.35649
  0.51495		  0.25295
  0.55453		  0.13897
  0.56929		  0.01966
  0.55878		 -0.09968
  0.52363		 -0.21375
  0.46556		 -0.31756
  0.38731		 -0.40657
  0.29250		 -0.47697
  0.18542		 -0.52576
  0.07092		 -0.55096
 -0.04591		 -0.55160
 -0.15986		 -0.52784
 -0.26592		 -0.48090
 -0.35946		 -0.41303
 -0.43642		 -0.32738
 -0.49353		 -0.22787
 -0.52840		 -0.11900
 -0.53964		 -0.00565
 -0.52693		  0.10713
 -0.49101		  0.21436
 -0.43364		  0.31133
 -0.35750		  0.39382
 -0.26609		  0.45830
 -0.16359		  0.50204
 -0.05459		  0.52326
  0.05603		  0.52118
  0.16336		  0.49606
  0.26269		  0.44919
  0.34967		  0.38279
  0.42056		  0.29994
  0.47232		  0.20444
  0.50281		  0.10059
  0.51085		 -0.00694
  0.49622		 -0.11338
  0.45976		 -0.21403
  0.40324		 -0.30447
  0.32929		 -0.38077
  0.24133		 -0.43968
  0.14334		 -0.47870
  0.03973		 -0.49626
 -0.06486		 -0.49175
 -0.16582		 -0.46551
 -0.25869		 -0.41889
 -0.33943		 -0.35408
 -0.40456		 -0.27409
 -0.45132		 -0.18259
 -0.47777		 -0.08368
 -0.48288		  0.01819
 -0.46661		  0.11850
 -0.42982		  0.21281
 -0.37429		  0.29701
 -0.30263		  0.36745
 -0.21812		  0.42110
 -0.12460		  0.45573
 -0.02627		  0.46994
  0.07248		  0.46326
  0.16729		  0.43615
  0.25398		  0.38995
  0.32878		  0.32685
  0.38847		  0.24978
  0.43054		  0.16224
  0.45324		  0.06819
  0.45573		 -0.02816
  0.43805		 -0.12254
  0.40112		 -0.21077
  0.34674		 -0.28901
  0.27744		 -0.35388
  0.19640		 -0.40260
  0.10730		 -0.43314
  0.01412		 -0.44430
 -0.07896		 -0.43572
 -0.16783		 -0.40794
 -0.24860		 -0.36232
 -0.31775		 -0.30104
 -0.37233		 -0.22692
 -0.41001		 -0.14334
 -0.42927		 -0.05406
 -0.42940		  0.03692
 -0.41054		  0.12556
 -0.37366		  0.20796
 -0.32055		  0.28053
 -0.25369		  0.34012
 -0.17612		  0.38421
 -0.09136		  0.41097
 -0.00324		  0.41934
  0.08435		  0.40911
  0.16751		  0.38086
  0.24262		  0.33599
  0.30641		  0.27661
  0.35614		  0.20548
  0.38974		  0.12582
  0.40584		  0.04122
  0.40387		 -0.04454
  0.38405		 -0.12764
  0.34740		 -0.20445
  0.29568		 -0.27160
  0.23131		 -0.32621
  0.15721		 -0.36596
  0.07675		 -0.38921
 -0.00645		 -0.39506
 -0.08871		 -0.38341
 -0.16639		 -0.35489
 -0.23609		 -0.31091
 -0.29479		 -0.25352
 -0.33998		 -0.18540
 -0.36978		 -0.10962
 -0.38298		 -0.02961
 -0.37915		  0.05107
 -0.35858		  0.12884
 -0.32232		  0.20028
 -0.27210		  0.26228
 -0.21027		  0.31219
 -0.13963		  0.34788
 -0.06340		  0.36791
  0.01501		  0.37150
  0.09213		  0.35864
  0.16453		  0.33002
  0.22907		  0.28705
  0.28295		  0.23173
  0.32388		  0.16663
  0.35014		  0.09470
  0.36072		  0.01917
  0.35526		 -0.05658
  0.33413		 -0.12921
  0.29840		 -0.19552
  0.24978		 -0.25264
  0.19052		 -0.29811
  0.12333		 -0.33003
  0.05124		 -0.34708
 -0.02250		 -0.34865
 -0.09464		 -0.33480
 -0.16199		 -0.30625
 -0.22162		 -0.26440
 -0.27094		 -0.21122
 -0.30787		 -0.14915
 -0.33088		 -0.08100
 -0.33907		 -0.00985
 -0.33220		  0.06114
 -0.31069		  0.12882
 -0.27564		  0.19024
 -0.22869		  0.24272
 -0.17204		  0.28403
 -0.10826		  0.31242
 -0.04024		  0.32677
  0.02898		  0.32654
  0.09632		  0.31189
  0.15884		  0.28356
  0.21379		  0.24295
  0.25882		  0.19195
  0.29202		  0.13289
  0.31202		  0.06847
  0.31806		  0.00158
  0.30999		 -0.06480
  0.28828		 -0.12774
  0.25401		 -0.18449
  0.20882		 -0.23259
  0.15478		 -0.26999
  0.09438		 -0.29513
  0.03033		 -0.30700
 -0.03450		 -0.30520
 -0.09724		 -0.28992
 -0.15513		 -0.26196
 -0.20565		 -0.22267
 -0.24664		 -0.17388
 -0.27637		 -0.11783
 -0.29361		 -0.05707
 -0.29773		  0.00568
 -0.28864		  0.06762
 -0.26688		  0.12602
 -0.23352		  0.17833
 -0.19013		  0.22230
 -0.13872		  0.25605
 -0.08164		  0.27818
 -0.02146		  0.28781
  0.03914		  0.28463
  0.09745		  0.26891
  0.15094		  0.24143
  0.19727		  0.20354
  0.23447		  0.15698
  0.26096		  0.10391
  0.27569		  0.04673
  0.27809		 -0.01200
  0.26818		 -0.06967
  0.24651		 -0.12374
  0.21413		 -0.17185
  0.17259		 -0.21192
  0.12380		 -0.24226
  0.06998		 -0.26161
  0.01357		 -0.26922
 -0.04293		 -0.26487
 -0.09702		 -0.24885
 -0.14631		 -0.22198
 -0.18869		 -0.18554
 -0.22234		 -0.14124
 -0.24585		 -0.09110
 -0.25827		 -0.03741
 -0.25917		  0.01744
 -0.24860		  0.07102
 -0.22715		  0.12095
 -0.19585		  0.16508
 -0.15619		  0.20149
 -0.11000		  0.22867
 -0.05938		  0.24548
 -0.00661		  0.25128
  0.04596		  0.24593
  0.09600		  0.22976
  0.14133		  0.20358
  0.17999		  0.16866
  0.21032		  0.12661
  0.23108		  0.07936
  0.24142		  0.02906
  0.24100		 -0.02206
  0.22993		 -0.07171
  0.20881		 -0.11772
  0.17866		 -0.15808
  0.14090		 -0.19108
  0.09728		 -0.21532
  0.04977		 -0.22981
  0.00052		 -0.23401
 -0.04828		 -0.22782
 -0.09447		 -0.21163
 -0.13604		 -0.18624
 -0.17121		 -0.15286
 -0.19846		 -0.11306
 -0.21669		 -0.06864
 -0.22516		 -0.02162
 -0.22360		  0.02590
 -0.21217		  0.07181
 -0.19148		  0.11410
 -0.16253		  0.15094
 -0.12668		  0.18074
 -0.08558		  0.20227
 -0.04111		  0.21465
  0.00474		  0.21743
  0.04994		  0.21056
  0.09248		  0.19446
  0.13052		  0.16993
  0.16241		  0.13813
  0.18681		  0.10055
  0.20272		  0.05889
  0.20951		  0.01504
  0.20697		 -0.02903
  0.19531		 -0.07139
  0.17515		 -0.11017
  0.14744		 -0.14369
  0.11350		 -0.17053
  0.07488		 -0.18956
  0.03334		 -0.20003
 -0.00925		 -0.20156
 -0.05101		 -0.19416
 -0.09010		 -0.17826
 -0.12480		 -0.15464
 -0.15365		 -0.12443
 -0.17541		 -0.08903
 -0.18920		 -0.05006
 -0.19450		 -0.00927
 -0.19114		  0.03152
 -0.17938		  0.07050
 -0.15981		  0.10597
 -0.13338		  0.13639
 -0.10132		  0.16047
 -0.06512		  0.17722
 -0.02642		  0.18597
  0.01306		  0.18641
  0.05155		  0.17862
  0.08737		  0.16301
  0.11896		  0.14036
  0.14497		  0.11174
  0.16430		  0.07849
  0.17618		  0.04211
  0.18014		  0.00424
  0.17611		 -0.03341
  0.16435		 -0.06920
  0.14544		 -0.10156
  0.12030		 -0.12909
  0.09011		 -0.15063
  0.05627		 -0.16530
  0.02028		 -0.17250
 -0.01622		 -0.17202
 -0.05162		 -0.16393
 -0.08436		 -0.14869
 -0.11304		 -0.12704
 -0.13642		 -0.10001
 -0.15352		 -0.06885
 -0.16367		 -0.03498
 -0.16647		  0.00008
 -0.16189		  0.03477
 -0.15021		  0.06755
 -0.13202		  0.09700
 -0.10819		  0.12184
 -0.07984		  0.14104
 -0.04826		  0.15381
 -0.01489		  0.15964
  0.01878		  0.15837
  0.05126		  0.15010
  0.08113		  0.13530
  0.10709		  0.11468
  0.12804		  0.08922
  0.14311		  0.06009
  0.15170		  0.02862
  0.15349		 -0.00377
  0.14848		 -0.03564
  0.13697		 -0.06560
  0.11953		 -0.09233
  0.09701		 -0.11469
  0.07044		 -0.13174
  0.04106		 -0.14279
  0.01018		 -0.14741
 -0.02081		 -0.14546
 -0.05054		 -0.13712
 -0.07772		 -0.12281
 -0.10116		 -0.10323
 -0.11987		 -0.07931
 -0.13309		 -0.05215
 -0.14028		 -0.02299
 -0.14119		  0.00687
 -0.13586		  0.03610
 -0.12459		  0.06340
 -0.10794		  0.08760
 -0.08671		  0.10767
 -0.06189		  0.12276
 -0.03460		  0.13225
 -0.00610		  0.13580
  0.02236		  0.13332
  0.04951		  0.12497
  0.07417		  0.11120
  0.09528		  0.09267
  0.11195		  0.07026
  0.12348		  0.04499
  0.12943		  0.01802
  0.12960		 -0.00944
  0.12404		 -0.03617
  0.11307		 -0.06100
  0.09722		 -0.08286
  0.07727		 -0.10082
  0.05413		 -0.11411
  0.02886		 -0.12222
  0.00260		 -0.12484
 -0.02347		 -0.12191
 -0.04822		 -0.11363
 -0.07054		 -0.10044
 -0.08950		 -0.08295
 -0.10429		 -0.06200
 -0.11431		 -0.03856
 -0.11916		 -0.01368
 -0.11869		  0.01152
 -0.11299		  0.03592
 -0.10237		  0.05845
 -0.08734		  0.07814
 -0.06864		  0.09416
 -0.04711		  0.10583
 -0.02376		  0.11270
  0.00037		  0.11450
  0.02421		  0.11124
  0.04670		  0.10309
  0.06687		  0.09049
  0.08385		  0.07404
  0.09693		  0.05452
  0.10558		  0.03281
  0.10946		  0.00991
  0.10847		 -0.01317
  0.10270		 -0.03539
  0.09246		 -0.05579
  0.07826		 -0.07348
  0.06077		 -0.08773
  0.04080		 -0.09793
  0.01927		 -0.10369
 -0.00286		 -0.10480
 -0.02461		 -0.10128
 -0.04501		 -0.09332
 -0.06318		 -0.08134
 -0.07835		 -0.06590
 -0.08988		 -0.04774
 -0.09731		 -0.02769
 -0.10035		 -0.00665
 -0.09892		  0.01443
 -0.09314		  0.03462
 -0.08332		  0.05305
 -0.06994		  0.06891
 -0.05363		  0.08154
 -0.03515		  0.09043
 -0.01533		  0.09521
  0.00492		  0.09573
  0.02472		  0.09202
  0.04318		  0.08429
  0.05952		  0.07293
  0.07303		  0.05849
  0.08316		  0.04164
  0.08949		  0.02315
  0.09180		  0.00387
  0.09003		 -0.01535
  0.08430		 -0.03367
  0.07492		 -0.05027
  0.06234		 -0.06446
  0.04717		 -0.07562
  0.03010		 -0.08332
  0.01190		 -0.08724
 -0.00659		 -0.08726
 -0.02458		 -0.08343
 -0.04126		 -0.07597
 -0.05591		 -0.06524
 -0.06792		 -0.05176
 -0.07678		 -0.03616
 -0.08215		 -0.01916
 -0.08382		 -0.00151
 -0.08177		  0.01598
 -0.07614		  0.03255
 -0.06721		  0.04749
 -0.05543		  0.06014
 -0.04135		  0.06998
 -0.02561		  0.07662
 -0.00894		  0.07978
  0.00793		  0.07939
  0.02423		  0.07550
  0.03926		  0.06832
  0.05238		  0.05822
  0.06302		  0.04567
  0.07075		  0.03126
  0.07525		  0.01565
  0.07638		 -0.00046
  0.07413		 -0.01635
  0.06863		 -0.03132
  0.06017		 -0.04472
  0.04916		 -0.05598
  0.03611		 -0.06463
  0.02164		 -0.07031
  0.00639		 -0.07283
 -0.00895		 -0.07210
 -0.02371		 -0.06819
 -0.03723		 -0.06132
 -0.04894		 -0.05184
 -0.05835		 -0.04018
 -0.06506		 -0.02690
 -0.06881		 -0.01259
 -0.06948		  0.00209
 -0.06708		  0.01649
 -0.06174		  0.02999
 -0.05375		  0.04199
 -0.04348		  0.05199
 -0.03143		  0.05956
 -0.01814		  0.06441
 -0.00422		  0.06636
  0.00972		  0.06536
  0.02305		  0.06148
  0.03519		  0.05494
  0.04562		  0.04605
  0.05391		  0.03525
  0.05972		  0.02302
  0.06281		  0.00994
  0.06310		 -0.00342
  0.06059		 -0.01645
  0.05544		 -0.02860
  0.04792		 -0.03932
  0.03837		 -0.04818
  0.02725		 -0.05479
  0.01507		 -0.05891
  0.00238		 -0.06037
 -0.01025		 -0.05915
 -0.02227		 -0.05533
 -0.03315		 -0.04912
 -0.04243		 -0.04082
 -0.04972		 -0.03082
 -0.05472		 -0.01960
 -0.05724		 -0.00765
 -0.05720		  0.00448
 -0.05464		  0.01626
 -0.04970		  0.02717
 -0.04263		  0.03674
 -0.03377		  0.04456
 -0.02353		  0.05032
 -0.01239		  0.05378
 -0.00084		  0.05483
  0.01060		  0.05344
  0.02141		  0.04971
  0.03115		  0.04384
  0.03938		  0.03610
  0.04577		  0.02688
  0.05006		  0.01658
  0.05208		  0.00569
  0.05178		 -0.00531
  0.04920		 -0.01594
  0.04448		 -0.02572
  0.03785		 -0.03424
  0.02965		 -0.04114
  0.02024		 -0.04614
  0.01006		 -0.04903
 -0.00043		 -0.04972
 -0.01077		 -0.04821
 -0.02050		 -0.04459
 -0.02919		 -0.03905
 -0.03648		 -0.03186
 -0.04207		 -0.02336
 -0.04573		 -0.01394
 -0.04732		 -0.00402
 -0.04681		  0.00594
 -0.04423		  0.01551
 -0.03974		  0.02427
 -0.03355		  0.03185
 -0.02596		  0.03792
 -0.01733		  0.04224
 -0.00804		  0.04464
  0.00148		  0.04503
  0.01081		  0.04344
  0.01954		  0.03994
  0.02729		  0.03474
  0.03374		  0.02806
  0.03861		  0.02024
  0.04172		  0.01162
  0.04294		  0.00261
  0.04225		 -0.00640
  0.03971		 -0.01501
  0.03545		 -0.02285
  0.02968		 -0.02957
  0.02268		 -0.03490
  0.01477		 -0.03862
  0.00631		 -0.04058
 -0.00232		 -0.04073
 -0.01073		 -0.03908
 -0.01855		 -0.03573
 -0.02546		 -0.03085
 -0.03115		 -0.02466
 -0.03539		 -0.01748
 -0.03801		 -0.00961
 -0.03892		 -0.00143
 -0.03810		  0.00671
 -0.03561		  0.01445
 -0.03158		  0.02144
 -0.02621		  0.02740
 -0.01976		  0.03207
 -0.01252		  0.03526
 -0.00482		  0.03686
  0.00298		  0.03680
  0.01056		  0.03513
  0.01756		  0.03192
  0.02370		  0.02735
  0.02871		  0.02164
  0.03239		  0.01504
  0.03459		  0.00787
  0.03524		  0.00044
  0.03432		 -0.00690
  0.03190		 -0.01384
  0.02810		 -0.02008
  0.02311		 -0.02535
  0.01717		 -0.02944
  0.01056		 -0.03217
  0.00356		 -0.03344
 -0.00350		 -0.03322
 -0.01031		 -0.03154
 -0.01658		 -0.02849
 -0.02203		 -0.02422
 -0.02644		 -0.01894
 -0.02962		 -0.01289
 -0.03145		 -0.00636
 -0.03187		  0.00037
 -0.03088		  0.00699
 -0.02854		  0.01321
 -0.02497		  0.01877
 -0.02035		  0.02343
 -0.01489		  0.02699
 -0.00884		  0.02931
 -0.00249		  0.03031
  0.00389		  0.02996
  0.01001		  0.02829
  0.01561		  0.02539
  0.02044		  0.02142
  0.02431		  0.01655
  0.02706		  0.01101
  0.02857		  0.00507
  0.02881		 -0.00102
  0.02776		 -0.00699
  0.02551		 -0.01257
  0.02217		 -0.01751
  0.01789		 -0.02162
  0.01287		 -0.02472
  0.00736		 -0.02669
  0.00159		 -0.02745
 -0.00417		 -0.02700
 -0.00966		 -0.02535
 -0.01466		 -0.02262
 -0.01895		 -0.01892
 -0.02234		 -0.01443
 -0.02470		 -0.00937
 -0.02594		 -0.00396
 -0.02602		  0.00155
 -0.02495		  0.00692
 -0.02279		  0.01191
 -0.01966		  0.01631
 -0.01570		  0.01993
 -0.01110		  0.02263
 -0.00607		  0.02429
 -0.00084		  0.02485
  0.00435		  0.02431
  0.00929		  0.02271
  0.01375		  0.02013
  0.01754		  0.01669
  0.02051		  0.01256
  0.02253		  0.00793
  0.02353		  0.00301
  0.02349		 -0.00197
  0.02240		 -0.00680
  0.02034		 -0.01127
  0.01741		 -0.01517
  0.01376		 -0.01836
  0.00954		 -0.02070
  0.00496		 -0.02209
  0.00022		 -0.02249
 -0.00446		 -0.02189
 -0.00889		 -0.02033
 -0.01287		 -0.01790
 -0.01622		 -0.01470
 -0.01881		 -0.01091
 -0.02054		 -0.00668
 -0.02134		 -0.00221
 -0.02119		  0.00229
 -0.02011		  0.00664
 -0.01815		  0.01063
 -0.01542		  0.01410
 -0.01204		  0.01690
 -0.00818		  0.01892
 -0.00400		  0.02008
  0.00029		  0.02034
  0.00451		  0.01969
  0.00848		  0.01819
  0.01202		  0.01590
  0.01499		  0.01294
  0.01725		  0.00945
  0.01872		  0.00559
  0.01935		  0.00154
  0.01912		 -0.00253
  0.01804		 -0.00644
  0.01618		 -0.01001
  0.01364		 -0.01309
  0.01052		 -0.01555
  0.00698		 -0.01729
  0.00318		 -0.01825
 -0.00070		 -0.01839
 -0.00451		 -0.01772
 -0.00807		 -0.01627
 -0.01122		 -0.01412
 -0.01384		 -0.01138
 -0.01581		 -0.00818
 -0.01706		 -0.00465
 -0.01754		 -0.00097
 -0.01724		  0.00271
 -0.01618		  0.00622
 -0.01442		  0.00941
 -0.01205		  0.01214
 -0.00918		  0.01430
 -0.00594		  0.01580
 -0.00248		  0.01659
  0.00104		  0.01663
  0.00447		  0.01594
  0.00766		  0.01455
  0.01047		  0.01254
  0.01277		  0.01000
  0.01449		  0.00706
  0.01555		  0.00384
  0.01590		  0.00050
  0.01555		 -0.00283
  0.01451		 -0.00598
  0.01285		 -0.00883
  0.01065		 -0.01125
  0.00800		 -0.01315
  0.00504		 -0.01444
  0.00189		 -0.01507
 -0.00130		 -0.01503
 -0.00439		 -0.01433
 -0.00725		 -0.01301
 -0.00975		 -0.01113
 -0.01179		 -0.00878
 -0.01328		 -0.00608
 -0.01416		 -0.00314
 -0.01441		 -0.00010
 -0.01402		  0.00290
 -0.01302		  0.00573
 -0.01145		  0.00828
 -0.00940		  0.01043
 -0.00696		  0.01209
 -0.00425		  0.01319
 -0.00138		  0.01370
  0.00151		  0.01359
  0.00429		  0.01289
  0.00685		  0.01163
  0.00908		  0.00987
  0.01087		  0.00770
  0.01217		  0.00522
  0.01291		  0.00254
  0.01307		 -0.00022
  0.01265		 -0.00293
  0.01168		 -0.00548
  0.01020		 -0.00776
  0.00830		 -0.00966
  0.00605		 -0.01111
  0.00356		 -0.01205
  0.00095		 -0.01245
 -0.00166		 -0.01229
 -0.00418		 -0.01160
 -0.00647		 -0.01040
 -0.00845		 -0.00876
 -0.01003		 -0.00675
 -0.01115		 -0.00447
 -0.01176		 -0.00202
 -0.01185		  0.00049
 -0.01141		  0.00294
 -0.01047		  0.00523
 -0.00909		  0.00726
 -0.00732		  0.00894
 -0.00525		  0.01021
 -0.00297		  0.01101
 -0.00059		  0.01132
  0.00178		  0.01112
  0.00404		  0.01043
  0.00610		  0.00930
  0.00786		  0.00776
  0.00925		  0.00591
  0.01022		  0.00381
  0.01072		  0.00158
  0.01075		 -0.00070
  0.01029		 -0.00292
  0.00940		 -0.00498
  0.00809		 -0.00679
  0.00645		 -0.00828
  0.00454		 -0.00939
  0.00246		 -0.01007
  0.00029		 -0.01029
 -0.00186		 -0.01006
 -0.00390		 -0.00939
 -0.00574		 -0.00831
 -0.00731		 -0.00688
 -0.00854		 -0.00516
 -0.00937		 -0.00324
 -0.00978		 -0.00120
 -0.00975		  0.00087
 -0.00929		  0.00288
 -0.00843		  0.00473
 -0.00721		  0.00635
 -0.00568		  0.00767
 -0.00392		  0.00864
 -0.00201		  0.00921
 -0.00004		  0.00937
  0.00191		  0.00911
  0.00375		  0.00845
  0.00541		  0.00743
  0.00680		  0.00610
  0.00788		  0.00451
  0.00859		  0.00274
  0.00892		  0.00088
  0.00885		 -0.00101
  0.00839		 -0.00282
  0.00757		 -0.00449
  0.00642		 -0.00594
  0.00500		 -0.00710
  0.00338		 -0.00794
  0.00163		 -0.00842
 -0.00017		 -0.00853
 -0.00194		 -0.00825
 -0.00360		 -0.00761
 -0.00508		 -0.00665
 -0.00632		 -0.00540
 -0.00727		 -0.00393
 -0.00788		 -0.00231
 -0.00814		 -0.00060
 -0.00804		  0.00111
 -0.00758		  0.00275
 -0.00679		  0.00425
 -0.00572		  0.00555
 -0.00440		  0.00658
 -0.00291		  0.00731
 -0.00130		  0.00771
  0.00034		  0.00776
  0.00195		  0.00747
  0.00345		  0.00686
  0.00478		  0.00595
  0.00588		  0.00478
  0.00671		  0.00343
  0.00724		  0.00193
  0.00744		  0.00037
  0.00730		 -0.00119
  0.00685		 -0.00268
  0.00610		 -0.00403
  0.00509		 -0.00518
  0.00387		 -0.00610
  0.00249		 -0.00673
  0.00102		 -0.00706
 -0.00048		 -0.00707
 -0.00194		 -0.00677
 -0.00330		 -0.00618
 -0.00449		 -0.00532
 -0.00547		 -0.00424
 -0.00620		 -0.00298
 -0.00665		 -0.00160
 -0.00679		 -0.00017
 -0.00664		  0.00124
 -0.00619		  0.00259
 -0.00548		  0.00381
 -0.00453		  0.00484
 -0.00340		  0.00565
 -0.00212		  0.00620
 -0.00077		  0.00647
  0.00059		  0.00645
  0.00192		  0.00614
  0.00315		  0.00557
  0.00422		  0.00476
  0.00509		  0.00375
  0.00573		  0.00258
  0.00611		  0.00132
  0.00621		  0.00001
  0.00604		 -0.00128
  0.00560		 -0.00250
  0.00492		 -0.00360
  0.00403		 -0.00452
  0.00298		 -0.00524
  0.00181		 -0.00571
  0.00057		 -0.00593
 -0.00068		 -0.00588
 -0.00189		 -0.00557
 -0.00300		 -0.00502
 -0.00396		 -0.00426
 -0.00474		 -0.00331
 -0.00529		 -0.00224
 -0.00561		 -0.00107
 -0.00568		  0.00013
 -0.00549		  0.00131
 -0.00507		  0.00241
 -0.00442		  0.00340
 -0.00359		  0.00423
 -0.00261		  0.00486
 -0.00153		  0.00526
 -0.00039		  0.00544
  0.00076		  0.00536
  0.00185		  0.00506
  0.00285		  0.00453
  0.00372		  0.00381
  0.00441		  0.00293
  0.00489		  0.00193
  0.00516		  0.00086
  0.00519		 -0.00024
  0.00500		 -0.00132
  0.00459		 -0.00232
  0.00397		 -0.00321
  0.00319		 -0.00395
  0.00228		 -0.00450
  0.00128		 -0.00485
  0.00023		 -0.00499
 -0.00081		 -0.00490
 -0.00181		 -0.00459
 -0.00271		 -0.00409
 -0.00349		 -0.00341
 -0.00410		 -0.00259
 -0.00453		 -0.00166
 -0.00475		 -0.00067
 -0.00475		  0.00034
 -0.00455		  0.00132
 -0.00415		  0.00223
 -0.00357		  0.00303
 -0.00284		  0.00369
 -0.00199		  0.00418
 -0.00107		  0.00448
 -0.00010		  0.00458
  0.00085		  0.00447
  0.00176		  0.00417
  0.00258		  0.00369
  0.00327		  0.00305
  0.00382		  0.00228
  0.00419		  0.00142
  0.00437		  0.00051
  0.00435		 -0.00041
  0.00415		 -0.00131
  0.00376		 -0.00214
  0.00321		 -0.00286
  0.00252		 -0.00345
  0.00174		 -0.00388
  0.00088		 -0.00413
 -0.00000		 -0.00420
 -0.00088		 -0.00408
 -0.00171		 -0.00379
 -0.00245		 -0.00333
 -0.00307		 -0.00272
 -0.00355		 -0.00201
 -0.00387		 -0.00121
 -0.00402		 -0.00037
 -0.00399		  0.00048
 -0.00378		  0.00129
 -0.00340		  0.00204
 -0.00288		  0.00270
 -0.00224		  0.00322
 -0.00151		  0.00360
 -0.00072		  0.00381
  0.00010		  0.00386
  0.00090		  0.00373
  0.00165		  0.00344
  0.00232		  0.00300
  0.00288		  0.00244
  0.00331		  0.00177
  0.00359		  0.00103
  0.00370		  0.00025
  0.00365		 -0.00052
  0.00344		 -0.00127
  0.00308		 -0.00195
  0.00259		 -0.00254
  0.00199		 -0.00301
  0.00131		 -0.00334
  0.00057		 -0.00352
 -0.00017		 -0.00354
 -0.00091		 -0.00341
 -0.00159		 -0.00313
 -0.00220		 -0.00271
 -0.00270		 -0.00217
 -0.00308		 -0.00155
 -0.00332		 -0.00087
 -0.00341		 -0.00015
 -0.00335		  0.00056
 -0.00314		  0.00125
 -0.00279		  0.00186
 -0.00233		  0.00239
 -0.00176		  0.00281
 -0.00113		  0.00310
 -0.00045		  0.00325
  0.00024		  0.00326
  0.00091		  0.00312
  0.00154		  0.00284
  0.00208		  0.00244
  0.00254		  0.00194
  0.00287		  0.00136
  0.00307		  0.00072
  0.00314		  0.00006
  0.00307		 -0.00059
  0.00286		 -0.00122
  0.00253		 -0.00178
  0.00209		 -0.00226
  0.00156		 -0.00263
  0.00097		 -0.00288
  0.00034		 -0.00300
 -0.00029		 -0.00299
 -0.00091		 -0.00285
 -0.00148		 -0.00258
 -0.00197		 -0.00220
 -0.00238		 -0.00173
 -0.00267		 -0.00119
 -0.00285		 -0.00060
 -0.00289		  0.00001
 -0.00281		  0.00061
 -0.00261		  0.00118
 -0.00229		  0.00169
 -0.00187		  0.00212
 -0.00138		  0.00246
 -0.00083		  0.00268
 -0.00025		  0.00277
  0.00034		  0.00275
  0.00090		  0.00260
  0.00142		  0.00235
  0.00187		  0.00199
  0.00223		  0.00154
  0.00249		  0.00104
  0.00264		  0.00049
  0.00267		 -0.00007
  0.00258		 -0.00063
  0.00238		 -0.00115
  0.00207		 -0.00161
  0.00168		 -0.00200
  0.00122		 -0.00229
  0.00071		 -0.00248
  0.00017		 -0.00256
 -0.00037		 -0.00253
 -0.00089		 -0.00238
 -0.00136		 -0.00213
 -0.00177		 -0.00179
 -0.00209		 -0.00137
 -0.00232		 -0.00090
 -0.00244		 -0.00039
 -0.00246		  0.00013
 -0.00236		  0.00064
 -0.00217		  0.00111
 -0.00187		  0.00153
 -0.00150		  0.00188
 -0.00107		  0.00214
 -0.00060		  0.00231
 -0.00010		  0.00237
  0.00040		  0.00232
  0.00087		  0.00218
  0.00130		  0.00194
  0.00167		  0.00161
  0.00196		  0.00122
  0.00216		  0.00078
  0.00226		  0.00031
  0.00226		 -0.00017
  0.00217		 -0.00064
  0.00197		 -0.00107
  0.00170		 -0.00145
  0.00135		 -0.00177
  0.00094		 -0.00200
  0.00050		 -0.00214
  0.00004		 -0.00219
 -0.00042		 -0.00213
 -0.00085		 -0.00199
 -0.00124		 -0.00176
 -0.00158		 -0.00145
 -0.00183		 -0.00108
 -0.00201		 -0.00067
 -0.00209		 -0.00023
 -0.00209		  0.00021
 -0.00198		  0.00064
 -0.00180		  0.00103
 -0.00153		  0.00138
 -0.00120		  0.00166
 -0.00082		  0.00187
 -0.00041		  0.00199
  0.00001		  0.00202
  0.00043		  0.00196
  0.00083		  0.00182
  0.00119		  0.00159
  0.00149		  0.00130
  0.00172		  0.00096
  0.00187		  0.00057
  0.00194		  0.00017
  0.00192		 -0.00024
  0.00182		 -0.00063
  0.00164		 -0.00100
  0.00138		 -0.00131
  0.00107		 -0.00156
  0.00072		 -0.00174
  0.00034		 -0.00185
 -0.00006		 -0.00186
 -0.00044		 -0.00180
 -0.00081		 -0.00166
 -0.00113		 -0.00145
 -0.00140		 -0.00117
 -0.00161		 -0.00085
 -0.00174		 -0.00049
 -0.00179		 -0.00011
 -0.00177		  0.00026
 -0.00167		  0.00063
 -0.00149		  0.00096
 -0.00125		  0.00124
 -0.00096		  0.00147
 -0.00063		  0.00163
 -0.00027		  0.00171
  0.00009		  0.00172
  0.00045		  0.00166
  0.00078		  0.00152
  0.00108		  0.00131
  0.00132		  0.00105
  0.00150		  0.00075
  0.00162		  0.00041
  0.00166		  0.00006
  0.00163		 -0.00028
  0.00153		 -0.00062
  0.00136		 -0.00092
  0.00113		 -0.00117
  0.00085		 -0.00138
  0.00054		 -0.00152
  0.00021		 -0.00159
 -0.00013		 -0.00159
 -0.00045		 -0.00152
 -0.00076		 -0.00138
 -0.00103		 -0.00119
 -0.00124		 -0.00094
 -0.00141		 -0.00066
 -0.00151		 -0.00035
 -0.00154		 -0.00002
 -0.00150		  0.00030
 -0.00140		  0.00060
 -0.00123		  0.00088
 -0.00102		  0.00111
 -0.00076		  0.00129
 -0.00047		  0.00141
 -0.00016		  0.00147
  0.00015		  0.00147
  0.00045		  0.00139
  0.00073		  0.00126
  0.00097		  0.00108
  0.00117		  0.00084
  0.00132		  0.00058
  0.00140		  0.00029
  0.00142		 -0.00001
  0.00138		 -0.00031
  0.00128		 -0.00059
  0.00112		 -0.00084
  0.00092		 -0.00105
  0.00067		 -0.00121
  0.00040		 -0.00132
  0.00012		 -0.00137
 -0.00017		 -0.00135
 -0.00045		 -0.00128
 -0.00070		 -0.00115
 -0.00093		 -0.00097
 -0.00110		 -0.00075
 -0.00123		 -0.00050
 -0.00130		 -0.00023
 -0.00131		  0.00004
 -0.00127		  0.00032
 -0.00117		  0.00057
 -0.00102		  0.00080
 -0.00082		  0.00099
 -0.00059		  0.00114
 -0.00034		  0.00123
 -0.00008		  0.00127
  0.00019		  0.00125
  0.00044		  0.00117
  0.00068		  0.00105
  0.00088		  0.00088
  0.00104		  0.00067
  0.00115		  0.00044
  0.00121		  0.00019
  0.00121		 -0.00007
  0.00117		 -0.00032
  0.00107		 -0.00056
  0.00092		 -0.00076
  0.00074		 -0.00094
  0.00052		 -0.00106
  0.00029		 -0.00114
  0.00004		 -0.00117
 -0.00020		 -0.00115
 -0.00044		 -0.00108
 -0.00065		 -0.00096
 -0.00083		 -0.00079
 -0.00097		 -0.00060
 -0.00107		 -0.00038
 -0.00112		 -0.00015
 -0.00112		  0.00009
 -0.00107		  0.00032
 -0.00098		  0.00054
 -0.00084		  0.00073
 -0.00066		  0.00088
 -0.00046		  0.00100
 -0.00024		  0.00106
 -0.00001		  0.00109
  0.00021		  0.00106
  0.00043		  0.00099
  0.00062		  0.00087
  0.00079		  0.00072
  0.00091		  0.00053
  0.00100		  0.00033
  0.00104		  0.00011
  0.00104		 -0.00011
  0.00099		 -0.00032
  0.00089		 -0.00052
  0.00076		 -0.00069
  0.00059		 -0.00083
  0.00041		 -0.00093
  0.00020		 -0.00099
 -0.00001		 -0.00101
 -0.00022		 -0.00098
 -0.00042		 -0.00090
 -0.00060		 -0.00079
 -0.00074		 -0.00065
 -0.00086		 -0.00047
 -0.00093		 -0.00028
 -0.00097		 -0.00008
 -0.00096		  0.00012
 -0.00091		  0.00032
 -0.00081		  0.00050
 -0.00069		  0.00066
 -0.00053		  0.00078
 -0.00035		  0.00087
 -0.00016		  0.00092
  0.00003		  0.00093
  0.00023		  0.00090
  0.00041		  0.00083
  0.00057		  0.00072
  0.00070		  0.00058
  0.00081		  0.00042
  0.00087		  0.00024
  0.00090		  0.00005
  0.00088		 -0.00014
  0.00083		 -0.00032
  0.00074		 -0.00048
  0.00062		 -0.00062
  0.00047		 -0.00074
  0.00031		 -0.00081
  0.00013		 -0.00086
 -0.00005		 -0.00086
 -0.00023		 -0.00083
 -0.00040		 -0.00076
 -0.00054		 -0.00065
 -0.00066		 -0.00052
 -0.00075		 -0.00037
 -0.00081		 -0.00020
 -0.00083		 -0.00003
 -0.00081		  0.00015
 -0.00076		  0.00031
 -0.00068		  0.00046
 -0.00056		  0.00059
 -0.00042		  0.00069
 -0.00027		  0.00076
 -0.00010		  0.00080
  0.00007		  0.00080
  0.00023		  0.00076
  0.00038		  0.00069
  0.00052		  0.00059
  0.00063		  0.00047
  0.00071		  0.00033
  0.00076		  0.00017
  0.00077		  0.00001
  0.00075		 -0.00015
  0.00070		 -0.00031
  0.00062		 -0.00044
  0.00051		 -0.00056
  0.00038		 -0.00065
  0.00023		 -0.00071
  0.00008		 -0.00074
 -0.00008		 -0.00074
 -0.00023		 -0.00070
 -0.00037		 -0.00063
 -0.00049		 -0.00054
 -0.00059		 -0.00042
 -0.00066		 -0.00029
 -0.00070		 -0.00014
 -0.00071		  0.00001
 -0.00069		  0.00016
 -0.00064		  0.00030
 -0.00056		  0.00042
 -0.00046		  0.00053
 -0.00033		  0.00061
 -0.00020		  0.00066
 -0.00005		  0.00069
  0.00009		  0.00068
  0.00023		  0.00064
  0.00036		  0.00058
  0.00047		  0.00049
  0.00056		  0.00038
  0.00062		  0.00025
  0.00065		  0.00011
  0.00066		 -0.00003
  0.00064		 -0.00016
  0.00059		 -0.00029
  0.00051		 -0.00041
  0.00041		 -0.00050
  0.00030		 -0.00057
  0.00017		 -0.00062
  0.00003		 -0.00064
 -0.00010		 -0.00063
 -0.00023		 -0.00059
 -0.00034		 -0.00053
 -0.00044		 -0.00044
 -0.00052		 -0.00034
 -0.00058		 -0.00022
 -0.00061		 -0.00009
 -0.00061		  0.00004
 -0.00059		  0.00016
 -0.00054		  0.00028
 -0.00046		  0.00039
 -0.00037		  0.00047
 -0.00026		  0.00054
 -0.00014		  0.00058
 -0.00002		  0.00059
  0.00011		  0.00058
  0.00022		  0.00054
  0.00033		  0.00048
  0.00042		  0.00040
  0.00049		  0.00030
  0.00054		  0.00019
  0.00057		  0.00007
  0.00056		 -0.00005
  0.00054		 -0.00017
  0.00049		 -0.00027
  0.00042		 -0.00037
  0.00033		 -0.00045
  0.00023		 -0.00050
  0.00012		 -0.00054
  0.00000		 -0.00055
 -0.00011		 -0.00053
 -0.00022		 -0.00050
 -0.00032		 -0.00044
 -0.00040		 -0.00036
 -0.00046		 -0.00027
 -0.00051		 -0.00016
 -0.00053		 -0.00005
 -0.00052		  0.00006
 -0.00050		  0.00017
 -0.00045		  0.00026
 -0.00038		  0.00035
 -0.00030		  0.00042
 -0.00020		  0.00047
 -0.00010		  0.00050
  0.00001		  0.00051
  0.00011		  0.00049
  0.00021		  0.00045
  0.00030		  0.00040
  0.00038		  0.00032
  0.00043		  0.00024
  0.00047		  0.00014
  0.00049		  0.00004
  0.00048		 -0.00007
  0.00046		 -0.00016
  0.00041		 -0.00025
  0.00034		 -0.00033
  0.00027		 -0.00040
  0.00018		 -0.00044
  0.00008		 -0.00047
 -0.00002		 -0.00047
 -0.00012		 -0.00045
 -0.00021		 -0.00042
 -0.00029		 -0.00036
 -0.00036		 -0.00029
 -0.00041		 -0.00021
 -0.00044		 -0.00012
 -0.00045		 -0.00002
 -0.00044		  0.00007
 -0.00042		  0.00016
 -0.00037		  0.00024
 -0.00031		  0.00032
 -0.00024		  0.00037
 -0.00015		  0.00041
 -0.00006		  0.00043
  0.00003		  0.00043
  0.00012		  0.00042
  0.00020		  0.00038
  0.00028		  0.00033
  0.00034		  0.00026
  0.00038		  0.00018
  0.00041		  0.00010
  0.00042		  0.00001
  0.00041		 -0.00008
  0.00038		 -0.00016
  0.00034		 -0.00024
  0.00028		 -0.00030
  0.00021		 -0.00035
  0.00013		 -0.00038
  0.00005		 -0.00040
 -0.00004		 -0.00040
 -0.00012		 -0.00038
 -0.00020		 -0.00035
 -0.00026		 -0.00030
 -0.00032		 -0.00023
 -0.00036		 -0.00016
 -0.00038		 -0.00008
 -0.00039		 -0.00000
 -0.00038		  0.00008
 -0.00035		  0.00016
 -0.00031		  0.00023
 -0.00025		  0.00028
 -0.00019		  0.00033
 -0.00011		  0.00036
 -0.00004		  0.00037
  0.00004		  0.00037
  0.00012		  0.00035
  0.00019		  0.00032
  0.00025		  0.00027
  0.00030		  0.00021
  0.00033		  0.00014
  0.00036		  0.00007
  0.00036		 -0.00001
  0.00035		 -0.00008
  0.00032		 -0.00015
  0.00028		 -0.00022
  0.00023		 -0.00027
  0.00017		 -0.00031
  0.00010		 -0.00034
  0.00003		 -0.00035
 -0.00005		 -0.00034
 -0.00012		 -0.00032
 -0.00018		 -0.00029
 -0.00024		 -0.00024
 -0.00028		 -0.00019
 -0.00031		 -0.00012
 -0.00033		 -0.00006
 -0.00033		  0.00001
 -0.00032		  0.00008
 -0.00029		  0.00015
 -0.00026		  0.00021
 -0.00021		  0.00025
 -0.00015		  0.00029
 -0.00008		  0.00031
 -0.00002		  0.00032
  0.00005		  0.00032
  0.00012		  0.00030
  0.00017		  0.00026
  0.00023		  0.00022
  0.00027		  0.00017
  0.00029		  0.00011
  0.00031		  0.00004
  0.00031		 -0.00002
  0.00030		 -0.00008
  0.00027		 -0.00014
  0.00023		 -0.00020
  0.00019		 -0.00024
  0.00013		 -0.00027
  0.00007		 -0.00029
  0.00001		 -0.00030
 -0.00005		 -0.00029
 -0.00011		 -0.00027
 -0.00017		 -0.00024
 -0.00021		 -0.00020
 -0.00025		 -0.00015
 -0.00027		 -0.00009
 -0.00029		 -0.00003
 -0.00029		  0.00003
 -0.00027		  0.00009
 -0.00025		  0.00014
 -0.00021		  0.00019
 -0.00017		  0.00023
 -0.00011		  0.00025
 -0.00006		  0.00027
 -0.00000		  0.00028
  0.00006		  0.00027
  0.00011		  0.00025
  0.00016		  0.00022
  0.00020		  0.00018
  0.00023		  0.00013
  0.00026		  0.00008
  0.00027		  0.00003
  0.00026		 -0.00003
  0.00025		 -0.00008
  0.00023		 -0.00013
  0.00019		 -0.00018
  0.00015		 -0.00021
  0.00010		 -0.00024
  0.00005		 -0.00025
 -0.00001		 -0.00026
 -0.00006		 -0.00025
 -0.00011		 -0.00023
 -0.00015		 -0.00020
 -0.00019		 -0.00016
 -0.00022		 -0.00012
 -0.00024		 -0.00007
 -0.00025		 -0.00002
 -0.00024		  0.00003
 -0.00023		  0.00008
 -0.00021		  0.00013
 -0.00017		  0.00017
 -0.00013		  0.00020
 -0.00009		  0.00022
 -0.00004		  0.00024
  0.00001		  0.00024
  0.00006		  0.00023
  0.00011		  0.00021
  0.00015		  0.00018
  0.00018		  0.00015
  0.00021		  0.00010
  0.00022		  0.00006
  0.00023		  0.00001
  0.00022		 -0.00004
  0.00021		 -0.00008
  0.00019		 -0.00012
  0.00016		 -0.00016
  0.00012		 -0.00019
  0.00008		 -0.00021
  0.00003		 -0.00022
 -0.00002		 -0.00022
 -0.00006		 -0.00021
 -0.00010		 -0.00019
 -0.00014		 -0.00016
 -0.00017		 -0.00013
 -0.00019		 -0.00009
 -0.00021		 -0.00005
 -0.00021		 -0.00000
 -0.00021		  0.00004
 -0.00019		  0.00008
 -0.00017		  0.00012
 -0.00014		  0.00015
 -0.00011		  0.00018
 -0.00007		  0.00019
 -0.00002		  0.00020
  0.00002		  0.00020
  0.00006		  0.00019
  0.00010		  0.00018
  0.00013		  0.00015
  0.00016		  0.00012
  0.00018		  0.00008
  0.00019		  0.00004
  0.00020		 -0.00000
  0.00019		 -0.00004
  0.00018		 -0.00008
  0.00016		 -0.00011
  0.00013		 -0.00014
  0.00009		 -0.00017
  0.00006		 -0.00018
  0.00002		 -0.00019
 -0.00002		 -0.00019
 -0.00006		 -0.00018
 -0.00010		 -0.00016
 -0.00013		 -0.00014
 -0.00015		 -0.00011
 -0.00017		 -0.00007
 -0.00018		 -0.00003
 -0.00018		  0.00000
 -0.00018		  0.00004
 -0.00016		  0.00008
 -0.00014		  0.00011
 -0.00011		  0.00014
 -0.00008		  0.00016
 -0.00005		  0.00017
 -0.00001		  0.00018
  0.00002		  0.00017
  0.00006		  0.00016
  0.00009		  0.00015
  0.00012		  0.00012
  0.00014		  0.00009
  0.00016		  0.00006
  0.00017		  0.00003
  0.00017		 -0.00001
  0.00016		 -0.00004
  0.00015		 -0.00008
  0.00013		 -0.00010
  0.00010		 -0.00013
  0.00007		 -0.00015
  0.00004		 -0.00016
  0.00001		 -0.00016
 -0.00003		 -0.00016
 -0.00006		 -0.00015
 -0.00009		 -0.00013
 -0.00011		 -0.00011
 -0.00013		 -0.00008
 -0.00015		 -0.00005
 -0.00016		 -0.00002
 -0.00016		  0.00001
 -0.00015		  0.00004
 -0.00014		  0.00007
 -0.00012		  0.00010
 -0.00009		  0.00012
 -0.00007		  0.00014
 -0.00003		  0.00015
 -0.00000		  0.00015
  0.00003		  0.00015
  0.00006		  0.00014
  0.00009		  0.00012
  0.00011		  0.00010
  0.00013		  0.00007
  0.00014		  0.00005
  0.00014		  0.00002
  0.00014		 -0.00001
  0.00014		 -0.00004
  0.00012		 -0.00007
  0.00011		 -0.00010
  0.00008		 -0.00011
  0.00006		 -0.00013
  0.00003		 -0.00014
 -0.00000		 -0.00014
 -0.00003		 -0.00014
 -0.00006		 -0.00013
 -0.00008		 -0.00011
 -0.00010		 -0.00009
 -0.00012		 -0.00007
 -0.00013		 -0.00004
 -0.00013		 -0.00001
 -0.00013		  0.00002
 -0.00013		  0.00004
 -0.00011		  0.00007
 -0.00010		  0.00009
 -0.00007		  0.00011
 -0.00005		  0.00012
 -0.00002		  0.00013
  0.00000		  0.00013
  0.00003		  0.00013
  0.00006		  0.00012
  0.00008		  0.00010
  0.00010		  0.00008
  0.00011		  0.00006
  0.00012		  0.00003
  0.00012		  0.00001
  0.00012		 -0.00002
  0.00012		 -0.00004
  0.00010		 -0.00007
  0.00009		 -0.00009
  0.00007		 -0.00010
  0.00004		 -0.00011
  0.00002		 -0.00012
 -0.00001		 -0.00012
 -0.00003		 -0.00012
 -0.00005		 -0.00011
 -0.00007		 -0.00009
 -0.00009		 -0.00007
 -0.00010		 -0.00005
 -0.00011		 -0.00003
 -0.00012		 -0.00000
 -0.00011		  0.00002
 -0.00011		  0.00004
 -0.00009		  0.00006
 -0.00008		  0.00008
 -0.00006		  0.00010
 -0.00004		  0.00011
 -0.00001		  0.00011
  0.00001		  0.00011
  0.00003		  0.00011
  0.00005		  0.00010
  0.00007		  0.00008
  0.00009		  0.00007
  0.00010		  0.00005
  0.00010		  0.00002
  0.00011		  0.00000
  0.00010		 -0.00002
  0.00010		 -0.00004
  0.00009		 -0.00006
  0.00007		 -0.00008
  0.00005		 -0.00009
  0.00003		 -0.00010
  0.00001		 -0.00010
 -0.00001		 -0.00010
 -0.00003		 -0.00010
 -0.00005		 -0.00009
 -0.00007		 -0.00008
 -0.00008		 -0.00006
 -0.00009		 -0.00004
 -0.00010		 -0.00002
 -0.00010		  0.00000
 -0.00010		  0.00002
 -0.00009		  0.00004
 -0.00008		  0.00006
 -0.00006		  0.00007
 -0.00005		  0.00008
 -0.00003		  0.00009
 -0.00001		  0.00010
  0.00001		  0.00009
  0.00003		  0.00009
  0.00005		  0.00008
  0.00006		  0.00007
  0.00008		  0.00005
  0.00009		  0.00004
  0.00009		  0.00002
  0.00009		 -0.00000
  0.00009		 -0.00002
  0.00008		 -0.00004
  0.00007		 -0.00006
  0.00006		 -0.00007
  0.00004		 -0.00008
  0.00002		 -0.00009
  0.00001		 -0.00009
 -0.00001		 -0.00009
 -0.00003		 -0.00008
 -0.00005		 -0.00007
 -0.00006		 -0.00006
 -0.00007		 -0.00005
 -0.00008		 -0.00003
 -0.00008		 -0.00001
 -0.00009		  0.00000
 -0.00008		  0.00002
 -0.00007		  0.00004
 -0.00006		  0.00005
 -0.00005		  0.00007
 -0.00004		  0.00007
 -0.00002		  0.00008
 -0.00000		  0.00008
  0.00001		  0.00008
  0.00003		  0.00008
  0.00005		  0.00007
  0.00006		  0.00006
  0.00007		  0.00004
  0.00008		  0.00003
  0.00008		  0.00001
  0.00008		 -0.00001
  0.00008		 -0.00002
  0.00007		 -0.00004
  0.00006		 -0.00005
  0.00005		 -0.00006
  0.00003		 -0.00007
  0.00002		 -0.00007
  0.00000		 -0.00008
 -0.00001		 -0.00007
 -0.00003		 -0.00007
 -0.00004		 -0.00006
 -0.00006		 -0.00005
 -0.00006		 -0.00004
 -0.00007		 -0.00002
 -0.00007		 -0.00001
 -0.00007		  0.00001
 -0.00007		  0.00002
 -0.00006		  0.00004
 -0.00005		  0.00005
 -0.00004		  0.00006
 -0.00003		  0.00007
 -0.00001		  0.00007
  0.00000		  0.00007
  0.00002		  0.00007
  0.00003		  0.00006
  0.00004		  0.00006
  0.00005		  0.00005
  0.00006		  0.00003
  0.00007		  0.00002
  0.00007		  0.00001
  0.00007		 -0.00001
  0.00006		 -0.00002
  0.00006		 -0.00004
  0.00005		 -0.00005
  0.00004		 -0.00005
  0.00003		 -0.00006
  0.00001		 -0.00006
 -0.00000		 -0.00007
 -0.00002		 -0.00006
 -0.00003		 -0.00006
 -0.00004		 -0.00005
 -0.00005		 -0.00004
 -0.00006		 -0.00003
 -0.00006		 -0.00002
 -0.00006		 -0.00000
 -0.00006		  0.00001
 -0.00006		  0.00002
 -0.00005		  0.00003
 -0.00004		  0.00004
 -0.00003		  0.00005
 -0.00002		  0.00006
 -0.00001		  0.00006
  0.00000		  0.00006
  0.00002		  0.00006
  0.00003		  0.00005
  0.00004		  0.00005
  0.00005		  0.00004
  0.00005		  0.00003
  0.00006		  0.00001
  0.00006		  0.00000
  0.00006		 -0.00001
  0.00005		 -0.00002
  0.00005		 -0.00003
  0.00004		 -0.00004
  0.00003		 -0.00005
  0.00002		 -0.00005
  0.00001		 -0.00006
 -0.00000		 -0.00006
 -0.00002		 -0.00005
 -0.00003		 -0.00005
 -0.00004		 -0.00004
 -0.00004		 -0.00003
 -0.00005		 -0.00002
 -0.00005		 -0.00001
 -0.00005		 -0.00000
 -0.00005		  0.00001
 -0.00005		  0.00002
 -0.00004		  0.00003
 -0.00004		  0.00004
 -0.00003		  0.00005
 -0.00002		  0.00005
 -0.00001		  0.00005
  0.00001		  0.00005
  0.00002		  0.00005
  0.00003		  0.00004
  0.00003		  0.00004
  0.00004		  0.00003
  0.00005		  0.00002
  0.00005		  0.00001
  0.00005		 -0.00000
  0.00005		 -0.00001
  0.00005		 -0.00002
  0.00004		 -0.00003
  0.00003		 -0.00004
  0.00002		 -0.00004
  0.00001		 -0.00005
  0.00000		 -0.00005
 -0.00001		 -0.00005
 -0.00002		 -0.00005
 -0.00003		 -0.00004
 -0.00003		 -0.00003
 -0.00004		 -0.00003
 -0.00004		 -0.00002
 -0.00005		 -0.00001
 -0.00005		  0.00000
 -0.00004		  0.00001
 -0.00004		  0.00002
 -0.00004		  0.00003
 -0.00003		  0.00004
 -0.00002		  0.00004
 -0.00001		  0.00004
 -0.00000		  0.00004
  0.00001		  0.00004
  0.00002		  0.00004
  0.00002		  0.00004
  0.00003		  0.00003
  0.00004		  0.00002
  0.00004		  0.00002
  0.00004		  0.00001
  0.00004		 -0.00000
  0.00004		 -0.00001
  0.00004		 -0.00002
  0.00003		 -0.00003
  0.00003		 -0.00003
  0.00002		 -0.00004
  0.00001		 -0.00004
  0.00000		 -0.00004
 -0.00001		 -0.00004
 -0.00002		 -0.00004
 -0.00002		 -0.00003
 -0.00003		 -0.00003
 -0.00003		 -0.00002
 -0.00004		 -0.00001
 -0.00004		 -0.00001
 -0.00004		  0.00000
 -0.00004		  0.00001
 -0.00003		  0.00002
 -0.00003		  0.00003
 -0.00002		  0.00003
 -0.00002		  0.00004
 -0.00001		  0.00004
 -0.00000		  0.00004
  0.00001		  0.00004
  0.00002		  0.00003
  0.00002		  0.00003
  0.00003		  0.00003
  0.00003		  0.00002
  0.00004		  0.00001
  0.00004		  0.00000
  0.00004		 -0.00000
  0.00003		 -0.00001
  0.00003		 -0.00002
  0.00003		 -0.00002
  0.00002		 -0.00003
  0.00001		 -0.00003
  0.00001		 -0.00004
 -0.00000		 -0.00004
 -0.00001		 -0.00003
 -0.00001		 -0.00003
 -0.00002		 -0.00003
 -0.00003		 -0.00002
 -0.00003		 -0.00002
 -0.00003		 -0.00001
 -0.00003		 -0.00000
 -0.00003		  0.00000
 -0.00003		  0.00001
 -0.00003		  0.00002
 -0.00002		  0.00002
 -0.00002		  0.00003
 -0.00001		  0.00003
 -0.00001		  0.00003
  0.00000		  0.00003
  0.00001		  0.00003
  0.00001		  0.00003
  0.00002		  0.00003
  0.00003		  0.00002
  0.00003		  0.00001
  0.00003		  0.00001
  0.00003		  0.00000
  0.00003		 -0.00000
  0.00003		 -0.00001
  0.00003		 -0.00002
  0.00002		 -0.00002
  0.00002		 -0.00003
  0.00001		 -0.00003
  0.00000		 -0.00003
 -0.00000		 -0.00003
 -0.00001		 -0.00003
 -0.00001		 -0.00003
 -0.00002		 -0.00002
 -0.00002		 -0.00002
 -0.00003		 -0.00001
 -0.00003		 -0.00001
 -0.00003		 -0.00000
 -0.00003		  0.00001
 -0.00003		  0.00001
 -0.00002		  0.00002
 -0.00002		  0.00002
 -0.00001		  0.00002
 -0.00001		  0.00003
 -0.00000		  0.00003
  0.00000		  0.00003
  0.00001		  0.00003
  0.00001		  0.00002
  0.00002		  0.00002
  0.00002		  0.00002
  0.00003		  0.00001
  0.00003		  0.00001
  0.00003		  0.00000
  0.00003		 -0.00001
  0.00002		 -0.00001
  0.00002		 -0.00002
  0.00002		 -0.00002
  0.00001		 -0.00002
  0.00001		 -0.00003
  0.00000		 -0.00003
 -0.00000		 -0.00003
 -0.00001		 -0.00002
 -0.00001		 -0.00002
 -0.00002		 -0.00002
 -0.00002		 -0.00001
 -0.00002		 -0.00001
 -0.00003		 -0.00000
 -0.00003		  0.00000
 -0.00002		  0.00001
 -0.00002		  0.00001
 -0.00002		  0.00002
 -0.00002		  0.00002
 -0.00001		  0.00002
 -0.00001		  0.00002
 -0.00000		  0.00002
  0.00000		  0.00002
  0.00001		  0.00002
  0.00001		  0.00002
  0.00002		  0.00002
  0.00002		  0.00001
  0.00002		  0.00001
  0.00002		  0.00000
  0.00002		 -0.00000
  0.00002		 -0.00001
  0.00002		 -0.00001
  0.00002		 -0.00001
  0.00001		 -0.00002
  0.00001		 -0.00002
  0.00001		 -0.00002
  0.00000		 -0.00002
 -0.00000		 -0.00002
 -0.00001		 -0.00002
 -0.00001		 -0.00002
 -0.00002		 -0.00002
 -0.00002		 -0.00001
 -0.00002		 -0.00001
 -0.00002		 -0.00000
 -0.00002		  0.00000
 -0.00002		  0.00001
 -0.00002		  0.00001
 -0.00002		  0.00001
 -0.00001		  0.00002
 -0.00001		  0.00002
 -0.00000		  0.00002
 -0.00000		  0.00002
  0.00000		  0.00002
  0.00001		  0.00002
  0.00001		  0.00002
  0.00002		  0.00001
  0.00002		  0.00001
  0.00002		  0.00001
  0.00002		  0.00000
  0.00002		 -0.00000
  0.00002		 -0.00001
  0.00002		 -0.00001
  0.00001		 -0.00001
  0.00001		 -0.00002
  0.00001		 -0.00002
  0.00000		 -0.00002
  0.00000		 -0.00002
 -0.00000		 -0.00002
 -0.00001		 -0.00002
 -0.00001		 -0.00002
 -0.00001		 -0.00001
 -0.00002		 -0.00001
 -0.00002		 -0.00001
 -0.00002		 -0.00000
 -0.00002		  0.00000
 -0.00002		  0.00001
 -0.00002		  0.00001
 -0.00001		  0.00001
 -0.00001		  0.00001
 -0.00001		  0.00002
 -0.00000		  0.00002
  0.00000		  0.00002
  0.00000		  0.00002
  0.00001		  0.00002
  0.00001		  0.00001
  0.00001		  0.00001
  0.00002		  0.00001
  0.00002		  0.00000
  0.00002		  0.00000
  0.00002		 -0.00000
  0.00002		 -0.00001
  0.00001		 -0.00001
  0.00001		 -0.00001
  0.00001		 -0.00001
  0.00001		 -0.00002
  0.00000		 -0.00002
 -0.00000		 -0.00002
 -0.00000		 -0.00002
 -0.00001		 -0.00001
 -0.00001		 -0.00001
 -0.00001		 -0.00001
 -0.00001		 -0.00001
 -0.00002		 -0.00000
 -0.00002		 -0.00000
 -0.00002		  0.00000
 -0.00001		  0.00001
 -0.00001		  0.00001
 -0.00001		  0.00001
 -0.00001		  0.00001
 -0.00001		  0.00001
 -0.00000		  0.00002
  0.00000		  0.00002
  0.00000		  0.00001
  0.00001		  0.00001
  0.00001		  0.00001
  0.00001		  0.00001
  0.00001		  0.00001
  0.00001		  0.00000
  0.00001		  0.00000
  0.00001		 -0.00000
  0.00001		 -0.00001
  0.00001		 -0.00001
  0.00001		 -0.00001
  0.00001		 -0.00001
  0.00000		 -0.00001
  0.00000		 -0.00001
 -0.00000		 -0.00001
 -0.00000		 -0.00001
 -0.00001		 -0.00001
 -0.00001		 -0.00001
 -0.00001		 -0.00001
 -0.00001		 -0.00001
 -0.00001		 -0.00000
 -0.00001		 -0.00000
 -0.00001		  0.00000
 -0.00001		  0.00001
 -0.00001		  0.00001
 -0.00001		  0.00001
 -0.00001		  0.00001
 -0.00000		  0.00001
 -0.00000		  0.00001
  0.00000		  0.00001
  0.00000		  0.00001
  0.00001		  0.00001
  0.00001		  0.00001
  0.00001		  0.00001
  0.00001		  0.00001
  0.00001		  0.00000
  0.00001		 -0.00000
  0.00001		 -0.00000
  0.00001		 -0.00001
  0.00001		 -0.00001
  0.00001		 -0.00001
  0.00001		 -0.00001
  0.00000		 -0.00001
  0.00000		 -0.00001
 -0.00000		 -0.00001
 -0.00000		 -0.00001
 -0.00001		 -0.00001
 -0.00001		 -0.00001
 -0.00001		 -0.00001
 -0.00001		 -0.00000
 -0.00001		 -0.00000
 -0.00001		  0.00000
 -0.00001		  0.00000
 -0.00001		  0.00001
 -0.00001		  0.00001
 -0.00001		  0.00001
 -0.00001		  0.00001
 -0.00000		  0.00001
 -0.00000		  0.00001
  0.00000		  0.00001
  0.00000		  0.00001
  0.00001		  0.00001
  0.00001		  0.00001
  0.00001		  0.00001
  0.00001		  0.00000
  0.00001		  0.00000
  0.00001		 -0.00000
  0.00001		 -0.00000
  0.00001		 -0.00001
  0.00001		 -0.00001
  0.00001		 -0.00001
  0.00000		 -0.00001
  0.00000		 -0.00001
  0.00000		 -0.00001
 -0.00000		 -0.00001
 -0.00000		 -0.00001
 -0.00001		 -0.00001
 -0.00001		 -0.00001
 -0.00001		 -0.00001
 -0.00001		 -0.00000
 -0.00001		 -0.00000
 -0.00001		  0.00000
 -0.00001		  0.00000
 -0.00001		  0.00000
 -0.00001		  0.00001
 -0.00001		  0.00001
 -0.00000		  0.00001
 -0.00000		  0.00001
  0.00000		  0.00001
  0.00000		  0.00001
  0.00000		  0.00001
  0.00001		  0.00001
  0.00001		  0.00001
  0.00001		  0.00000
  0.00001		  0.00000
  0.00001		  0.00000
  0.00001		 -0.00000
  0.00001		 -0.00000
  0.00001		 -0.00000
  0.00001		 -0.00001
  0.00001		 -0.00001
  0.00000		 -0.00001
  0.00000		 -0.00001
 -0.00000		 -0.00001
 -0.00000		 -0.00001
 -0.00000		 -0.00001
 -0.00001		 -0.00001
 -0.00001		 -0.00001
 -0.00001		 -0.00000
 -0.00001		 -0.00000
 -0.00001		 -0.00000
 -0.00001		  0.00000
 -0.00001		  0.00000
 -0.00001		  0.00000
 -0.00001		  0.00001
 -0.00000		  0.00001
 -0.00000		  0.00001
 -0.00000		  0.00001
  0.00000		  0.00001
  0.00000		  0.00001
  0.00000		  0.00001
  0.00001		  0.00001
  0.00001		  0.00001
  0.00001		  0.00000
  0.00001		  0.00000
  0.00001		  0.00000
  0.00001		 -0.00000
  0.00001		 -0.00000
  0.00001		 -0.00000
  0.00001		 -0.00001
  0.00000		 -0.00001
  0.00000		 -0.00001
  0.00000		 -0.00001
 -0.00000		 -0.00001
 -0.00000		 -0.00001
 -0.00000		 -0.00001
 -0.00001		 -0.00001
 -0.00001		 -0.00000
 -0.00001		 -0.00000
 -0.00001		 -0.00000
 -0.00001		 -0.00000
 -0.00001		  0.00000
 -0.00001		  0.00000
 -0.00001		  0.00000
 -0.00001		  0.00001
 -0.00000		  0.00001
 -0.00000		  0.00001
 -0.00000		  0.00001
  0.00000		  0.00001
  0.00000		  0.00001
  0.00000		  0.00001
  0.00000		  0.00001
  0.00001		  0.00000
  0.00001		  0.00000
  0.00001		  0.00000
  0.00001		 -0.00000
  0.00001		 -0.00000
  0.00001		 -0.00000
  0.00001		 -0.00000
  0.00000		 -0.00001
  0.00000		 -0.00001
  0.00000		 -0.00001
  0.00000		 -0.00001
 -0.00000		 -0.00001
 -0.00000		 -0.00001
 -0.00000		 -0.00001
 -0.00000		 -0.00000
 -0.00001		 -0.00000
 -0.00001		 -0.00000
 -0.00001		 -0.00000
 -0.00001		  0.00000
 -0.00001		  0.00000
 -0.00001		  0.00000
 -0.00001		  0.00000
 -0.00000		  0.00000
 -0.00000		  0.00001
 -0.00000		  0.00001
 -0.00000		  0.00001
  0.00000		  0.00001
  0.00000		  0.00001
  0.00000		  0.00001
  0.00000		  0.00000
  0.00001		  0.00000
  0.00001		  0.00000
  0.00001		  0.00000
  0.00001		 -0.00000
  0.00001		 -0.00000
  0.00001		 -0.00000
  0.00000		 -0.00000
  0.00000		 -0.00000
  0.00000		 -0.00001
  0.00000		 -0.00001
  0.00000		 -0.00001
 -0.00000		 -0.00001
 -0.00000		 -0.00001
 -0.00000		 -0.00000
 -0.00000		 -0.00000
 -0.00000		 -0.00000
 -0.00001		 -0.00000
 -0.00001		 -0.00000
 -0.00001		  0.00000
 -0.00001		  0.00000
 -0.00000		  0.00000
 -0.00000		  0.00000
 -0.00000		  0.00000
 -0.00000		  0.00000
 -0.00000		  0.00001
 -0.00000		  0.00001
  0.00000		  0.00001
  0.00000		  0.00000
  0.00000		  0.00000
  0.00000		  0.00000
  0.00000		  0.00000
  0.00000		  0.00000
  0.00001		  0.00000
  0.00001		 -0.00000
  0.00000		 -0.00000
  0.00000		 -0.00000
  0.00000		 -0.00000
  0.00000		 -0.00000
  0.00000		 -0.00000
  0.00000		 -0.00000
 -0.00000		 -0.00000
 -0.00000		 -0.00000
 -0.00000		 -0.00000
 -0.00000		 -0.00000
 -0.00000		 -0.00000
 -0.00000		 -0.00000
 -0.00000		 -0.00000
 -0.00000		 -0.00000
 -0.00000		  0.00000
 -0.00000		  0.00000
 -0.00000		  0.00000
 -0.00000		  0.00000
 -0.00000		  0.00000
 -0.00000		  0.00000
 -0.00000		  0.00000
  0.00000		  0.00000
  0.00000		  0.00000
  0.00000		  0.00000
  0.00000		  0.00000
  0.00000		  0.00000
  0.00000		  0.00000
  0.00000		  0.00000
  0.00000		  0.00000
  0.00000		 -0.00000
  0.00000		 -0.00000
  0.00000		 -0.00000
  0.00000		 -0.00000
  0.00000		 -0.00000
  0.00000		 -0.00000
  0.00000		 -0.00000
 -0.00000		 -0.00000
 -0.00000		 -0.00000
 -0.00000		 -0.00000
 -0.00000		 -0.00000
 -0.00000		 -0.00000
 -0.00000		 -0.00000
 -0.00000		 -0.00000
 -0.00000		 -0.00000
 -0.00000		  0.00000
 -0.00000		  0.00000
 -0.00000		  0.00000
 -0.00000		  0.00000
 -0.00000		  0.00000
 -0.00000		  0.00000
 -0.00000		  0.00000
  0.00000		  0.00000
  0.00000		  0.00000
  0.00000		  0.00000
  0.00000		  0.00000
  0.00000		  0.00000
  0.00000		  0.00000
  0.00000		  0.00000
  0.00000		  0.00000
  0.00000		 -0.00000
  0.00000		 -0.00000
  0.00000		 -0.00000
  0.00000		 -0.00000
  0.00000		 -0.00000
  0.00000		 -0.00000
  0.00000		 -0.00000
 -0.00000		 -0.00000
 -0.00000		 -0.00000
 -0.00000		 -0.00000
 -0.00000		 -0.00000
 -0.00000		 -0.00000
 -0.00000		 -0.00000
 -0.00000		 -0.00000
 -0.00000		  0.00000
 -0.00000		  0.00000
 -0.00000		  0.00000
 -0.00000		  0.00000
 -0.00000		  0.00000
 -0.00000		  0.00000
 -0.00000		  0.00000
 -0.00000		  0.00000
  0.00000		  0.00000
  0.00000		  0.00000
  0.00000		  0.00000
  0.00000		  0.00000
  0.00000		  0.00000
  0.00000		  0.00000
  0.00000		  0.00000
  0.00000		 -0.00000
  0.00000		 -0.00000
  0.00000		 -0.00000
  0.00000		 -0.00000
  0.00000		 -0.00000
  0.00000		 -0.00000
  0.00000		 -0.00000
  0.00000		 -0.00000
 -0.00000		 -0.00000
 -0.00000		 -0.00000
 -0.00000		 -0.00000
 -0.00000		 -0.00000
 -0.00000		 -0.00000
 -0.00000		 -0.00000
 -0.00000		 -0.00000
 -0.00000		  0.00000
 -0.00000		  0.00000
 -0.00000		  0.00000
 -0.00000		  0.00000
 -0.00000		  0.00000
 -0.00000		  0.00000
 -0.00000		  0.00000
 -0.00000		  0.00000
  0.00000		  0.00000
  0.00000		  0.00000
  0.00000		  0.00000
  0.00000		  0.00000
  0.00000		  0.00000
  0.00000		  0.00000
  0.00000		  0.00000
  0.00000		 -0.00000
  0.00000		 -0.00000
  0.00000		 -0.00000
  0.00000		 -0.00000
  0.00000		 -0.00000
  0.00000		 -0.00000
  0.00000		 -0.00000
  0.00000		 -0.00000
 -0.00000		 -0.00000
 -0.00000		 -0.00000
 -0.00000		 -0.00000
 -0.00000		 -0.00000
 -0.00000		 -0.00000
 -0.00000		 -0.00000
 -0.00000		 -0.00000
 -0.00000		  0.00000
 -0.00000		  0.00000
 -0.00000		  0.00000
 -0.00000		  0.00000
 -0.00000		  0.00000
 -0.00000		  0.00000
 -0.00000		  0.00000
  0.00000		  0.00000
  0.00000		  0.00000
  0.00000		  0.00000
  0.00000		  0.00000
  0.00000		  0.00000
  0.00000		  0.00000
  0.00000		  0.00000
  0.00000		  0.00000
  0.00000		 -0.00000
  0.00000		 -0.00000
  0.00000		 -0.00000
  0.00000		 -0.00000
  0.00000		 -0.00000
  0.00000		 -0.00000
  0.00000		 -0.00000
 -0.00000		 -0.00000
 -0.00000		 -0.00000
 -0.00000		 -0.00000
 -0.00000		 -0.00000
 -0.00000		 -0.00000
 -0.00000		 -0.00000
 -0.00000		 -0.00000
 -0.00000		 -0.00000
 -0.00000		  0.00000
 -0.00000		  0.00000
 -0.00000		  0.00000
 -0.00000		  0.00000
 -0.00000		  0.00000
 -0.00000		  0.00000
 -0.00000		  0.00000
  0.00000		  0.00000
  0.00000		  0.00000
  0.00000		  0.00000
  0.00000		  0.00000
  0.00000		  0.00000
  0.00000		  0.00000
  0.00000		  0.00000
  0.00000		  0.00000
  0.00000		 -0.00000
  0.00000		 -0.00000
  0.00000		 -0.00000
  0.00000		 -0.00000
  0.00000		 -0.00000
  0.00000		 -0.00000
  0.00000		 -0.00000
 -0.00000		 -0.00000
 -0.00000		 -0.00000
 -0.00000		 -0.00000
 -0.00000		 -0.00000
 -0.00000		 -0.00000
 -0.00000		 -0.00000
 -0.00000		 -0.00000
 -0.00000		 -0.00000
 -0.00000		  0.00000
 -0.00000		  0.00000
 -0.00000		  0.00000
 -0.00000		  0.00000
 -0.00000		  0.00000
 -0.00000		  0.00000
 -0.00000		  0.00000
  0.00000		  0.00000
  0.00000		  0.00000
  0.00000		  0.00000
  0.00000		  0.00000
  0.00000		  0.00000
  0.00000		  0.00000
  0.00000		  0.00000
  0.00000		 -0.00000
  0.00000		 -0.00000
  0.00000		 -0.00000
  0.00000		 -0.00000
  0.00000		 -0.00000
  0.00000		 -0.00000
  0.00000		 -0.00000
  0.00000		 -0.00000
 -0.00000		 -0.00000
 -0.00000		 -0.00000
 -0.00000		 -0.00000
 -0.00000		 -0.00000
 -0.00000		 -0.00000
 -0.00000		 -0.00000
 -0.00000		 -0.00000
 -0.00000		  0.00000
 -0.00000		  0.00000
 -0.00000		  0.00000
 -0.00000		  0.00000
 -0.00000		  0.00000
 -0.00000		  0.00000
 -0.00000		  0.00000
 -0.00000		  0.00000
  0.00000		  0.00000
  0.00000		  0.00000
  0.00000		  0.00000
  0.00000		  0.00000
  0.00000		  0.00000
  0.00000		  0.00000
  0.00000		  0.00000
  0.00000		 -0.00000
  0.00000		 -0.00000
  0.00000		 -0.00000
  0.00000		 -0.00000
  0.00000		 -0.00000
  0.00000		 -0.00000
  0.00000		 -0.00000
  0.00000		 -0.00000
 -0.00000		 -0.00000
 -0.00000		 -0.00000
 -0.00000		 -0.00000
 -0.00000		 -0.00000
 -0.00000		 -0.00000
 -0.00000		 -0.00000
 -0.00000		 -0.00000
 -0.00000		  0.00000
 -0.00000		  0.00000
 -0.00000		  0.00000
 -0.00000		  0.00000
 -0.00000		  0.00000
 -0.00000		  0.00000
 -0.00000		  0.00000
 -0.00000		  0.00000
  0.00000		  0.00000
  0.00000		  0.00000
  0.00000		  0.00000
  0.00000		  0.00000
  0.00000		  0.00000
  0.00000		  0.00000
  0.00000		  0.00000
  0.00000		 -0.00000
  0.00000		 -0.00000
  0.00000		 -0.00000
  0.00000		 -0.00000
  0.00000		 -0.00000
  0.00000		 -0.00000
  0.00000		 -0.00000
 -0.00000		 -0.00000
 -0.00000		 -0.00000
 -0.00000		 -0.00000
 -0.00000		 -0.00000
 -0.00000		 -0.00000
 -0.00000		 -0.00000
 -0.00000		 -0.00000
 -0.00000		 -0.00000
 -0.00000		  0.00000
 -0.00000		  0.00000
 -0.00000		  0.00000
 -0.00000		  0.00000
 -0.00000		  0.00000
 -0.00000		  0.00000
 -0.00000		  0.00000
  0.00000		  0.00000
  0.00000		  0.00000
  0.00000		  0.00000
  0.00000		  0.00000
  0.00000		  0.00000
  0.00000		  0.00000
  0.00000		  0.00000
  0.00000		  0.00000
  0.00000		 -0.00000
  0.00000		 -0.00000
  0.00000		 -0.00000
  0.00000		 -0.00000
  0.00000		 -0.00000
  0.00000		 -0.00000
  0.00000		 -0.00000
 -0.00000		 -0.00000
 -0.00000		 -0.00000
 -0.00000		 -0.00000
 -0.00000		 -0.00000
 -0.00000		 -0.00000
 -0.00000		 -0.00000
 -0.00000		 -0.00000
 -0.00000		 -0.00000
 -0.00000		  0.00000
 -0.00000		  0.00000
 -0.00000		  0.00000
 -0.00000		  0.00000
 -0.00000		  0.00000
 -0.00000		  0.00000
 -0.00000		  0.00000
  0.00000		  0.00000
  0.00000		  0.00000
  0.00000		  0.00000
  0.00000		  0.00000
  0.00000		  0.00000
  0.00000		  0.00000
  0.00000		  0.00000
  0.00000		  0.00000
  0.00000		 -0.00000
  0.00000		 -0.00000
  0.00000		 -0.00000
  0.00000		 -0.00000
  0.00000		 -0.00000
  0.00000		 -0.00000
  0.00000		 -0.00000
 -0.00000		 -0.00000
 -0.00000		 -0.00000
 -0.00000		 -0.00000
 -0.00000		 -0.00000
 -0.00000		 -0.00000
 -0.00000		 -0.00000
 -0.00000		 -0.00000
 -0.00000		  0.00000
 -0.00000		  0.00000
 -0.00000		  0.00000
 -0.00000		  0.00000
 -0.00000		  0.00000
 -0.00000		  0.00000
 -0.00000		  0.00000
 -0.00000		  0.00000
  0.00000		  0.00000
  0.00000		  0.00000
  0.00000		  0.00000
  0.00000		  0.00000
  0.00000		  0.00000
  0.00000		  0.00000
  0.00000		  0.00000
  0.00000		 -0.00000
  0.00000		 -0.00000
  0.00000		 -0.00000
  0.00000		 -0.00000
  0.00000		 -0.00000
  0.00000		 -0.00000
  0.00000		 -0.00000
  0.00000		 -0.00000
 -0.00000		 -0.00000
 -0.00000		 -0.00000
 -0.00000		 -0.00000
 -0.00000		 -0.00000
 -0.00000		 -0.00000
 -0.00000		 -0.00000
 -0.00000		 -0.00000
 -0.00000		  0.00000
 -0.00000		  0.00000
 -0.00000		  0.00000
 -0.00000		  0.00000
 -0.00000		  0.00000
 -0.00000		  0.00000
 -0.00000		  0.00000
 -0.00000		  0.00000
  0.00000		  0.00000
  0.00000		  0.00000
  0.00000		  0.00000
  0.00000		  0.00000
  0.00000		  0.00000
  0.00000		  0.00000
  0.00000		  0.00000
  0.00000		 -0.00000
  0.00000		 -0.00000
  0.00000		 -0.00000
  0.00000		 -0.00000
  0.00000		 -0.00000
  0.00000		 -0.00000
  0.00000		 -0.00000
 -0.00000		 -0.00000
 -0.00000		 -0.00000
 -0.00000		 -0.00000
 -0.00000		 -0.00000
 -0.00000		 -0.00000
 -0.00000		 -0.00000
 -0.00000		 -0.00000
 -0.00000		 -0.00000
 -0.00000		  0.00000
 -0.00000		  0.00000
 -0.00000		  0.00000
 -0.00000		  0.00000
 -0.00000		  0.00000
 -0.00000		  0.00000
 -0.00000		  0.00000
  0.00000		  0.00000
  0.00000		  0.00000
  0.00000		  0.00000
  0.00000		  0.00000
  0.00000		  0.00000
  0.00000		  0.00000
  0.00000		  0.00000
  0.00000		  0.00000
  0.00000		 -0.00000
  0.00000		 -0.00000
  0.00000		 -0.00000
  0.00000		 -0.00000
  0.00000		 -0.00000
  0.00000		 -0.00000
  0.00000		 -0.00000
 -0.00000		 -0.00000
 -0.00000		 -0.00000
 -0.00000		 -0.00000
 -0.00000		 -0.00000
 -0.00000		 -0.00000
 -0.00000		 -0.00000
 -0.00000		 -0.00000
 -0.00000		 -0.00000
 -0.00000		  0.00000
 -0.00000		  0.00000
 -0.00000		  0.00000
 -0.00000		  0.00000
 -0.00000		  0.00000
 -0.00000		  0.00000
 -0.00000		  0.00000
  0.00000		  0.00000
  0.00000		  0.00000
  0.00000		  0.00000
  0.00000		  0.00000
  0.00000		  0.00000
  0.00000		  0.00000
  0.00000		  0.00000
  0.00000		  0.00000
  0.00000		 -0.00000
  0.00000		 -0.00000
  0.00000		 -0.00000
  0.00000		 -0.00000
  0.00000		 -0.00000
  0.00000		 -0.00000
  0.00000		 -0.00000
 -0.00000		 -0.00000
 -0.00000		 -0.00000
 -0.00000		 -0.00000
 -0.00000		 -0.00000
 -0.00000		 -0.00000
 -0.00000		 -0.00000
 -0.00000		 -0.00000
 -0.00000		  0.00000
 -0.00000		  0.00000
 -0.00000		  0.00000
 -0.00000		  0.00000
 -0.00000		  0.00000
 -0.00000		  0.00000
 -0.00000		  0.00000
 -0.00000		  0.00000
  0.00000		  0.00000
  0.00000		  0.00000
  0.00000		  0.00000
  0.00000		  0.00000
  0.00000		  0.00000
  0.00000		  0.00000
  0.00000		  0.00000
  0.00000		 -0.00000
  0.00000		 -0.00000
  0.00000		 -0.00000
  0.00000		 -0.00000
  0.00000		 -0.00000
  0.00000		 -0.00000
  0.00000		 -0.00000
  0.00000		 -0.00000
 -0.00000		 -0.00000
 -0.00000		 -0.00000
 -0.00000		 -0.00000
 -0.00000		 -0.00000
 -0.00000		 -0.00000
 -0.00000		 -0.00000
 -0.00000		 -0.00000
 -0.00000		  0.00000
 -0.00000		  0.00000
 -0.00000		  0.00000
 -0.00000		  0.00000
 -0.00000		  0.00000
 -0.00000		  0.00000
 -0.00000		  0.00000
 -0.00000		  0.00000
  0.00000		  0.00000
  0.00000		  0.00000
  0.00000		  0.00000
  0.00000		  0.00000
  0.00000		  0.00000
  0.00000		  0.00000
  0.00000		  0.00000
  0.00000		 -0.00000
  0.00000		 -0.00000
  0.00000		 -0.00000
  0.00000		 -0.00000
  0.00000		 -0.00000
  0.00000		 -0.00000
  0.00000		 -0.00000
  0.00000		 -0.00000
 -0.00000		 -0.00000
 -0.00000		 -0.00000
 -0.00000		 -0.00000
 -0.00000		 -0.00000
 -0.00000		 -0.00000
 -0.00000		 -0.00000
 -0.00000		 -0.00000
 -0.00000		  0.00000
 -0.00000		  0.00000
 -0.00000		  0.00000
 -0.00000		  0.00000
 -0.00000		  0.00000
 -0.00000		  0.00000
 -0.00000		  0.00000
  0.00000		  0.00000
  0.00000		  0.00000
  0.00000		  0.00000
  0.00000		  0.00000
  0.00000		  0.00000
  0.00000		  0.00000
  0.00000		  0.00000
  0.00000		  0.00000
  0.00000		 -0.00000
  0.00000		 -0.00000
  0.00000		 -0.00000
  0.00000		 -0.00000
  0.00000		 -0.00000
  0.00000		 -0.00000
  0.00000		 -0.00000
 -0.00000		 -0.00000
 -0.00000		 -0.00000
 -0.00000		 -0.00000
 -0.00000		 -0.00000
 -0.00000		 -0.00000
 -0.00000		 -0.00000
 -0.00000		 -0.00000
 -0.00000		 -0.00000
 -0.00000		  0.00000
 -0.00000		  0.00000
 -0.00000		  0.00000
 -0.00000		  0.00000
 -0.00000		  0.00000
 -0.00000		  0.00000
 -0.00000		  0.00000
  0.00000		  0.00000
  0.00000		  0.00000
  0.00000		  0.00000
  0.00000		  0.00000
  0.00000		  0.00000
  0.00000		  0.00000
  0.00000		  0.00000
  0.00000		  0.00000
  0.00000		 -0.00000
  0.00000		 -0.00000
  0.00000		 -0.00000
  0.00000		 -0.00000
  0.00000		 -0.00000
  0.00000		 -0.00000
  0.00000		 -0.00000
 -0.00000		 -0.00000
 -0.00000		 -0.00000
 -0.00000		 -0.00000
 -0.00000		 -0.00000
 -0.00000		 -0.00000
 -0.00000		 -0.00000
 -0.00000		 -0.00000
 -0.00000		 -0.00000
 -0.00000		  0.00000
 -0.00000		  0.00000
 -0.00000		  0.00000
 -0.00000		  0.00000
 -0.00000		  0.00000
 -0.00000		  0.00000
 -0.00000		  0.00000
  0.00000		  0.00000
  0.00000		  0.00000
  0.00000		  0.00000
  0.00000		  0.00000
  0.00000		  0.00000
  0.00000		  0.00000
  0.00000		  0.00000
  0.00000		 -0.00000
  0.00000		 -0.00000
  0.00000		 -0.00000
  0.00000		 -0.00000
  0.00000		 -0.00000
  0.00000		 -0.00000
  0.00000		 -0.00000
  0.00000		 -0.00000
 -0.00000		 -0.00000
 -0.00000		 -0.00000
 -0.00000		 -0.00000
 -0.00000		 -0.00000
 -0.00000		 -0.00000
 -0.00000		 -0.00000
 -0.00000		 -0.00000
 -0.00000		  0.00000
 -0.00000		  0.00000
 -0.00000		  0.00000
 -0.00000		  0.00000
 -0.00000		  0.00000
 -0.00000		  0.00000
 -0.00000		  0.00000
 -0.00000		  0.00000
  0.00000		  0.00000
  0.00000		  0.00000
  0.00000		  0.00000
  0.00000		  0.00000
  0.00000		  0.00000
  0.00000		  0.00000
  0.00000		  0.00000
  0.00000		 -0.00000
  0.00000		 -0.00000
  0.00000		 -0.00000
  0.00000		 -0.00000
  0.00000		 -0.00000
  0.00000		 -0.00000
  0.00000		 -0.00000
  0.00000		 -0.00000
 -0.00000		 -0.00000
 -0.00000		 -0.00000
 -0.00000		 -0.00000
 -0.00000		 -0.00000
 -0.00000		 -0.00000
 -0.00000		 -0.00000
 -0.00000		 -0.00000
 -0.00000		  0.00000
 -0.00000		  0.00000
 -0.00000		  0.00000
 -0.00000		  0.00000
 -0.00000		  0.00000
 -0.00000		  0.00000
 -0.00000		  0.00000
 -0.00000		  0.00000
  0.00000		  0.00000
  0.00000		  0.00000
  0.00000		  0.00000
  0.00000		  0.00000
  0.00000		  0.00000
  0.00000		  0.00000
  0.00000		  0.00000
  0.00000		 -0.00000
  0.00000		 -0.00000
  0.00000		 -0.00000
  0.00000		 -0.00000
  0.00000		 -0.00000
  0.00000		 -0.00000
  0.00000		 -0.00000
 -0.00000		 -0.00000
 -0.00000		 -0.00000
 -0.00000		 -0.00000
 -0.00000		 -0.00000
 -0.00000		 -0.00000
 -0.00000		 -0.00000
 -0.00000		 -0.00000
 -0.00000		 -0.00000
 -0.00000		  0.00000
 -0.00000		  0.00000
 -0.00000		  0.00000
 -0.00000		  0.00000
 -0.00000		  0.00000
 -0.00000		  0.00000
 -0.00000		  0.00000
  0.00000		  0.00000
  0.00000		  0.00000
  0.00000		  0.00000
  0.00000		  0.00000
  0.00000		  0.00000
  0.00000		  0.00000
  0.00000		  0.00000
  0.00000		  0.00000
  0.00000		 -0.00000
  0.00000		 -0.00000
  0.00000		 -0.00000
  0.00000		 -0.00000
  0.00000		 -0.00000
  0.00000		 -0.00000
  0.00000		 -0.00000
 -0.00000		 -0.00000
 -0.00000		 -0.00000
 -0.00000		 -0.00000
 -0.00000		 -0.00000
 -0.00000		 -0.00000
 -0.00000		 -0.00000
 -0.00000		 -0.00000
 -0.00000		 -0.00000
 -0.00000		  0.00000
 -0.00000		  0.00000
 -0.00000		  0.00000
 -0.00000		  0.00000
 -0.00000		  0.00000
 -0.00000		  0.00000
 -0.00000		  0.00000
  0.00000		  0.00000
  0.00000		  0.00000
  0.00000		  0.00000
  0.00000		  0.00000
  0.00000		  0.00000
  0.00000		  0.00000
  0.00000		  0.00000
  0.00000		  0.00000
  0.00000		 -0.00000
  0.00000		 -0.00000
  0.00000		 -0.00000
  0.00000		 -0.00000
  0.00000		 -0.00000
  0.00000		 -0.00000
  0.00000		 -0.00000
 -0.00000		 -0.00000
 -0.00000		 -0.00000
 -0.00000		 -0.00000
 -0.00000		 -0.00000
 -0.00000		 -0.00000
 -0.00000		 -0.00000
 -0.00000		 -0.00000
 -0.00000		  0.00000
 -0.00000		  0.00000
 -0.00000		  0.00000
 -0.00000		  0.00000
 -0.00000		  0.00000
 -0.00000		  0.00000
 -0.00000		  0.00000
 -0.00000		  0.00000
  0.00000		  0.00000
  0.00000		  0.00000
  0.00000		  0.00000
  0.00000		  0.00000
  0.00000		  0.00000
  0.00000		  0.00000
  0.00000		  0.00000
  0.00000		 -0.00000
  0.00000		 -0.00000
  0.00000		 -0.00000
  0.00000		 -0.00000
  0.00000		 -0.00000
  0.00000		 -0.00000
  0.00000		 -0.00000
  0.00000		 -0.00000
 -0.00000		 -0.00000
 -0.00000		 -0.00000
 -0.00000		 -0.00000
 -0.00000		 -0.00000
 -0.00000		 -0.00000
 -0.00000		 -0.00000
 -0.00000		 -0.00000
 -0.00000		  0.00000
 -0.00000		  0.00000
 -0.00000		  0.00000
 -0.00000		  0.00000
 -0.00000		  0.00000
 -0.00000		  0.00000
 -0.00000		  0.00000
 -0.00000		  0.00000
  0.00000		  0.00000
  0.00000		  0.00000
  0.00000		  0.00000
  0.00000		  0.00000
  0.00000		  0.00000
  0.00000		  0.00000
  0.00000		  0.00000
  0.00000		 -0.00000
  0.00000		 -0.00000
  0.00000		 -0.00000
  0.00000		 -0.00000
  0.00000		 -0.00000
  0.00000		 -0.00000
  0.00000		 -0.00000
  0.00000		 -0.00000
 -0.00000		 -0.00000
 -0.00000		 -0.00000
 -0.00000		 -0.00000
 -0.00000		 -0.00000
 -0.00000		 -0.00000
 -0.00000		 -0.00000
 -0.00000		 -0.00000
 -0.00000		  0.00000
 -0.00000		  0.00000
 -0.00000		  0.00000
 -0.00000		  0.00000
 -0.00000		  0.00000
 -0.00000		  0.00000
 -0.00000		  0.00000
  0.00000		  0.00000
  0.00000		  0.00000
  0.00000		  0.00000
  0.00000		  0.00000
  0.00000		  0.00000
  0.00000		  0.00000
  0.00000		  0.00000
  0.00000		  0.00000
  0.00000		 -0.00000
  0.00000		 -0.00000
  0.00000		 -0.00000
  0.00000		 -0.00000
  0.00000		 -0.00000
  0.00000		 -0.00000
  0.00000		 -0.00000
 -0.00000		 -0.00000
 -0.00000		 -0.00000
 -0.00000		 -0.00000
 -0.00000		 -0.00000
 -0.00000		 -0.00000
 -0.00000		 -0.00000
 -0.00000		 -0.00000
 -0.00000		 -0.00000
 -0.00000		  0.00000
 -0.00000		  0.00000
 -0.00000		  0.00000
 -0.00000		  0.00000
 -0.00000		  0.00000
 -0.00000		  0.00000
 -0.00000		  0.00000
  0.00000		  0.00000
  0.00000		  0.00000
  0.00000		  0.00000
  0.00000		  0.00000
  0.00000		  0.00000
  0.00000		  0.00000
  0.00000		  0.00000
  0.00000		  0.00000
  0.00000		 -0.00000
  0.00000		 -0.00000
  0.00000		 -0.00000
  0.00000		 -0.00000
  0.00000		 -0.00000
  0.00000		 -0.00000
  0.00000		 -0.00000
 -0.00000		 -0.00000
 -0.00000		 -0.00000
 -0.00000		 -0.00000
 -0.00000		 -0.00000
 -0.00000		 -0.00000
 -0.00000		 -0.00000
 -0.00000		 -0.00000
 -0.00000		 -0.00000
 -0.00000		  0.00000
 -0.00000		  0.00000
 -0.00000		  0.00000
 -0.00000		  0.00000
 -0.00000		  0.00000
 -0.00000		  0.00000
 -0.00000		  0.00000
  0.00000		  0.00000
  0.00000		  0.00000
  0.00000		  0.00000
  0.00000		  0.00000
  0.00000		  0.00000
  0.00000		  0.00000
  0.00000		  0.00000
  0.00000		 -0.00000
  0.00000		 -0.00000
  0.00000		 -0.00000
  0.00000		 -0.00000
  0.00000		 -0.00000
  0.00000		 -0.00000
  0.00000		 -0.00000
  0.00000		 -0.00000
 -0.00000		 -0.00000
 -0.00000		 -0.00000
 -0.00000		 -0.00000
 -0.00000		 -0.00000
 -0.00000		 -0.00000
 -0.00000		 -0.00000
 -0.00000		 -0.00000
 -0.00000		  0.00000
 -0.00000		  0.00000
 -0.00000		  0.00000
 -0.00000		  0.00000
 -0.00000		  0.00000
 -0.00000		  0.00000
 -0.00000		  0.00000
 -0.00000		  0.00000
  0.00000		  0.00000
  0.00000		  0.00000
  0.00000		  0.00000
  0.00000		  0.00000
  0.00000		  0.00000
  0.00000		  0.00000
  0.00000		  0.00000
  0.00000		 -0.00000
  0.00000		 -0.00000
  0.00000		 -0.00000
  0.00000		 -0.00000
  0.00000		 -0.00000
  0.00000		 -0.00000
  0.00000		 -0.00000
  0.00000		 -0.00000
 -0.00000		 -0.00000
 -0.00000		 -0.00000
 -0.00000		 -0.00000
 -0.00000		 -0.00000
 -0.00000		 -0.00000
 -0.00000		 -0.00000
 -0.00000		 -0.00000
 -0.00000		  0.00000
 -0.00000		  0.00000
 -0.00000		  0.00000
 -0.00000		  0.00000
 -0.00000		  0.00000
 -0.00000		  0.00000
 -0.00000		  0.00000
 -0.00000		  0.00000
  0.00000		  0.00000
  0.00000		  0.00000
  0.00000		  0.00000
  0.00000		  0.00000
  0.00000		  0.00000
  0.00000		  0.00000
  0.00000		  0.00000
  0.00000		 -0.00000
  0.00000		 -0.00000
  0.00000		 -0.00000
  0.00000		 -0.00000
  0.00000		 -0.00000
  0.00000		 -0.00000
  0.00000		 -0.00000
 -0.00000		 -0.00000
 -0.00000		 -0.00000
 -0.00000		 -0.00000
 -0.00000		 -0.00000
 -0.00000		 -0.00000
 -0.00000		 -0.00000
 -0.00000		 -0.00000
 -0.00000		 -0.00000
 -0.00000		  0.00000
 -0.00000		  0.00000
 -0.00000		  0.00000
 -0.00000		  0.00000
 -0.00000		  0.00000
 -0.00000		  0.00000
 -0.00000		  0.00000
  0.00000		  0.00000
  0.00000		  0.00000
  0.00000		  0.00000
  0.00000		  0.00000
  0.00000		  0.00000
  0.00000		  0.00000
  0.00000		  0.00000
  0.00000		  0.00000
  0.00000		 -0.00000
  0.00000		 -0.00000
  0.00000		 -0.00000
  0.00000		 -0.00000
  0.00000		 -0.00000
  0.00000		 -0.00000
  0.00000		 -0.00000
 -0.00000		 -0.00000
 -0.00000		 -0.00000
 -0.00000		 -0.00000
 -0.00000		 -0.00000
 -0.00000		 -0.00000
 -0.00000		 -0.00000
 -0.00000		 -0.00000
 -0.00000		 -0.00000
 -0.00000		  0.00000
 -0.00000		  0.00000
 -0.00000		  0.00000
 -0.00000		  0.00000
 -0.00000		  0.00000
 -0.00000		  0.00000
 -0.00000		  0.00000
  0.00000		  0.00000
  0.00000		  0.00000
  0.00000		  0.00000
  0.00000		  0.00000
  0.00000		  0.00000
  0.00000		  0.00000
  0.00000		  0.00000
  0.00000		 -0.00000
  0.00000		 -0.00000
  0.00000		 -0.00000
  0.00000		 -0.00000
  0.00000		 -0.00000
  0.00000		 -0.00000
  0.00000		 -0.00000
  0.00000		 -0.00000
 -0.00000		 -0.00000
 -0.00000		 -0.00000
 -0.00000		 -0.00000
 -0.00000		 -0.00000
 -0.00000		 -0.00000
 -0.00000		 -0.00000
 -0.00000		 -0.00000
 -0.00000		  0.00000
 -0.00000		  0.00000
 -0.00000		  0.00000
 -0.00000		  0.00000
 -0.00000		  0.00000
 -0.00000		  0.00000
 -0.00000		  0.00000
 -0.00000		  0.00000
  0.00000		  0.00000
  0.00000		  0.00000
  0.00000		  0.00000
  0.00000		  0.00000
  0.00000		  0.00000
  0.00000		  0.00000
  0.00000		  0.00000
  0.00000		 -0.00000
  0.00000		 -0.00000
  0.00000		 -0.00000
  0.00000		 -0.00000
  0.00000		 -0.00000
  0.00000		 -0.00000
  0.00000		 -0.00000
  0.00000		 -0.00000
 -0.00000		 -0.00000
 -0.00000		 -0.00000
 -0.00000		 -0.00000
 -0.00000		 -0.00000
 -0.00000		 -0.00000
 -0.00000		 -0.00000
 -0.00000		 -0.00000
 -0.00000		  0.00000
 -0.00000		  0.00000
 -0.00000		  0.00000
 -0.00000		  0.00000
 -0.00000		  0.00000
 -0.00000		  0.00000
 -0.00000		  0.00000
 -0.00000		  0.00000
  0.00000		  0.00000
  0.00000		  0.00000
  0.00000		  0.00000
  0.00000		  0.00000
  0.00000		  0.00000
  0.00000		  0.00000
  0.00000		  0.00000
  0.00000		 -0.00000
  0.00000		 -0.00000
  0.00000		 -0.00000
  0.00000		 -0.00000
  0.00000		 -0.00000
  0.00000		 -0.00000
  0.00000		 -0.00000
 -0.00000		 -0.00000
 -0.00000		 -0.00000
 -0.00000		 -0.00000
 -0.00000		 -0.00000
 -0.00000		 -0.00000
 -0.00000		 -0.00000
 -0.00000		 -0.00000
 -0.00000		 -0.00000
 -0.00000		  0.00000
 -0.00000		  0.00000
 -0.00000		  0.00000
 -0.00000		  0.00000
 -0.00000		  0.00000
 -0.00000		  0.00000
 -0.00000		  0.00000
  0.00000		  0.00000
  0.00000		  0.00000
  0.00000		  0.00000
  0.00000		  0.00000
  0.00000		  0.00000
  0.00000		  0.00000
  0.00000		  0.00000
  0.00000		  0.00000
  0.00000		 -0.00000
  0.00000		 -0.00000
  0.00000		 -0.00000
  0.00000		 -0.00000
  0.00000		 -0.00000
  0.00000		 -0.00000
  0.00000		 -0.00000
 -0.00000		 -0.00000
 -0.00000		 -0.00000
 -0.00000		 -0.00000
 -0.00000		 -0.00000
 -0.00000		 -0.00000
 -0.00000		 -0.00000
 -0.00000		 -0.00000
 -0.00000		 -0.00000
 -0.00000		  0.00000
 -0.00000		  0.00000
 -0.00000		  0.00000
 -0.00000		  0.00000
 -0.00000		  0.00000
 -0.00000		  0.00000
 -0.00000		  0.00000
  0.00000		  0.00000
  0.00000		  0.00000
  0.00000		  0.00000
  0.00000		  0.00000
  0.00000		  0.00000
  0.00000		  0.00000
  0.00000		  0.00000
  0.00000		  0.00000
  0.00000		 -0.00000
  0.00000		 -0.00000
  0.00000		 -0.00000
  0.00000		 -0.00000
  0.00000		 -0.00000
  0.00000		 -0.00000
  0.00000		 -0.00000
 -0.00000		 -0.00000
 -0.00000		 -0.00000
 -0.00000		 -0.00000
 -0.00000		 -0.00000
 -0.00000		 -0.00000
 -0.00000		 -0.00000
 -0.00000		 -0.00000
 -0.00000		  0.00000
 -0.00000		  0.00000
 -0.00000		  0.00000
 -0.00000		  0.00000
 -0.00000		  0.00000
 -0.00000		  0.00000
 -0.00000		  0.00000
 -0.00000		  0.00000
  0.00000		  0.00000
  0.00000		  0.00000
  0.00000		  0.00000
  0.00000		  0.00000
  0.00000		  0.00000
  0.00000		  0.00000
  0.00000		  0.00000
  0.00000		 -0.00000
  0.00000		 -0.00000
  0.00000		 -0.00000
  0.00000		 -0.00000
  0.00000		 -0.00000
  0.00000		 -0.00000
  0.00000		 -0.00000
  0.00000		 -0.00000
 -0.00000		 -0.00000
 -0.00000		 -0.00000
 -0.00000		 -0.00000
 -0.00000		 -0.00000
 -0.00000		 -0.00000
 -0.00000		 -0.00000
 -0.00000		 -0.00000
 -0.00000		  0.00000
 -0.00000		  0.00000
 -0.00000		  0.00000
 -0.00000		  0.00000
 -0.00000		  0.00000
 -0.00000		  0.00000
 -0.00000		  0.00000
 -0.00000		  0.00000
  0.00000		  0.00000
  0.00000		  0.00000
  0.00000		  0.00000
  0.00000		  0.00000
  0.00000		  0.00000
  0.00000		  0.00000
  0.00000		  0.00000
  0.00000		 -0.00000
  0.00000		 -0.00000
  0.00000		 -0.00000
  0.00000		 -0.00000
  0.00000		 -0.00000
  0.00000		 -0.00000
  0.00000		 -0.00000
  0.00000		 -0.00000
 -0.00000		 -0.00000
 -0.00000		 -0.00000
 -0.00000		 -0.00000
 -0.00000		 -0.00000
 -0.00000		 -0.00000
 -0.00000		 -0.00000
 -0.00000		 -0.00000
 -0.00000		  0.00000
 -0.00000		  0.00000
 -0.00000		  0.00000
 -0.00000		  0.00000
 -0.00000		  0.00000
 -0.00000		  0.00000
 -0.00000		  0.00000
  0.00000		  0.00000
  0.00000		  0.00000
  0.00000		  0.00000
  0.00000		  0.00000
  0.00000		  0.00000
  0.00000		  0.00000
  0.00000		  0.00000
  0.00000		  0.00000
  0.00000		 -0.00000
  0.00000		 -0.00000
  0.00000		 -0.00000
  0.00000		 -0.00000
  0.00000		 -0.00000
  0.00000		 -0.00000
  0.00000		 -0.00000
 -0.00000		 -0.00000
 -0.00000		 -0.00000
 -0.00000		 -0.00000
 -0.00000		 -0.00000
 -0.00000		 -0.00000
 -0.00000		 -0.00000
 -0.00000		 -0.00000
 -0.00000		 -0.00000
 -0.00000		  0.00000
 -0.00000		  0.00000
 -0.00000		  0.00000
 -0.00000		  0.00000
 -0.00000		  0.00000
 -0.00000		  0.00000
 -0.00000		  0.00000
  0.00000		  0.00000
  0.00000		  0.00000
  0.00000		  0.00000
  0.00000		  0.00000
  0.00000		  0.00000
  0.00000		  0.00000
  0.00000		  0.00000
  0.00000		  0.00000
  0.00000		 -0.00000
  0.00000		 -0.00000
  0.00000		 -0.00000
  0.00000		 -0.00000
  0.00000		 -0.00000
  0.00000		 -0.00000
  0.00000		 -0.00000
 -0.00000		 -0.00000
 -0.00000		 -0.00000
 -0.00000		 -0.00000
 -0.00000		 -0.00000
 -0.00000		 -0.00000
 -0.00000		 -0.00000
 -0.00000		 -0.00000
 -0.00000		 -0.00000
 -0.00000		  0.00000
 -0.00000		  0.00000
 -0.00000		  0.00000
 -0.00000		  0.00000
 -0.00000		  0.00000
 -0.00000		  0.00000
 -0.00000		  0.00000
  0.00000		  0.00000
  0.00000		  0.00000
  0.00000		  0.00000
  0.00000		  0.00000
  0.00000		  0.00000
  0.00000		  0.00000
  0.00000		  0.00000
  0.00000		 -0.00000
  0.00000		 -0.00000
  0.00000		 -0.00000
  0.00000		 -0.00000
  0.00000		 -0.00000
  0.00000		 -0.00000
  0.00000		 -0.00000
  0.00000		 -0.00000
 -0.00000		 -0.00000
 -0.00000		 -0.00000
 -0.00000		 -0.00000
 -0.00000		 -0.00000
 -0.00000		 -0.00000
 -0.00000		 -0.00000
 -0.00000		 -0.00000
 -0.00000		  0.00000
 -0.00000		  0.00000
 -0.00000		  0.00000
 -0.00000		  0.00000
 -0.00000		  0.00000
 -0.00000		  0.00000
 -0.00000		  0.00000
 -0.00000		  0.00000
  0.00000		  0.00000
  0.00000		  0.00000
  0.00000		  0.00000
  0.00000		  0.00000
  0.00000		  0.00000
  0.00000		  0.00000
  0.00000		  0.00000
  0.00000		 -0.00000
  0.00000		 -0.00000
  0.00000		 -0.00000
  0.00000		 -0.00000
  0.00000		 -0.00000
  0.00000		 -0.00000
  0.00000		 -0.00000
  0.00000		 -0.00000
 -0.00000		 -0.00000
 -0.00000		 -0.00000
 -0.00000		 -0.00000
 -0.00000		 -0.00000
 -0.00000		 -0.00000
 -0.00000		 -0.00000
 -0.00000		 -0.00000
 -0.00000		  0.00000
 -0.00000		  0.00000
 -0.00000		  0.00000
 -0.00000		  0.00000
 -0.00000		  0.00000
 -0.00000		  0.00000
 -0.00000		  0.00000
 -0.00000		  0.00000
  0.00000		  0.00000
  0.00000		  0.00000
  0.00000		  0.00000
  0.00000		  0.00000
  0.00000		  0.00000
  0.00000		  0.00000
  0.00000		  0.00000
  0.00000		 -0.00000
  0.00000		 -0.00000
  0.00000		 -0.00000
  0.00000		 -0.00000
  0.00000		 -0.00000
  0.00000		 -0.00000
  0.00000		 -0.00000
 -0.00000		 -0.00000
 -0.00000		 -0.00000
 -0.00000		 -0.00000
 -0.00000		 -0.00000
 -0.00000		 -0.00000
 -0.00000		 -0.00000
 -0.00000		 -0.00000
 -0.00000		 -0.00000
 -0.00000		  0.00000
 -0.00000		  0.00000
 -0.00000		  0.00000
 -0.00000		  0.00000
 -0.00000		  0.00000
 -0.00000		  0.00000
 -0.00000		  0.00000
  0.00000		  0.00000
  0.00000		  0.00000
  0.00000		  0.00000
  0.00000		  0.00000
  0.00000		  0.00000
  0.00000		  0.00000
  0.00000		  0.00000
  0.00000		  0.00000
  0.00000		 -0.00000
  0.00000		 -0.00000
  0.00000		 -0.00000
  0.00000		 -0.00000
  0.00000		 -0.00000
  0.00000		 -0.00000
  0.00000		 -0.00000
 -0.00000		 -0.00000
 -0.00000		 -0.00000
 -0.00000		 -0.00000
 -0.00000		 -0.00000
 -0.00000		 -0.00000
 -0.00000		 -0.00000
 -0.00000		 -0.00000
 -0.00000		 -0.00000
 -0.00000		  0.00000
 -0.00000		  0.00000
 -0.00000		  0.00000
 -0.00000		  0.00000
 -0.00000		  0.00000
 -0.00000		  0.00000
 -0.00000		  0.00000
  0.00000		  0.00000
  0.00000		  0.00000
  0.00000		  0.00000
  0.00000		  0.00000
  0.00000		  0.00000
  0.00000		  0.00000
  0.00000		  0.00000
  0.00000		  0.00000
  0.00000		 -0.00000
  0.00000		 -0.00000
  0.00000		 -0.00000
  0.00000		 -0.00000
  0.00000		 -0.00000
  0.00000		 -0.00000
  0.00000		 -0.00000
 -0.00000		 -0.00000
 -0.00000		 -0.00000
 -0.00000		 -0.00000
 -0.00000		 -0.00000
 -0.00000		 -0.00000
 -0.00000		 -0.00000
 -0.00000		 -0.00000
 -0.00000		  0.00000
 -0.00000		  0.00000
 -0.00000		  0.00000
 -0.00000		  0.00000
 -0.00000		  0.00000
 -0.00000		  0.00000
 -0.00000		  0.00000
 -0.00000		  0.00000
  0.00000		  0.00000
  0.00000		  0.00000
  0.00000		  0.00000
  0.00000		  0.00000
  0.00000		  0.00000
  0.00000		  0.00000
  0.00000		  0.00000
  0.00000		 -0.00000
  0.00000		 -0.00000
  0.00000		 -0.00000
  0.00000		 -0.00000
  0.00000		 -0.00000
  0.00000		 -0.00000
  0.00000		 -0.00000
  0.00000		 -0.00000
 -0.00000		 -0.00000
 -0.00000		 -0.00000
 -0.00000		 -0.00000
 -0.00000		 -0.00000
 -0.00000		 -0.00000
 -0.00000		 -0.00000
 -0.00000		 -0.00000
 -0.00000		  0.00000
 -0.00000		  0.00000
 -0.00000		  0.00000
 -0.00000		  0.00000
 -0.00000		  0.00000
 -0.00000		  0.00000
 -0.00000		  0.00000
 -0.00000		  0.00000
  0.00000		  0.00000
  0.00000		  0.00000
  0.00000		  0.00000
  0.00000		  0.00000
  0.00000		  0.00000
  0.00000		  0.00000
  0.00000		  0.00000
  0.00000		 -0.00000
  0.00000		 -0.00000
  0.00000		 -0.00000
  0.00000		 -0.00000
  0.00000		 -0.00000
  0.00000		 -0.00000
  0.00000		 -0.00000
  0.00000		 -0.00000
 -0.00000		 -0.00000
 -0.00000		 -0.00000
 -0.00000		 -0.00000
 -0.00000		 -0.00000
 -0.00000		 -0.00000
 -0.00000		 -0.00000
 -0.00000		 -0.00000
 -0.00000		  0.00000
 -0.00000		  0.00000
 -0.00000		  0.00000
 -0.00000		  0.00000
 -0.00000		  0.00000
 -0.00000		  0.00000
 -0.00000		  0.00000
  0.00000		  0.00000
  0.00000		  0.00000
  0.00000		  0.00000
  0.00000		  0.00000
  0.00000		  0.00000
  0.00000		  0.00000
  0.00000		  0.00000
  0.00000		  0.00000
  0.00000		 -0.00000
  0.00000		 -0.00000
  0.00000		 -0.00000
  0.00000		 -0.00000
  0.00000		 -0.00000
  0.00000		 -0.00000
  0.00000		 -0.00000
 -0.00000		 -0.00000
 -0.00000		 -0.00000
 -0.00000		 -0.00000
 -0.00000		 -0.00000
 -0.00000		 -0.00000
 -0.00000		 -0.00000
 -0.00000		 -0.00000
 -0.00000		 -0.00000
 -0.00000		  0.00000
 -0.00000		  0.00000
 -0.00000		  0.00000
 -0.00000		  0.00000
 -0.00000		  0.00000
 -0.00000		  0.00000
 -0.00000		  0.00000
  0.00000		  0.00000
  0.00000		  0.00000
  0.00000		  0.00000
  0.00000		  0.00000
  0.00000		  0.00000
  0.00000		  0.00000
  0.00000		  0.00000
  0.00000		  0.00000
  0.00000		 -0.00000
  0.00000		 -0.00000
  0.00000		 -0.00000
  0.00000		 -0.00000
  0.00000		 -0.00000
  0.00000		 -0.00000
  0.00000		 -0.00000
 -0.00000		 -0.00000
 -0.00000		 -0.00000
 -0.00000		 -0.00000
 -0.00000		 -0.00000
 -0.00000		 -0.00000
 -0.00000		 -0.00000
 -0.00000		 -0.00000
 -0.00000		 -0.00000
 -0.00000		  0.00000
 -0.00000		  0.00000
 -0.00000		  0.00000
 -0.00000		  0.00000
 -0.00000		  0.00000
 -0.00000		  0.00000
 -0.00000		  0.00000
  0.00000		  0.00000
  0.00000		  0.00000
  0.00000		  0.00000
  0.00000		  0.00000
  0.00000		  0.00000
  0.00000		  0.00000
  0.00000		  0.00000
  0.00000		 -0.00000
  0.00000		 -0.00000
  0.00000		 -0.00000
  0.00000		 -0.00000
  0.00000		 -0.00000
  0.00000		 -0.00000
  0.00000		 -0.00000
  0.00000		 -0.00000
 -0.00000		 -0.00000
 -0.00000		 -0.00000
 -0.00000		 -0.00000
 -0.00000		 -0.00000
 -0.00000		 -0.00000
 -0.00000		 -0.00000
 -0.00000		 -0.00000
 -0.00000		  0.00000
 -0.00000		  0.00000
 -0.00000		  0.00000
 -0.00000		  0.00000
 -0.00000		  0.00000
 -0.00000		  0.00000
 -0.00000		  0.00000
 -0.00000		  0.00000
  0.00000		  0.00000
  0.00000		  0.00000
  0.00000		  0.00000
  0.00000		  0.00000
  0.00000		  0.00000
  0.00000		  0.00000
  0.00000		  0.00000
  0.00000		 -0.00000
  0.00000		 -0.00000
  0.00000		 -0.00000
  0.00000		 -0.00000
  0.00000		 -0.00000
  0.00000		 -0.00000
  0.00000		 -0.00000
  0.00000		 -0.00000
 -0.00000		 -0.00000
 -0.00000		 -0.00000
 -0.00000		 -0.00000
 -0.00000		 -0.00000
 -0.00000		 -0.00000
 -0.00000		 -0.00000
 -0.00000		 -0.00000
 -0.00000		  0.00000
 -0.00000		  0.00000
 -0.00000		  0.00000
 -0.00000		  0.00000
 -0.00000		  0.00000
 -0.00000		  0.00000
 -0.00000		  0.00000
  0.00000		  0.00000
  0.00000		  0.00000
  0.00000		  0.00000
  0.00000		  0.00000
  0.00000		  0.00000
  0.00000		  0.00000
  0.00000		  0.00000
  0.00000		  0.00000
  0.00000		 -0.00000
  0.00000		 -0.00000
  0.00000		 -0.00000
  0.00000		 -0.00000
  0.00000		 -0.00000
  0.00000		 -0.00000
  0.00000		 -0.00000
 -0.00000		 -0.00000
 -0.00000		 -0.00000
 -0.00000		 -0.00000
 -0.00000		 -0.00000
 -0.00000		 -0.00000
 -0.00000		 -0.00000
 -0.00000		 -0.00000
 -0.00000		 -0.00000
 -0.00000		  0.00000
 -0.00000		  0.00000
 -0.00000		  0.00000
 -0.00000		  0.00000
 -0.00000		  0.00000
 -0.00000		  0.00000
 -0.00000		  0.00000
  0.00000		  0.00000
  0.00000		  0.00000
  0.00000		  0.00000
  0.00000		  0.00000
  0.00000		  0.00000
  0.00000		  0.00000
  0.00000		  0.00000
  0.00000		  0.00000
  0.00000		 -0.00000
  0.00000		 -0.00000
  0.00000		 -0.00000
  0.00000		 -0.00000
  0.00000		 -0.00000
  0.00000		 -0.00000
  0.00000		 -0.00000
 -0.00000		 -0.00000
 -0.00000		 -0.00000
 -0.00000		 -0.00000
 -0.00000		 -0.00000
 -0.00000		 -0.00000
 -0.00000		 -0.00000
 -0.00000		 -0.00000
 -0.00000		 -0.00000
 -0.00000		  0.00000
 -0.00000		  0.00000
 -0.00000		  0.00000
 -0.00000		  0.00000
 -0.00000		  0.00000
 -0.00000		  0.00000
 -0.00000		  0.00000
  0.00000		  0.00000
  0.00000		  0.00000
  0.00000		  0.00000
  0.00000		  0.00000
  0.00000		  0.00000
  0.00000		  0.00000
  0.00000		  0.00000
  0.00000		 -0.00000
  0.00000		 -0.00000
  0.00000		 -0.00000
  0.00000		 -0.00000
  0.00000		 -0.00000
  0.00000		 -0.00000
  0.00000		 -0.00000
  0.00000		 -0.00000
 -0.00000		 -0.00000
 -0.00000		 -0.00000
 -0.00000		 -0.00000
 -0.00000		 -0.00000
 -0.00000		 -0.00000
 -0.00000		 -0.00000
 -0.00000		 -0.00000
 -0.00000		  0.00000
 -0.00000		  0.00000
 -0.00000		  0.00000
 -0.00000		  0.00000
 -0.00000		  0.00000
 -0.00000		  0.00000
 -0.00000		  0.00000
 -0.00000		  0.00000
  0.00000		  0.00000
  0.00000		  0.00000
  0.00000		  0.00000
  0.00000		  0.00000
  0.00000		  0.00000
  0.00000		  0.00000
  0.00000		  0.00000
  0.00000		 -0.00000
  0.00000		 -0.00000
  0.00000		 -0.00000
  0.00000		 -0.00000
  0.00000		 -0.00000
  0.00000		 -0.00000
  0.00000		 -0.00000
  0.00000		 -0.00000
 -0.00000		 -0.00000
 -0.00000		 -0.00000
 -0.00000		 -0.00000
 -0.00000		 -0.00000
 -0.00000		 -0.00000
 -0.00000		 -0.00000
 -0.00000		 -0.00000
 -0.00000		  0.00000
 -0.00000		  0.00000
 -0.00000		  0.00000
 -0.00000		  0.00000
 -0.00000		  0.00000
 -0.00000		  0.00000
 -0.00000		  0.00000
 -0.00000		  0.00000
  0.00000		  0.00000
  0.00000		  0.00000
  0.00000		  0.00000
  0.00000		  0.00000
  0.00000		  0.00000
  0.00000		  0.00000
  0.00000		  0.00000
  0.00000		 -0.00000
  0.00000		 -0.00000
  0.00000		 -0.00000
  0.00000		 -0.00000
  0.00000		 -0.00000
  0.00000		 -0.00000
  0.00000		 -0.00000
 -0.00000		 -0.00000
 -0.00000		 -0.00000
 -0.00000		 -0.00000
 -0.00000		 -0.00000
 -0.00000		 -0.00000
 -0.00000		 -0.00000
 -0.00000		 -0.00000
 -0.00000		 -0.00000
 -0.00000		  0.00000
 -0.00000		  0.00000
 -0.00000		  0.00000
 -0.00000		  0.00000
 -0.00000		  0.00000
 -0.00000		  0.00000
 -0.00000		  0.00000
  0.00000		  0.00000
  0.00000		  0.00000
  0.00000		  0.00000
  0.00000		  0.00000
  0.00000		  0.00000
  0.00000		  0.00000
  0.00000		  0.00000
  0.00000		  0.00000
  0.00000		 -0.00000
  0.00000		 -0.00000
  0.00000		 -0.00000
  0.00000		 -0.00000
  0.00000		 -0.00000
  0.00000		 -0.00000
  0.00000		 -0.00000
 -0.00000		 -0.00000
 -0.00000		 -0.00000
 -0.00000		 -0.00000
 -0.00000		 -0.00000
 -0.00000		 -0.00000
 -0.00000		 -0.00000
 -0.00000		 -0.00000
 -0.00000		 -0.00000
 -0.00000		  0.00000
 -0.00000		  0.00000
 -0.00000		  0.00000
 -0.00000		  0.00000
 -0.00000		  0.00000
 -0.00000		  0.00000
 -0.00000		  0.00000
  0.00000		  0.00000
  0.00000		  0.00000
  0.00000		  0.00000
  0.00000		  0.00000
  0.00000		  0.00000
  0.00000		  0.00000
  0.00000		  0.00000
  0.00000		  0.00000
  0.00000		 -0.00000
  0.00000		 -0.00000
  0.00000		 -0.00000
  0.00000		 -0.00000
  0.00000		 -0.00000
  0.00000		 -0.00000
  0.00000		 -0.00000
 -0.00000		 -0.00000
 -0.00000		 -0.00000
 -0.00000		 -0.00000
 -0.00000		 -0.00000
 -0.00000		 -0.00000
 -0.00000		 -0.00000
 -0.00000		 -0.00000
 -0.00000		  0.00000
 -0.00000		  0.00000
 -0.00000		  0.00000
 -0.00000		  0.00000
 -0.00000		  0.00000
 -0.00000		  0.00000
 -0.00000		  0.00000
 -0.00000		  0.00000
  0.00000		  0.00000
  0.00000		  0.00000
  0.00000		  0.00000
  0.00000		  0.00000
  0.00000		  0.00000
  0.00000		  0.00000
  0.00000		  0.00000
  0.00000		 -0.00000
  0.00000		 -0.00000
  0.00000		 -0.00000
  0.00000		 -0.00000
  0.00000		 -0.00000
  0.00000		 -0.00000
  0.00000		 -0.00000
  0.00000		 -0.00000
 -0.00000		 -0.00000
 -0.00000		 -0.00000
 -0.00000		 -0.00000
 -0.00000		 -0.00000
 -0.00000		 -0.00000
 -0.00000		 -0.00000
 -0.00000		 -0.00000
 -0.00000		  0.00000
 -0.00000		  0.00000
 -0.00000		  0.00000
 -0.00000		  0.00000
 -0.00000		  0.00000
 -0.00000		  0.00000
 -0.00000		  0.00000
 -0.00000		  0.00000
  0.00000		  0.00000
  0.00000		  0.00000
  0.00000		  0.00000
  0.00000		  0.00000
  0.00000		  0.00000
  0.00000		  0.00000
  0.00000		  0.00000
  0.00000		 -0.00000
  0.00000		 -0.00000
  0.00000		 -0.00000
  0.00000		 -0.00000
  0.00000		 -0.00000
  0.00000		 -0.00000
  0.00000		 -0.00000
  0.00000		 -0.00000
 -0.00000		 -0.00000
 -0.00000		 -0.00000
 -0.00000		 -0.00000
 -0.00000		 -0.00000
 -0.00000		 -0.00000
 -0.00000		 -0.00000
 -0.00000		 -0.00000
 -0.00000		  0.00000
 -0.00000		  0.00000
 -0.00000		  0.00000
 -0.00000		  0.00000
 -0.00000		  0.00000
 -0.00000		  0.00000
 -0.00000		  0.00000
  0.00000		  0.00000
  0.00000		  0.00000
  0.00000		  0.00000
  0.00000		  0.00000
  0.00000		  0.00000
  0.00000		  0.00000
  0.00000		  0.00000
  0.00000		  0.00000
  0.00000		 -0.00000
  0.00000		 -0.00000
  0.00000		 -0.00000
  0.00000		 -0.00000
  0.00000		 -0.00000
  0.00000		 -0.00000
  0.00000		 -0.00000
 -0.00000		 -0.00000
 -0.00000		 -0.00000
 -0.00000		 -0.00000
 -0.00000		 -0.00000
 -0.00000		 -0.00000
 -0.00000		 -0.00000
 -0.00000		 -0.00000
 -0.00000		 -0.00000
 -0.00000		  0.00000
