  0.01256		  0.00165
  0.02356		 -0.00195
  0.02099		 -0.00641
  0.01767		 -0.00988
  0.01390		 -0.01227
  0.00998		 -0.01357
  0.00619		 -0.01383
  0.00278		 -0.01318
 -0.00007		 -0.01179
 -0.00220		 -0.00988
 -0.00355		 -0.00767
 -0.00409		 -0.00543
 -0.00391		 -0.00337
 -0.00309		 -0.00168
 -0.00182		 -0.00053
 -0.00029		 -0.00002
  0.00130		 -0.00018
  0.00272		 -0.00102
  0.00377		 -0.00241
  0.00427		 -0.00425
  0.00411		 -0.00636
  0.00321		 -0.00850
  0.00155		 -0.01048
 -0.00080		 -0.01206
 -0.00375		 -0.01303
 -0.00710		 -0.01322
 -0.01067		 -0.01250
 -0.01420		 -0.01081
 -0.01743		 -0.00815
 -0.02010		 -0.00458
 -0.02195		 -0.00023
 -0.02279		  0.00469
 -0.02247		  0.00994
 -0.02089		  0.01523
 -0.01803		  0.02024
 -0.01393		  0.02466
 -0.00875		  0.02820
 -0.00268		  0.03059
  0.00401		  0.03161
  0.01099		  0.03110
  0.01790		  0.02901
  0.02439		  0.02532
  0.03007		  0.02017
  0.03461		  0.01371
  0.03770		  0.00623
  0.03913		 -0.00194
  0.03873		 -0.01042
  0.03646		 -0.01881
  0.03232		 -0.02667
  0.02646		 -0.03357
  0.01911		 -0.03915
  0.01057		 -0.04309
  0.00122		 -0.04512
 -0.00850		 -0.04507
 -0.01812		 -0.04290
 -0.02719		 -0.03864
 -0.03524		 -0.03245
 -0.04185		 -0.02456
 -0.04666		 -0.01532
 -0.04941		 -0.00515
 -0.04991		  0.00549
 -0.04809		  0.01610
 -0.04400		  0.02616
 -0.03779		  0.03520
 -0.02971		  0.04275
 -0.02014		  0.04844
 -0.00948		  0.05196
  0.00175		  0.05313
  0.01304		  0.05185
  0.02385		  0.04816
  0.03368		  0.04222
  0.04203		  0.03427
  0.04852		  0.02469
  0.05282		  0.01389
  0.05472		  0.00240
  0.05410		 -0.00927
  0.05101		 -0.02056
  0.04556		 -0.03094
  0.03800		 -0.03992
  0.02869		 -0.04709
  0.01807		 -0.05210
  0.00662		 -0.05473
 -0.00512		 -0.05485
 -0.01661		 -0.05246
 -0.02730		 -0.04768
 -0.03670		 -0.04073
 -0.04439		 -0.03196
 -0.05002		 -0.02177
 -0.05333		 -0.01064
 -0.05418		  0.00089
 -0.05256		  0.01230
 -0.04855		  0.02305
 -0.04238		  0.03267
 -0.03432		  0.04069
 -0.02479		  0.04679
 -0.01423		  0.05069
 -0.00315		  0.05224
  0.00794		  0.05140
  0.01851		  0.04822
  0.02811		  0.04290
  0.03629		  0.03571
  0.04271		  0.02701
  0.04708		  0.01721
  0.04924		  0.00678
  0.04913		 -0.00376
  0.04679		 -0.01396
  0.04238		 -0.02334
  0.03612		 -0.03148
  0.02836		 -0.03803
  0.01945		 -0.04274
  0.00985		 -0.04540
  0.00001		 -0.04596
 -0.00961		 -0.04441
 -0.01859		 -0.04090
 -0.02652		 -0.03561
 -0.03305		 -0.02883
 -0.03794		 -0.02091
 -0.04098		 -0.01224
 -0.04210		 -0.00324
 -0.04127		  0.00567
 -0.03861		  0.01409
 -0.03426		  0.02165
 -0.02850		  0.02801
 -0.02160		  0.03293
 -0.01392		  0.03622
 -0.00585		  0.03777
  0.00225		  0.03757
  0.01001		  0.03568
  0.01706		  0.03224
  0.02312		  0.02744
  0.02794		  0.02156
  0.03135		  0.01490
  0.03322		  0.00779
  0.03353		  0.00057
  0.03232		 -0.00643
  0.02968		 -0.01291
  0.02580		 -0.01856
  0.02090		 -0.02317
  0.01522		 -0.02657
  0.00908		 -0.02864
  0.00275		 -0.02934
 -0.00346		 -0.02869
 -0.00927		 -0.02678
 -0.01444		 -0.02372
 -0.01876		 -0.01972
 -0.02205		 -0.01498
 -0.02421		 -0.00977
 -0.02520		 -0.00433
 -0.02500		  0.00108
 -0.02369		  0.00622
 -0.02137		  0.01086
 -0.01817		  0.01481
 -0.01431		  0.01792
 -0.00996		  0.02008
 -0.00535		  0.02125
 -0.00071		  0.02141
  0.00374		  0.02059
  0.00784		  0.01889
  0.01140		  0.01641
  0.01427		  0.01330
  0.01637		  0.00974
  0.01763		  0.00591
  0.01805		  0.00199
  0.01763		 -0.00183
  0.01643		 -0.00539
  0.01456		 -0.00854
  0.01211		 -0.01115
  0.00925		 -0.01313
  0.00610		 -0.01444
  0.00284		 -0.01503
 -0.00040		 -0.01491
 -0.00346		 -0.01413
 -0.00622		 -0.01276
 -0.00857		 -0.01088
 -0.01042		 -0.00861
 -0.01172		 -0.00606
 -0.01242		 -0.00335
 -0.01255		 -0.00063
 -0.01209		  0.00200
 -0.01113		  0.00441
 -0.00971		  0.00651
 -0.00792		  0.00822
 -0.00586		  0.00949
 -0.00364		  0.01029
 -0.00135		  0.01058
  0.00090		  0.01040
  0.00303		  0.00976
  0.00492		  0.00871
  0.00652		  0.00733
  0.00777		  0.00567
  0.00863		  0.00382
  0.00907		  0.00187
  0.00909		 -0.00009
  0.00872		 -0.00198
  0.00797		 -0.00372
  0.00689		 -0.00524
  0.00554		 -0.00649
  0.00399		 -0.00741
  0.00229		 -0.00798
  0.00054		 -0.00819
 -0.00119		 -0.00803
 -0.00283		 -0.00752
 -0.00432		 -0.00669
 -0.00559		 -0.00557
 -0.00659		 -0.00423
 -0.00730		 -0.00272
 -0.00766		 -0.00111
 -0.00769		  0.00054
 -0.00738		  0.00215
 -0.00674		  0.00365
 -0.00580		  0.00499
 -0.00461		  0.00610
 -0.00321		  0.00694
 -0.00167		  0.00747
 -0.00005		  0.00766
  0.00158		  0.00752
  0.00315		  0.00704
  0.00459		  0.00624
  0.00583		  0.00514
  0.00682		  0.00381
  0.00752		  0.00230
  0.00788		  0.00066
  0.00790		 -0.00104
  0.00755		 -0.00270
  0.00686		 -0.00428
  0.00584		 -0.00568
  0.00455		 -0.00684
  0.00302		 -0.00771
  0.00133		 -0.00825
 -0.00045		 -0.00842
 -0.00224		 -0.00820
 -0.00397		 -0.00761
 -0.00554		 -0.00666
 -0.00688		 -0.00538
 -0.00794		 -0.00384
 -0.00865		 -0.00209
 -0.00898		 -0.00020
 -0.00889		  0.00172
 -0.00840		  0.00359
 -0.00751		  0.00533
 -0.00626		  0.00685
 -0.00470		  0.00808
 -0.00290		  0.00896
 -0.00095		  0.00944
  0.00108		  0.00949
  0.00309		  0.00909
  0.00497		  0.00828
  0.00665		  0.00708
  0.00803		  0.00554
  0.00906		  0.00372
  0.00967		  0.00173
  0.00985		 -0.00037
  0.00957		 -0.00245
  0.00885		 -0.00443
  0.00772		 -0.00621
  0.00623		 -0.00770
  0.00445		 -0.00884
  0.00247		 -0.00957
  0.00039		 -0.00985
 -0.00170		 -0.00968
 -0.00369		 -0.00906
 -0.00550		 -0.00803
 -0.00703		 -0.00664
 -0.00822		 -0.00496
 -0.00901		 -0.00308
 -0.00937		 -0.00109
 -0.00928		  0.00091
 -0.00877		  0.00281
 -0.00787		  0.00455
 -0.00663		  0.00602
 -0.00512		  0.00717
 -0.00342		  0.00794
 -0.00162		  0.00831
  0.00017		  0.00828
  0.00187		  0.00786
  0.00340		  0.00709
  0.00469		  0.00603
  0.00568		  0.00475
  0.00633		  0.00332
  0.00663		  0.00183
  0.00658		  0.00037
  0.00622		 -0.00099
  0.00558		 -0.00217
  0.00472		 -0.00312
  0.00371		 -0.00380
  0.00263		 -0.00421
  0.00156		 -0.00431
  0.00056		 -0.00416
 -0.00031		 -0.00379
 -0.00098		 -0.00324
 -0.00144		 -0.00258
 -0.00165		 -0.00188
 -0.00164		 -0.00121
 -0.00142		 -0.00064
 -0.00104		 -0.00022
 -0.00055		 -0.00000
 -0.00003		  0.00000
  0.00047		 -0.00021
  0.00085		 -0.00064
  0.00107		 -0.00124
  0.00107		 -0.00196
  0.00080		 -0.00272
  0.00025		 -0.00344
 -0.00057		 -0.00403
 -0.00164		 -0.00443
 -0.00290		 -0.00454
 -0.00427		 -0.00431
 -0.00566		 -0.00368
 -0.00697		 -0.00265
 -0.00809		 -0.00122
 -0.00889		  0.00057
 -0.00929		  0.00264
 -0.00919		  0.00491
 -0.00853		  0.00725
 -0.00728		  0.00951
 -0.00544		  0.01156
 -0.00305		  0.01325
 -0.00018		  0.01441
  0.00304		  0.01495
  0.00648		  0.01474
  0.00996		  0.01373
  0.01329		  0.01189
  0.01627		  0.00924
  0.01871		  0.00585
  0.02043		  0.00183
  0.02126		 -0.00265
  0.02108		 -0.00740
  0.01983		 -0.01218
  0.01748		 -0.01676
  0.01407		 -0.02087
  0.00968		 -0.02427
  0.00448		 -0.02672
 -0.00133		 -0.02804
 -0.00749		 -0.02807
 -0.01372		 -0.02672
 -0.01970		 -0.02398
 -0.02511		 -0.01988
 -0.02966		 -0.01455
 -0.03305		 -0.00819
 -0.03505		 -0.00103
 -0.03548		  0.00661
 -0.03422		  0.01437
 -0.03124		  0.02189
 -0.02660		  0.02876
 -0.02043		  0.03464
 -0.01295		  0.03917
 -0.00447		  0.04206
  0.00465		  0.04309
  0.01400		  0.04212
  0.02314		  0.03910
  0.03160		  0.03408
  0.03896		  0.02721
  0.04481		  0.01874
  0.04879		  0.00901
  0.05064		 -0.00156
  0.05017		 -0.01251
  0.04732		 -0.02331
  0.04212		 -0.03345
  0.03474		 -0.04242
  0.02544		 -0.04974
  0.01459		 -0.05499
  0.00266		 -0.05786
 -0.00983		 -0.05812
 -0.02230		 -0.05567
 -0.03416		 -0.05052
 -0.04481		 -0.04284
 -0.05373		 -0.03290
 -0.06042		 -0.02110
 -0.06451		 -0.00795
 -0.06571		  0.00599
 -0.06389		  0.02007
 -0.05903		  0.03363
 -0.05129		  0.04602
 -0.04094		  0.05661
 -0.02840		  0.06487
 -0.01420		  0.07033
  0.00104		  0.07268
  0.01662		  0.07172
  0.03182		  0.06740
  0.04593		  0.05984
  0.05824		  0.04933
  0.06815		  0.03630
  0.07514		  0.02127
  0.07880		  0.00492
  0.07890		 -0.01201
  0.07535		 -0.02874
  0.06825		 -0.04451
  0.05784		 -0.05854
  0.04456		 -0.07014
  0.02897		 -0.07873
  0.01174		 -0.08386
 -0.00634		 -0.08521
 -0.02446		 -0.08265
 -0.04177		 -0.07625
 -0.05745		 -0.06622
 -0.07075		 -0.05297
 -0.08100		 -0.03708
 -0.08769		 -0.01922
 -0.09044		 -0.00021
 -0.08907		  0.01909
 -0.08360		  0.03779
 -0.07420		  0.05501
 -0.06127		  0.06994
 -0.04535		  0.08185
 -0.02715		  0.09016
 -0.00748		  0.09443
  0.01277		  0.09441
  0.03266		  0.09007
  0.05127		  0.08155
  0.06774		  0.06919
  0.08126		  0.05354
  0.09120		  0.03528
  0.09705		  0.01523
  0.09850		 -0.00569
  0.09547		 -0.02654
  0.08803		 -0.04635
  0.07652		 -0.06419
  0.06140		 -0.07923
  0.04338		 -0.09076
  0.02325		 -0.09821
  0.00192		 -0.10122
 -0.01963		 -0.09962
 -0.04039		 -0.09346
 -0.05943		 -0.08300
 -0.07584		 -0.06869
 -0.08887		 -0.05118
 -0.09789		 -0.03126
 -0.10249		 -0.00983
 -0.10242		  0.01212
 -0.09767		  0.03359
 -0.08846		  0.05359
 -0.07518		  0.07120
 -0.05846		  0.08559
 -0.03903		  0.09611
 -0.01780		  0.10226
  0.00427		  0.10376
  0.02616		  0.10053
  0.04687		  0.09272
  0.06544		  0.08068
  0.08103		  0.06497
  0.09292		  0.04632
  0.10056		  0.02557
  0.10362		  0.00369
  0.10195		 -0.01833
  0.09566		 -0.03947
  0.08502		 -0.05876
  0.07054		 -0.07533
  0.05290		 -0.08843
  0.03291		 -0.09745
  0.01149		 -0.10202
 -0.01036		 -0.10192
 -0.03163		 -0.09719
 -0.05138		 -0.08807
 -0.06869		 -0.07499
 -0.08278		 -0.05858
 -0.09304		 -0.03959
 -0.09900		 -0.01893
 -0.10044		  0.00247
 -0.09729		  0.02361
 -0.08976		  0.04352
 -0.07821		  0.06131
 -0.06319		  0.07618
 -0.04543		  0.08747
 -0.02576		  0.09470
 -0.00509		  0.09756
  0.01562		  0.09598
  0.03542		  0.09005
  0.05342		  0.08010
  0.06882		  0.06662
  0.08093		  0.05026
  0.08924		  0.03179
  0.09341		  0.01210
  0.09330		 -0.00792
  0.08896		 -0.02733
  0.08064		 -0.04527
  0.06877		 -0.06093
  0.05395		 -0.07362
  0.03687		 -0.08281
  0.01837		 -0.08812
 -0.00071		 -0.08936
 -0.01948		 -0.08654
 -0.03709		 -0.07984
 -0.05275		 -0.06963
 -0.06577		 -0.05642
 -0.07562		 -0.04088
 -0.08187		 -0.02373
 -0.08432		 -0.00580
 -0.08290		  0.01208
 -0.07776		  0.02911
 -0.06920		  0.04451
 -0.05765		  0.05762
 -0.04372		  0.06788
 -0.02808		  0.07486
 -0.01147		  0.07833
  0.00533		  0.07818
  0.02155		  0.07450
  0.03645		  0.06753
  0.04939		  0.05765
  0.05982		  0.04538
  0.06732		  0.03132
  0.07160		  0.01617
  0.07255		  0.00062
  0.07020		 -0.01458
  0.06473		 -0.02877
  0.05646		 -0.04132
  0.04585		 -0.05168
  0.03343		 -0.05945
  0.01982		 -0.06434
  0.00566		 -0.06619
 -0.00838		 -0.06500
 -0.02165		 -0.06090
 -0.03359		 -0.05417
 -0.04367		 -0.04517
 -0.05149		 -0.03439
 -0.05676		 -0.02237
 -0.05930		 -0.00969
 -0.05909		  0.00304
 -0.05622		  0.01525
 -0.05089		  0.02639
 -0.04343		  0.03598
 -0.03425		  0.04363
 -0.02383		  0.04906
 -0.01267		  0.05209
 -0.00133		  0.05266
  0.00968		  0.05083
  0.01987		  0.04677
  0.02878		  0.04074
  0.03607		  0.03308
  0.04145		  0.02422
  0.04475		  0.01460
  0.04590		  0.00469
  0.04493		 -0.00503
  0.04195		 -0.01414
  0.03721		 -0.02223
  0.03097		 -0.02897
  0.02361		 -0.03410
  0.01549		 -0.03747
  0.00704		 -0.03899
 -0.00135		 -0.03867
 -0.00929		 -0.03661
 -0.01642		 -0.03299
 -0.02246		 -0.02805
 -0.02718		 -0.02208
 -0.03042		 -0.01540
 -0.03211		 -0.00838
 -0.03225		 -0.00135
 -0.03091		  0.00536
 -0.02824		  0.01145
 -0.02443		  0.01666
 -0.01973		  0.02080
 -0.01441		  0.02375
 -0.00876		  0.02542
 -0.00307		  0.02582
  0.00238		  0.02501
  0.00736		  0.02310
  0.01165		  0.02026
  0.01509		  0.01669
  0.01758		  0.01260
  0.01906		  0.00825
  0.01954		  0.00386
  0.01906		 -0.00035
  0.01773		 -0.00418
  0.01568		 -0.00748
  0.01307		 -0.01012
  0.01010		 -0.01202
  0.00694		 -0.01316
  0.00377		 -0.01353
  0.00077		 -0.01321
 -0.00192		 -0.01227
 -0.00418		 -0.01083
 -0.00594		 -0.00903
 -0.00715		 -0.00701
 -0.00781		 -0.00492
 -0.00793		 -0.00288
 -0.00759		 -0.00103
 -0.00687		  0.00054
 -0.00586		  0.00176
 -0.00469		  0.00259
 -0.00346		  0.00303
 -0.00230		  0.00309
 -0.00128		  0.00283
 -0.00050		  0.00232
  0.00000		  0.00164
  0.00020		  0.00089
  0.00008		  0.00018
 -0.00031		 -0.00041
 -0.00092		 -0.00080
 -0.00168		 -0.00092
 -0.00250		 -0.00074
 -0.00329		 -0.00025
 -0.00394		  0.00055
 -0.00437		  0.00160
 -0.00449		  0.00285
 -0.00426		  0.00420
 -0.00363		  0.00555
 -0.00260		  0.00680
 -0.00120		  0.00783
  0.00053		  0.00853
  0.00249		  0.00883
  0.00460		  0.00865
  0.00672		  0.00794
  0.00873		  0.00671
  0.01049		  0.00496
  0.01188		  0.00276
  0.01278		  0.00019
  0.01310		 -0.00264
  0.01276		 -0.00558
  0.01175		 -0.00848
  0.01005		 -0.01119
  0.00773		 -0.01355
  0.00485		 -0.01539
  0.00152		 -0.01660
 -0.00209		 -0.01706
 -0.00583		 -0.01673
 -0.00951		 -0.01555
 -0.01294		 -0.01355
 -0.01592		 -0.01078
 -0.01830		 -0.00735
 -0.01991		 -0.00338
 -0.02065		  0.00094
 -0.02044		  0.00541
 -0.01924		  0.00983
 -0.01707		  0.01397
 -0.01401		  0.01761
 -0.01015		  0.02057
 -0.00567		  0.02268
 -0.00075		  0.02379
  0.00438		  0.02382
  0.00949		  0.02273
  0.01432		  0.02053
  0.01863		  0.01730
  0.02221		  0.01316
  0.02485		  0.00828
  0.02641		  0.00287
  0.02679		 -0.00283
  0.02592		 -0.00855
  0.02382		 -0.01403
  0.02056		 -0.01899
  0.01627		 -0.02319
  0.01112		 -0.02642
  0.00532		 -0.02850
 -0.00084		 -0.02930
 -0.00710		 -0.02875
 -0.01317		 -0.02687
 -0.01874		 -0.02370
 -0.02356		 -0.01938
 -0.02739		 -0.01408
 -0.03002		 -0.00803
 -0.03131		 -0.00150
 -0.03118		  0.00521
 -0.02961		  0.01179
 -0.02665		  0.01793
 -0.02241		  0.02335
 -0.01709		  0.02777
 -0.01089		  0.03098
 -0.00411		  0.03281
  0.00295		  0.03315
  0.00997		  0.03198
  0.01662		  0.02932
  0.02259		  0.02529
  0.02759		  0.02004
  0.03139		  0.01382
  0.03378		  0.00690
  0.03466		 -0.00042
  0.03395		 -0.00779
  0.03168		 -0.01487
  0.02794		 -0.02135
  0.02289		 -0.02690
  0.01674		 -0.03127
  0.00978		 -0.03425
  0.00231		 -0.03568
 -0.00532		 -0.03550
 -0.01277		 -0.03369
 -0.01968		 -0.03032
 -0.02575		 -0.02555
 -0.03067		 -0.01958
 -0.03423		 -0.01268
 -0.03624		 -0.00515
 -0.03662		  0.00265
 -0.03532		  0.01037
 -0.03240		  0.01766
 -0.02799		  0.02418
 -0.02228		  0.02963
 -0.01554		  0.03375
 -0.00805		  0.03635
 -0.00017		  0.03730
  0.00775		  0.03655
  0.01535		  0.03414
  0.02226		  0.03016
  0.02819		  0.02480
  0.03285		  0.01829
  0.03602		  0.01093
  0.03756		  0.00305
  0.03740		 -0.00498
  0.03553		 -0.01280
  0.03204		 -0.02005
  0.02709		 -0.02640
  0.02090		 -0.03156
  0.01374		 -0.03529
  0.00596		 -0.03742
 -0.00211		 -0.03785
 -0.01008		 -0.03655
 -0.01760		 -0.03360
 -0.02432		 -0.02911
 -0.02994		 -0.02330
 -0.03419		 -0.01643
 -0.03689		 -0.00881
 -0.03791		 -0.00080
 -0.03721		  0.00725
 -0.03481		  0.01496
 -0.03084		  0.02198
 -0.02547		  0.02800
 -0.01895		  0.03274
 -0.01157		  0.03599
 -0.00369		  0.03759
  0.00436		  0.03749
  0.01219		  0.03568
  0.01945		  0.03225
  0.02581		  0.02737
  0.03098		  0.02126
  0.03474		  0.01419
  0.03691		  0.00650
  0.03739		 -0.00146
  0.03618		 -0.00933
  0.03333		 -0.01676
  0.02897		 -0.02340
  0.02331		 -0.02895
  0.01662		 -0.03317
  0.00920		 -0.03587
  0.00139		 -0.03693
 -0.00645		 -0.03631
 -0.01396		 -0.03404
 -0.02081		 -0.03024
 -0.02667		 -0.02509
 -0.03130		 -0.01882
 -0.03449		 -0.01173
 -0.03610		 -0.00415
 -0.03606		  0.00358
 -0.03438		  0.01111
 -0.03115		  0.01809
 -0.02653		  0.02420
 -0.02074		  0.02918
 -0.01404		  0.03280
 -0.00675		  0.03492
  0.00079		  0.03543
  0.00825		  0.03434
  0.01528		  0.03169
  0.02157		  0.02763
  0.02683		  0.02235
  0.03083		  0.01609
  0.03340		  0.00916
  0.03444		  0.00187
  0.03391		 -0.00544
  0.03184		 -0.01245
  0.02836		 -0.01882
  0.02361		 -0.02429
  0.01785		 -0.02860
  0.01133		 -0.03158
  0.00436		 -0.03310
 -0.00274		 -0.03310
 -0.00964		 -0.03160
 -0.01602		 -0.02869
 -0.02162		 -0.02451
 -0.02617		 -0.01926
 -0.02949		 -0.01320
 -0.03143		 -0.00662
 -0.03192		  0.00019
 -0.03097		  0.00690
 -0.02862		  0.01322
 -0.02501		  0.01886
 -0.02031		  0.02357
 -0.01476		  0.02716
 -0.00861		  0.02946
 -0.00216		  0.03040
  0.00430		  0.02995
  0.01047		  0.02815
  0.01608		  0.02511
  0.02087		  0.02097
  0.02464		  0.01595
  0.02725		  0.01028
  0.02857		  0.00425
  0.02859		 -0.00189
  0.02731		 -0.00783
  0.02481		 -0.01332
  0.02124		 -0.01812
  0.01677		 -0.02201
  0.01162		 -0.02483
  0.00604		 -0.02648
  0.00029		 -0.02690
 -0.00536		 -0.02610
 -0.01066		 -0.02413
 -0.01538		 -0.02111
 -0.01930		 -0.01720
 -0.02227		 -0.01259
 -0.02417		 -0.00750
 -0.02494		 -0.00219
 -0.02457		  0.00311
 -0.02309		  0.00815
 -0.02060		  0.01271
 -0.01724		  0.01659
 -0.01318		  0.01963
 -0.00861		  0.02172
 -0.00377		  0.02277
  0.00112		  0.02276
  0.00585		  0.02173
  0.01018		  0.01974
  0.01395		  0.01691
  0.01698		  0.01339
  0.01917		  0.00936
  0.02043		  0.00502
  0.02073		  0.00057
  0.02009		 -0.00378
  0.01856		 -0.00784
  0.01623		 -0.01142
  0.01324		 -0.01437
  0.00974		 -0.01659
  0.00591		 -0.01799
  0.00194		 -0.01854
 -0.00200		 -0.01822
 -0.00572		 -0.01710
 -0.00906		 -0.01524
 -0.01187		 -0.01275
 -0.01406		 -0.00977
 -0.01553		 -0.00646
 -0.01624		 -0.00297
 -0.01620		  0.00053
 -0.01542		  0.00387
 -0.01398		  0.00692
 -0.01196		  0.00953
 -0.00947		  0.01161
 -0.00666		  0.01309
 -0.00366		  0.01391
 -0.00062		  0.01407
  0.00232		  0.01358
  0.00504		  0.01250
  0.00740		  0.01090
  0.00932		  0.00888
  0.01074		  0.00655
  0.01160		  0.00403
  0.01190		  0.00144
  0.01164		 -0.00108
  0.01086		 -0.00343
  0.00963		 -0.00551
  0.00803		 -0.00723
  0.00614		 -0.00853
  0.00408		 -0.00937
  0.00195		 -0.00974
 -0.00016		 -0.00965
 -0.00213		 -0.00912
 -0.00389		 -0.00820
 -0.00537		 -0.00697
 -0.00651		 -0.00549
 -0.00728		 -0.00386
 -0.00766		 -0.00215
 -0.00767		 -0.00047
 -0.00732		  0.00113
 -0.00667		  0.00256
 -0.00575		  0.00376
 -0.00463		  0.00471
 -0.00339		  0.00536
 -0.00209		  0.00571
 -0.00080		  0.00576
  0.00042		  0.00554
  0.00151		  0.00508
  0.00243		  0.00442
  0.00315		  0.00362
  0.00365		  0.00272
  0.00392		  0.00178
  0.00397		  0.00086
  0.00382		  0.00000
  0.00350		 -0.00076
  0.00305		 -0.00138
  0.00250		 -0.00186
  0.00190		 -0.00218
  0.00129		 -0.00233
  0.00070		 -0.00233
  0.00017		 -0.00221
 -0.00027		 -0.00198
 -0.00061		 -0.00167
 -0.00084		 -0.00133
 -0.00095		 -0.00097
 -0.00097		 -0.00063
 -0.00089		 -0.00034
 -0.00075		 -0.00012
 -0.00056		  0.00003
 -0.00035		  0.00010
 -0.00016		  0.00008
  0.00001		 -0.00001
  0.00012		 -0.00015
  0.00016		 -0.00034
  0.00012		 -0.00054
  0.00001		 -0.00072
 -0.00018		 -0.00088
 -0.00042		 -0.00097
 -0.00071		 -0.00099
 -0.00103		 -0.00093
 -0.00134		 -0.00077
 -0.00161		 -0.00051
 -0.00183		 -0.00017
 -0.00197		  0.00024
 -0.00201		  0.00070
 -0.00194		  0.00118
 -0.00174		  0.00165
 -0.00142		  0.00209
 -0.00100		  0.00247
 -0.00047		  0.00274
  0.00013		  0.00290
  0.00077		  0.00292
  0.00142		  0.00280
  0.00205		  0.00252
  0.00262		  0.00209
  0.00309		  0.00153
  0.00345		  0.00087
  0.00365		  0.00012
  0.00368		 -0.00067
  0.00354		 -0.00147
  0.00321		 -0.00223
  0.00272		 -0.00292
  0.00208		 -0.00350
  0.00132		 -0.00393
  0.00046		 -0.00419
 -0.00044		 -0.00426
 -0.00135		 -0.00413
 -0.00223		 -0.00380
 -0.00302		 -0.00329
 -0.00369		 -0.00260
 -0.00421		 -0.00178
 -0.00453		 -0.00086
 -0.00465		  0.00012
 -0.00456		  0.00112
 -0.00425		  0.00207
 -0.00374		  0.00295
 -0.00305		  0.00370
 -0.00221		  0.00428
 -0.00126		  0.00468
 -0.00024		  0.00486
  0.00079		  0.00482
  0.00180		  0.00455
  0.00273		  0.00407
  0.00354		  0.00341
  0.00418		  0.00259
  0.00464		  0.00164
  0.00488		  0.00062
  0.00489		 -0.00042
  0.00469		 -0.00145
  0.00427		 -0.00240
  0.00365		 -0.00325
  0.00287		 -0.00393
  0.00197		 -0.00444
  0.00098		 -0.00473
 -0.00005		 -0.00481
 -0.00106		 -0.00466
 -0.00201		 -0.00431
 -0.00286		 -0.00376
 -0.00357		 -0.00305
 -0.00410		 -0.00221
 -0.00444		 -0.00128
 -0.00457		 -0.00030
 -0.00449		  0.00066
 -0.00421		  0.00158
 -0.00374		  0.00241
 -0.00311		  0.00312
 -0.00235		  0.00366
 -0.00150		  0.00403
 -0.00061		  0.00420
  0.00029		  0.00418
  0.00116		  0.00397
  0.00194		  0.00358
  0.00262		  0.00305
  0.00316		  0.00239
  0.00353		  0.00164
  0.00374		  0.00084
  0.00376		  0.00002
  0.00362		 -0.00076
  0.00331		 -0.00148
  0.00287		 -0.00211
  0.00231		 -0.00261
  0.00167		 -0.00298
  0.00098		 -0.00320
  0.00027		 -0.00326
 -0.00041		 -0.00317
 -0.00105		 -0.00293
 -0.00161		 -0.00258
 -0.00206		 -0.00213
 -0.00240		 -0.00160
 -0.00261		 -0.00102
 -0.00269		 -0.00043
 -0.00264		  0.00014
 -0.00248		  0.00068
 -0.00220		  0.00115
 -0.00185		  0.00154
 -0.00143		  0.00183
 -0.00098		  0.00202
 -0.00051		  0.00210
 -0.00005		  0.00208
  0.00038		  0.00196
  0.00075		  0.00176
  0.00106		  0.00149
  0.00129		  0.00118
  0.00144		  0.00084
  0.00150		  0.00049
  0.00149		  0.00015
  0.00140		 -0.00016
  0.00126		 -0.00043
  0.00107		 -0.00064
  0.00085		 -0.00080
  0.00061		 -0.00089
  0.00038		 -0.00092
  0.00016		 -0.00090
 -0.00003		 -0.00083
 -0.00019		 -0.00073
 -0.00030		 -0.00060
 -0.00037		 -0.00046
 -0.00040		 -0.00032
 -0.00039		 -0.00020
 -0.00034		 -0.00009
 -0.00028		 -0.00001
 -0.00019		  0.00003
 -0.00011		  0.00004
 -0.00004		  0.00002
  0.00002		 -0.00002
  0.00006		 -0.00009
  0.00006		 -0.00017
  0.00003		 -0.00026
 -0.00003		 -0.00033
 -0.00012		 -0.00039
 -0.00024		 -0.00042
 -0.00037		 -0.00041
 -0.00051		 -0.00036
 -0.00064		 -0.00027
 -0.00075		 -0.00015
 -0.00083		  0.00002
 -0.00088		  0.00021
 -0.00087		  0.00042
 -0.00082		  0.00063
 -0.00071		  0.00084
 -0.00054		  0.00103
 -0.00033		  0.00119
 -0.00007		  0.00129
  0.00021		  0.00134
  0.00051		  0.00132
  0.00082		  0.00124
  0.00110		  0.00108
  0.00136		  0.00085
  0.00156		  0.00056
  0.00170		  0.00023
  0.00177		 -0.00014
  0.00175		 -0.00053
  0.00165		 -0.00092
  0.00146		 -0.00128
  0.00119		 -0.00160
  0.00084		 -0.00187
  0.00044		 -0.00205
 -0.00001		 -0.00215
 -0.00047		 -0.00215
 -0.00094		 -0.00204
 -0.00138		 -0.00184
 -0.00177		 -0.00154
 -0.00210		 -0.00115
 -0.00234		 -0.00069
 -0.00248		 -0.00018
 -0.00250		  0.00035
 -0.00241		  0.00089
 -0.00221		  0.00141
 -0.00189		  0.00187
 -0.00147		  0.00226
 -0.00097		  0.00256
 -0.00041		  0.00275
  0.00018		  0.00281
  0.00078		  0.00274
  0.00136		  0.00255
  0.00189		  0.00223
  0.00235		  0.00180
  0.00271		  0.00127
  0.00295		  0.00068
  0.00306		  0.00004
  0.00303		 -0.00062
  0.00286		 -0.00125
  0.00255		 -0.00185
  0.00212		 -0.00237
  0.00158		 -0.00279
  0.00096		 -0.00309
  0.00029		 -0.00325
 -0.00041		 -0.00326
 -0.00109		 -0.00312
 -0.00174		 -0.00284
 -0.00232		 -0.00242
 -0.00280		 -0.00189
 -0.00316		 -0.00126
 -0.00337		 -0.00057
 -0.00343		  0.00016
 -0.00334		  0.00089
 -0.00309		  0.00159
 -0.00270		  0.00221
 -0.00218		  0.00275
 -0.00155		  0.00316
 -0.00085		  0.00343
 -0.00011		  0.00355
  0.00065		  0.00350
  0.00138		  0.00329
  0.00205		  0.00293
  0.00264		  0.00244
  0.00310		  0.00183
  0.00343		  0.00113
  0.00360		  0.00038
  0.00360		 -0.00039
  0.00345		 -0.00114
  0.00313		 -0.00185
  0.00267		 -0.00248
  0.00209		 -0.00299
  0.00141		 -0.00337
  0.00066		 -0.00359
 -0.00011		 -0.00365
 -0.00088		 -0.00355
 -0.00161		 -0.00328
 -0.00227		 -0.00286
 -0.00283		 -0.00231
 -0.00325		 -0.00166
 -0.00353		 -0.00094
 -0.00364		 -0.00017
 -0.00359		  0.00061
 -0.00338		  0.00135
 -0.00301		  0.00203
 -0.00251		  0.00262
 -0.00189		  0.00309
 -0.00119		  0.00341
 -0.00044		  0.00358
  0.00033		  0.00358
  0.00107		  0.00342
  0.00177		  0.00311
  0.00238		  0.00265
  0.00288		  0.00208
  0.00325		  0.00142
  0.00346		  0.00070
  0.00352		 -0.00005
  0.00342		 -0.00079
  0.00316		 -0.00149
  0.00276		 -0.00212
  0.00224		 -0.00264
  0.00162		 -0.00305
  0.00094		 -0.00331
  0.00021		 -0.00341
 -0.00051		 -0.00337
 -0.00121		 -0.00317
 -0.00184		 -0.00283
 -0.00239		 -0.00236
 -0.00282		 -0.00179
 -0.00311		 -0.00115
 -0.00327		 -0.00046
 -0.00327		  0.00024
 -0.00313		  0.00093
 -0.00285		  0.00156
 -0.00244		  0.00211
 -0.00192		  0.00256
 -0.00133		  0.00290
 -0.00068		  0.00309
 -0.00001		  0.00314
  0.00065		  0.00305
  0.00128		  0.00283
  0.00183		  0.00247
  0.00230		  0.00202
  0.00266		  0.00147
  0.00289		  0.00087
  0.00298		  0.00024
  0.00294		 -0.00040
  0.00277		 -0.00100
  0.00248		 -0.00156
  0.00207		 -0.00203
  0.00158		 -0.00240
  0.00103		 -0.00266
  0.00044		 -0.00280
 -0.00016		 -0.00280
 -0.00075		 -0.00268
 -0.00128		 -0.00244
 -0.00176		 -0.00210
 -0.00214		 -0.00166
 -0.00242		 -0.00116
 -0.00259		 -0.00061
 -0.00264		 -0.00005
 -0.00256		  0.00050
 -0.00238		  0.00103
 -0.00208		  0.00149
 -0.00170		  0.00188
 -0.00126		  0.00218
 -0.00076		  0.00237
 -0.00024		  0.00245
  0.00029		  0.00242
  0.00078		  0.00228
  0.00124		  0.00204
  0.00162		  0.00171
  0.00193		  0.00132
  0.00214		  0.00087
  0.00225		  0.00039
  0.00225		 -0.00009
  0.00216		 -0.00056
  0.00196		 -0.00099
  0.00169		 -0.00137
  0.00134		 -0.00167
  0.00095		 -0.00190
  0.00052		 -0.00203
  0.00007		 -0.00206
 -0.00036		 -0.00200
 -0.00077		 -0.00186
 -0.00113		 -0.00163
 -0.00142		 -0.00133
 -0.00165		 -0.00099
 -0.00179		 -0.00061
 -0.00185		 -0.00021
 -0.00182		  0.00019
 -0.00172		  0.00056
 -0.00153		  0.00089
 -0.00129		  0.00118
 -0.00099		  0.00140
 -0.00066		  0.00155
 -0.00031		  0.00162
  0.00004		  0.00162
  0.00037		  0.00154
  0.00068		  0.00140
  0.00094		  0.00120
  0.00115		  0.00095
  0.00129		  0.00067
  0.00137		  0.00037
  0.00139		  0.00007
  0.00134		 -0.00022
  0.00123		 -0.00048
  0.00107		 -0.00071
  0.00087		 -0.00090
  0.00064		 -0.00103
  0.00040		 -0.00111
  0.00015		 -0.00113
 -0.00009		 -0.00110
 -0.00031		 -0.00102
 -0.00050		 -0.00090
 -0.00066		 -0.00074
 -0.00077		 -0.00056
 -0.00083		 -0.00037
 -0.00085		 -0.00018
 -0.00083		  0.00001
 -0.00077		  0.00017
 -0.00068		  0.00032
 -0.00056		  0.00043
 -0.00043		  0.00051
 -0.00030		  0.00055
 -0.00016		  0.00056
 -0.00004		  0.00054
  0.00007		  0.00049
  0.00016		  0.00042
  0.00022		  0.00034
  0.00025		  0.00025
  0.00026		  0.00017
  0.00025		  0.00009
  0.00021		  0.00003
  0.00017		 -0.00001
  0.00011		 -0.00003
  0.00006		 -0.00003
  0.00002		 -0.00001
 -0.00002		  0.00002
 -0.00003		  0.00007
 -0.00003		  0.00013
 -0.00000		  0.00018
  0.00005		  0.00023
  0.00012		  0.00026
  0.00020		  0.00027
  0.00029		  0.00026
  0.00039		  0.00022
  0.00048		  0.00015
  0.00055		  0.00005
  0.00060		 -0.00008
  0.00063		 -0.00022
  0.00061		 -0.00038
  0.00056		 -0.00054
  0.00046		 -0.00069
  0.00033		 -0.00083
  0.00015		 -0.00094
 -0.00005		 -0.00101
 -0.00028		 -0.00103
 -0.00052		 -0.00100
 -0.00075		 -0.00091
 -0.00098		 -0.00077
 -0.00117		 -0.00057
 -0.00132		 -0.00032
 -0.00142		 -0.00004
 -0.00146		  0.00028
 -0.00142		  0.00060
 -0.00131		  0.00093
 -0.00113		  0.00123
 -0.00087		  0.00149
 -0.00056		  0.00170
 -0.00019		  0.00185
  0.00021		  0.00191
  0.00063		  0.00188
  0.00105		  0.00175
  0.00144		  0.00154
  0.00178		  0.00124
  0.00206		  0.00085
  0.00226		  0.00041
  0.00236		 -0.00008
  0.00235		 -0.00060
  0.00223		 -0.00111
  0.00199		 -0.00160
  0.00165		 -0.00203
  0.00121		 -0.00239
  0.00069		 -0.00266
  0.00012		 -0.00281
 -0.00049		 -0.00283
 -0.00110		 -0.00272
 -0.00169		 -0.00248
 -0.00222		 -0.00211
 -0.00268		 -0.00162
 -0.00302		 -0.00104
 -0.00323		 -0.00039
 -0.00330		  0.00031
 -0.00322		  0.00103
 -0.00299		  0.00172
 -0.00260		  0.00235
 -0.00208		  0.00290
 -0.00144		  0.00333
 -0.00072		  0.00363
  0.00007		  0.00376
  0.00088		  0.00372
  0.00167		  0.00350
  0.00241		  0.00312
  0.00306		  0.00258
  0.00359		  0.00190
  0.00397		  0.00111
  0.00418		  0.00024
  0.00419		 -0.00065
  0.00401		 -0.00155
  0.00364		 -0.00240
  0.00309		 -0.00315
  0.00238		 -0.00379
  0.00155		 -0.00426
  0.00062		 -0.00455
 -0.00036		 -0.00463
 -0.00135		 -0.00450
 -0.00230		 -0.00416
 -0.00316		 -0.00362
 -0.00390		 -0.00290
 -0.00447		 -0.00203
 -0.00485		 -0.00104
 -0.00502		  0.00001
 -0.00495		  0.00108
 -0.00465		  0.00213
 -0.00414		  0.00309
 -0.00342		  0.00394
 -0.00253		  0.00461
 -0.00151		  0.00509
 -0.00040		  0.00534
  0.00074		  0.00535
  0.00188		  0.00511
  0.00294		  0.00463
  0.00388		  0.00394
  0.00466		  0.00305
  0.00524		  0.00200
  0.00559		  0.00085
  0.00568		 -0.00035
  0.00551		 -0.00156
  0.00509		 -0.00271
  0.00443		 -0.00375
  0.00356		 -0.00463
  0.00251		 -0.00531
  0.00134		 -0.00575
  0.00009		 -0.00594
 -0.00118		 -0.00585
 -0.00240		 -0.00550
 -0.00353		 -0.00489
 -0.00450		 -0.00405
 -0.00528		 -0.00301
 -0.00582		 -0.00183
 -0.00610		 -0.00056
 -0.00611		  0.00075
 -0.00583		  0.00203
 -0.00529		  0.00323
 -0.00449		  0.00429
 -0.00349		  0.00516
 -0.00233		  0.00580
 -0.00105		  0.00618
  0.00028		  0.00627
  0.00161		  0.00608
  0.00287		  0.00561
  0.00400		  0.00489
  0.00495		  0.00394
  0.00568		  0.00280
  0.00615		  0.00154
  0.00634		  0.00020
  0.00624		 -0.00115
  0.00586		 -0.00245
  0.00521		 -0.00363
  0.00432		 -0.00465
  0.00324		 -0.00546
  0.00201		 -0.00602
  0.00069		 -0.00631
 -0.00067		 -0.00631
 -0.00198		 -0.00602
 -0.00321		 -0.00545
 -0.00429		 -0.00464
 -0.00516		 -0.00362
 -0.00580		 -0.00244
 -0.00618		 -0.00116
 -0.00627		  0.00018
 -0.00607		  0.00150
 -0.00560		  0.00274
 -0.00488		  0.00386
 -0.00394		  0.00479
 -0.00283		  0.00549
 -0.00159		  0.00595
 -0.00030		  0.00612
  0.00100		  0.00602
  0.00225		  0.00565
  0.00338		  0.00502
  0.00435		  0.00417
  0.00510		  0.00314
  0.00562		  0.00198
  0.00588		  0.00074
  0.00587		 -0.00052
  0.00560		 -0.00174
  0.00507		 -0.00287
  0.00432		 -0.00385
  0.00338		 -0.00465
  0.00230		 -0.00522
  0.00113		 -0.00555
 -0.00007		 -0.00563
 -0.00125		 -0.00544
 -0.00235		 -0.00501
 -0.00333		 -0.00436
 -0.00415		 -0.00353
 -0.00476		 -0.00255
 -0.00514		 -0.00147
 -0.00529		 -0.00034
 -0.00519		  0.00078
 -0.00486		  0.00184
 -0.00431		  0.00280
 -0.00358		  0.00361
 -0.00271		  0.00424
 -0.00173		  0.00467
 -0.00069		  0.00487
  0.00035		  0.00485
  0.00135		  0.00461
  0.00227		  0.00416
  0.00306		  0.00354
  0.00369		  0.00278
  0.00414		  0.00191
  0.00439		  0.00097
  0.00443		  0.00002
  0.00427		 -0.00091
  0.00392		 -0.00176
  0.00341		 -0.00252
  0.00275		 -0.00313
  0.00200		 -0.00358
  0.00117		 -0.00386
  0.00032		 -0.00395
 -0.00051		 -0.00386
 -0.00130		 -0.00360
 -0.00199		 -0.00319
 -0.00257		 -0.00264
 -0.00301		 -0.00200
 -0.00330		 -0.00129
 -0.00343		 -0.00055
 -0.00339		  0.00019
 -0.00321		  0.00088
 -0.00288		  0.00151
 -0.00244		  0.00204
 -0.00191		  0.00245
 -0.00131		  0.00273
 -0.00069		  0.00288
 -0.00006		  0.00288
  0.00054		  0.00276
  0.00108		  0.00251
  0.00154		  0.00217
  0.00191		  0.00174
  0.00217		  0.00126
  0.00231		  0.00074
  0.00234		  0.00023
  0.00227		 -0.00026
  0.00209		 -0.00071
  0.00182		 -0.00110
  0.00149		 -0.00141
  0.00112		 -0.00163
  0.00072		 -0.00176
  0.00032		 -0.00180
 -0.00007		 -0.00175
 -0.00042		 -0.00162
 -0.00072		 -0.00143
 -0.00096		 -0.00119
 -0.00113		 -0.00091
 -0.00123		 -0.00062
 -0.00126		 -0.00032
 -0.00123		 -0.00005
 -0.00113		  0.00020
 -0.00100		  0.00041
 -0.00083		  0.00057
 -0.00064		  0.00068
 -0.00044		  0.00074
 -0.00025		  0.00075
 -0.00008		  0.00071
  0.00006		  0.00064
  0.00018		  0.00055
  0.00025		  0.00043
  0.00029		  0.00032
  0.00030		  0.00021
  0.00027		  0.00012
  0.00022		  0.00004
  0.00016		 -0.00000
  0.00009		 -0.00002
  0.00002		 -0.00001
 -0.00004		  0.00003
 -0.00007		  0.00008
 -0.00008		  0.00016
 -0.00006		  0.00023
 -0.00002		  0.00030
  0.00006		  0.00036
  0.00016		  0.00040
  0.00027		  0.00041
  0.00040		  0.00039
  0.00052		  0.00033
  0.00063		  0.00023
  0.00073		  0.00010
  0.00079		 -0.00007
  0.00081		 -0.00025
  0.00079		 -0.00044
  0.00072		 -0.00064
  0.00060		 -0.00082
  0.00044		 -0.00098
  0.00023		 -0.00110
 -0.00001		 -0.00118
 -0.00027		 -0.00120
 -0.00054		 -0.00116
 -0.00080		 -0.00106
 -0.00105		 -0.00090
 -0.00126		 -0.00068
 -0.00142		 -0.00042
 -0.00152		 -0.00011
 -0.00156		  0.00022
 -0.00152		  0.00056
 -0.00140		  0.00090
 -0.00121		  0.00120
 -0.00095		  0.00147
 -0.00063		  0.00167
 -0.00027		  0.00181
  0.00012		  0.00187
  0.00053		  0.00183
  0.00092		  0.00171
  0.00129		  0.00151
  0.00161		  0.00122
  0.00186		  0.00087
  0.00204		  0.00046
  0.00212		  0.00002
  0.00211		 -0.00043
  0.00200		 -0.00088
  0.00179		 -0.00130
  0.00149		 -0.00167
  0.00112		 -0.00198
  0.00068		 -0.00220
  0.00020		 -0.00232
 -0.00030		 -0.00233
 -0.00079		 -0.00224
 -0.00126		 -0.00204
 -0.00168		 -0.00174
 -0.00203		 -0.00136
 -0.00229		 -0.00091
 -0.00245		 -0.00041
 -0.00250		  0.00012
 -0.00243		  0.00065
 -0.00225		  0.00116
 -0.00197		  0.00162
 -0.00159		  0.00201
 -0.00113		  0.00232
 -0.00062		  0.00252
 -0.00007		  0.00260
  0.00048		  0.00257
  0.00102		  0.00242
  0.00151		  0.00215
  0.00194		  0.00179
  0.00228		  0.00134
  0.00252		  0.00083
  0.00265		  0.00028
  0.00265		 -0.00029
  0.00253		 -0.00085
  0.00230		 -0.00136
  0.00196		 -0.00182
  0.00153		 -0.00219
  0.00103		 -0.00247
  0.00048		 -0.00263
 -0.00009		 -0.00267
 -0.00065		 -0.00259
 -0.00118		 -0.00239
 -0.00166		 -0.00208
 -0.00206		 -0.00168
 -0.00236		 -0.00120
 -0.00256		 -0.00067
 -0.00263		 -0.00012
 -0.00259		  0.00044
 -0.00243		  0.00098
 -0.00216		  0.00146
 -0.00179		  0.00188
 -0.00135		  0.00221
 -0.00084		  0.00243
 -0.00031		  0.00254
  0.00024		  0.00254
  0.00076		  0.00242
  0.00125		  0.00219
  0.00168		  0.00186
  0.00202		  0.00145
  0.00227		  0.00099
  0.00241		  0.00048
  0.00243		 -0.00004
  0.00235		 -0.00055
  0.00217		 -0.00103
  0.00188		 -0.00145
  0.00152		 -0.00180
  0.00109		 -0.00206
  0.00063		 -0.00223
  0.00014		 -0.00229
 -0.00035		 -0.00224
 -0.00080		 -0.00210
 -0.00122		 -0.00186
 -0.00157		 -0.00154
 -0.00184		 -0.00116
 -0.00202		 -0.00074
 -0.00211		 -0.00029
 -0.00209		  0.00016
 -0.00199		  0.00059
 -0.00179		  0.00099
 -0.00152		  0.00133
 -0.00119		  0.00160
 -0.00082		  0.00179
 -0.00041		  0.00190
 -0.00000		  0.00191
  0.00040		  0.00184
  0.00077		  0.00169
  0.00109		  0.00147
  0.00135		  0.00118
  0.00155		  0.00085
  0.00167		  0.00050
  0.00170		  0.00013
  0.00166		 -0.00023
  0.00155		 -0.00057
  0.00137		 -0.00086
  0.00113		 -0.00111
  0.00086		 -0.00130
  0.00055		 -0.00143
  0.00023		 -0.00148
 -0.00009		 -0.00147
 -0.00039		 -0.00138
 -0.00066		 -0.00124
 -0.00089		 -0.00105
 -0.00107		 -0.00082
 -0.00119		 -0.00056
 -0.00125		 -0.00029
 -0.00125		 -0.00002
 -0.00120		  0.00024
 -0.00109		  0.00048
 -0.00094		  0.00068
 -0.00076		  0.00084
 -0.00055		  0.00096
 -0.00032		  0.00102
 -0.00010		  0.00104
  0.00012		  0.00100
  0.00032		  0.00093
  0.00049		  0.00081
  0.00064		  0.00067
  0.00074		  0.00050
  0.00080		  0.00032
  0.00082		  0.00014
  0.00081		 -0.00003
  0.00075		 -0.00020
  0.00067		 -0.00034
  0.00056		 -0.00046
  0.00043		 -0.00054
  0.00030		 -0.00060
  0.00016		 -0.00062
  0.00002		 -0.00061
 -0.00010		 -0.00058
 -0.00021		 -0.00052
 -0.00030		 -0.00044
 -0.00037		 -0.00035
 -0.00041		 -0.00025
 -0.00043		 -0.00014
 -0.00043		 -0.00005
 -0.00040		  0.00004
 -0.00036		  0.00012
 -0.00031		  0.00018
 -0.00025		  0.00023
 -0.00018		  0.00025
 -0.00011		  0.00027
 -0.00005		  0.00026
  0.00001		  0.00024
  0.00005		  0.00021
  0.00009		  0.00018
  0.00011		  0.00014
  0.00012		  0.00010
  0.00012		  0.00006
  0.00011		  0.00003
  0.00010		  0.00000
  0.00008		 -0.00001
  0.00006		 -0.00002
  0.00004		 -0.00002
  0.00002		 -0.00002
  0.00000		 -0.00001
 -0.00000		  0.00001
 -0.00000		  0.00003
  0.00000		  0.00004
  0.00002		  0.00006
  0.00004		  0.00006
  0.00006		  0.00007
  0.00008		  0.00006
  0.00011		  0.00005
  0.00013		  0.00003
  0.00014		 -0.00000
  0.00015		 -0.00003
  0.00015		 -0.00007
  0.00014		 -0.00011
  0.00012		 -0.00015
  0.00010		 -0.00018
  0.00006		 -0.00021
  0.00001		 -0.00022
 -0.00003		 -0.00023
 -0.00009		 -0.00023
 -0.00014		 -0.00021
 -0.00018		 -0.00018
 -0.00023		 -0.00015
 -0.00026		 -0.00010
 -0.00028		 -0.00004
 -0.00029		  0.00002
 -0.00029		  0.00008
 -0.00027		  0.00015
 -0.00024		  0.00020
 -0.00019		  0.00025
 -0.00013		  0.00029
 -0.00007		  0.00032
 -0.00000		  0.00033
  0.00007		  0.00033
  0.00014		  0.00031
  0.00020		  0.00027
  0.00026		  0.00023
  0.00030		  0.00017
  0.00033		  0.00010
  0.00035		  0.00003
  0.00035		 -0.00005
  0.00033		 -0.00012
  0.00030		 -0.00019
  0.00025		 -0.00025
  0.00020		 -0.00029
  0.00013		 -0.00033
  0.00006		 -0.00035
 -0.00002		 -0.00035
 -0.00009		 -0.00034
 -0.00016		 -0.00031
 -0.00022		 -0.00027
 -0.00027		 -0.00021
 -0.00031		 -0.00015
 -0.00033		 -0.00008
 -0.00034		 -0.00001
 -0.00033		  0.00006
 -0.00031		  0.00013
 -0.00027		  0.00019
 -0.00022		  0.00024
 -0.00016		  0.00028
 -0.00010		  0.00030
 -0.00003		  0.00031
  0.00003		  0.00031
  0.00010		  0.00029
  0.00015		  0.00026
  0.00020		  0.00021
  0.00024		  0.00016
  0.00026		  0.00011
  0.00027		  0.00005
  0.00027		 -0.00001
  0.00026		 -0.00007
  0.00023		 -0.00012
  0.00020		 -0.00016
  0.00015		 -0.00019
  0.00011		 -0.00021
  0.00006		 -0.00022
  0.00001		 -0.00022
 -0.00004		 -0.00021
 -0.00008		 -0.00019
 -0.00011		 -0.00017
 -0.00014		 -0.00013
 -0.00016		 -0.00010
 -0.00017		 -0.00006
 -0.00017		 -0.00002
 -0.00017		  0.00002
 -0.00015		  0.00005
 -0.00013		  0.00008
 -0.00011		  0.00010
 -0.00008		  0.00011
 -0.00005		  0.00012
 -0.00002		  0.00012
  0.00000		  0.00011
  0.00002		  0.00010
  0.00004		  0.00009
  0.00005		  0.00007
  0.00006		  0.00005
  0.00007		  0.00003
  0.00006		  0.00002
  0.00006		  0.00000
  0.00005		 -0.00001
  0.00004		 -0.00002
  0.00003		 -0.00002
  0.00002		 -0.00002
  0.00001		 -0.00002
  0.00000		 -0.00001
  0.00000		 -0.00001
  0.00000		  0.00000
  0.00000		  0.00001
  0.00001		  0.00001
  0.00001		  0.00002
  0.00002		  0.00002
  0.00003		  0.00001
  0.00004		  0.00001
  0.00005		 -0.00000
  0.00005		 -0.00001
  0.00006		 -0.00003
  0.00005		 -0.00004
  0.00005		 -0.00006
  0.00004		 -0.00007
  0.00002		 -0.00008
  0.00001		 -0.00009
 -0.00001		 -0.00010
 -0.00004		 -0.00010
 -0.00006		 -0.00009
 -0.00008		 -0.00008
 -0.00010		 -0.00006
 -0.00012		 -0.00004
 -0.00013		 -0.00002
 -0.00013		  0.00001
 -0.00013		  0.00004
 -0.00013		  0.00007
 -0.00011		  0.00009
 -0.00009		  0.00012
 -0.00007		  0.00014
 -0.00004		  0.00015
 -0.00000		  0.00016
  0.00003		  0.00016
  0.00007		  0.00015
  0.00010		  0.00014
  0.00013		  0.00012
  0.00015		  0.00009
  0.00017		  0.00005
  0.00018		  0.00002
  0.00018		 -0.00002
  0.00017		 -0.00006
  0.00016		 -0.00010
  0.00014		 -0.00013
  0.00011		 -0.00016
  0.00007		 -0.00018
  0.00003		 -0.00019
 -0.00001		 -0.00019
 -0.00005		 -0.00019
 -0.00009		 -0.00017
 -0.00012		 -0.00015
 -0.00015		 -0.00012
 -0.00018		 -0.00009
 -0.00019		 -0.00005
 -0.00020		 -0.00001
 -0.00019		  0.00004
 -0.00018		  0.00008
 -0.00016		  0.00011
 -0.00013		  0.00014
 -0.00010		  0.00017
 -0.00006		  0.00018
 -0.00002		  0.00019
  0.00002		  0.00019
  0.00006		  0.00018
  0.00010		  0.00016
  0.00013		  0.00014
  0.00015		  0.00011
  0.00017		  0.00007
  0.00018		  0.00003
  0.00018		 -0.00001
  0.00017		 -0.00004
  0.00016		 -0.00008
  0.00013		 -0.00011
  0.00011		 -0.00013
  0.00008		 -0.00015
  0.00004		 -0.00016
  0.00001		 -0.00016
 -0.00003		 -0.00016
 -0.00006		 -0.00014
 -0.00009		 -0.00013
 -0.00011		 -0.00010
 -0.00012		 -0.00008
 -0.00013		 -0.00005
 -0.00014		 -0.00002
 -0.00014		  0.00001
 -0.00013		  0.00004
 -0.00011		  0.00006
 -0.00009		  0.00008
 -0.00007		  0.00010
 -0.00005		  0.00011
 -0.00002		  0.00011
  0.00000		  0.00011
  0.00002		  0.00010
  0.00004		  0.00009
  0.00006		  0.00008
  0.00007		  0.00006
  0.00008		  0.00004
  0.00008		  0.00002
  0.00008		  0.00001
  0.00008		 -0.00001
  0.00007		 -0.00003
  0.00006		 -0.00004
  0.00005		 -0.00005
  0.00003		 -0.00005
  0.00002		 -0.00006
  0.00001		 -0.00006
 -0.00000		 -0.00005
 -0.00001		 -0.00005
 -0.00002		 -0.00004
 -0.00003		 -0.00003
 -0.00003		 -0.00002
 -0.00003		 -0.00001
 -0.00003		 -0.00001
 -0.00003		 -0.00000
 -0.00002		  0.00000
 -0.00002		  0.00001
 -0.00001		  0.00001
 -0.00001		  0.00001
 -0.00000		  0.00001
 -0.00000		  0.00000
  0.00000		  0.00000
 -0.00000		 -0.00000
 -0.00000		 -0.00001
 -0.00001		 -0.00001
 -0.00001		 -0.00001
 -0.00001		 -0.00001
 -0.00002		 -0.00001
 -0.00002		 -0.00000
 -0.00003		  0.00000
 -0.00003		  0.00001
 -0.00003		  0.00001
 -0.00003		  0.00002
 -0.00002		  0.00003
 -0.00002		  0.00004
 -0.00001		  0.00004
 -0.00000		  0.00005
  0.00001		  0.00005
  0.00002		  0.00005
  0.00003		  0.00004
  0.00004		  0.00004
  0.00005		  0.00003
  0.00006		  0.00002
  0.00006		  0.00001
  0.00006		 -0.00001
  0.00006		 -0.00002
  0.00006		 -0.00003
  0.00005		 -0.00005
  0.00004		 -0.00006
  0.00003		 -0.00007
  0.00001		 -0.00007
 -0.00000		 -0.00007
 -0.00002		 -0.00007
 -0.00003		 -0.00007
 -0.00005		 -0.00006
 -0.00006		 -0.00005
 -0.00007		 -0.00004
 -0.00008		 -0.00002
 -0.00008		 -0.00000
 -0.00008		  0.00001
 -0.00008		  0.00003
 -0.00007		  0.00005
 -0.00006		  0.00006
 -0.00004		  0.00007
 -0.00003		  0.00008
 -0.00001		  0.00008
  0.00001		  0.00008
  0.00003		  0.00008
  0.00004		  0.00007
  0.00005		  0.00006
  0.00007		  0.00005
  0.00007		  0.00003
  0.00008		  0.00001
  0.00008		 -0.00000
  0.00008		 -0.00002
  0.00007		 -0.00003
  0.00006		 -0.00005
  0.00005		 -0.00006
  0.00003		 -0.00006
  0.00002		 -0.00007
  0.00000		 -0.00007
 -0.00001		 -0.00007
 -0.00002		 -0.00006
 -0.00004		 -0.00005
 -0.00004		 -0.00004
 -0.00005		 -0.00003
 -0.00005		 -0.00002
 -0.00006		 -0.00001
 -0.00005		  0.00000
 -0.00005		  0.00001
 -0.00004		  0.00002
 -0.00003		  0.00003
 -0.00003		  0.00003
 -0.00002		  0.00004
 -0.00001		  0.00004
  0.00000		  0.00003
  0.00001		  0.00003
  0.00001		  0.00003
  0.00002		  0.00002
  0.00002		  0.00001
  0.00002		  0.00001
  0.00001		  0.00000
  0.00001		  0.00000
  0.00001		 -0.00000
  0.00000		 -0.00000
  0.00000		 -0.00000
 -0.00000		  0.00000
 -0.00000		  0.00001
 -0.00000		  0.00001
 -0.00000		  0.00001
  0.00000		  0.00002
  0.00001		  0.00002
  0.00001		  0.00002
  0.00002		  0.00002
  0.00003		  0.00002
  0.00004		  0.00002
  0.00004		  0.00001
  0.00005		  0.00000
  0.00005		 -0.00001
  0.00005		 -0.00002
  0.00005		 -0.00004
  0.00004		 -0.00005
  0.00003		 -0.00006
  0.00002		 -0.00007
  0.00001		 -0.00008
 -0.00001		 -0.00008
 -0.00003		 -0.00008
 -0.00005		 -0.00008
 -0.00007		 -0.00007
 -0.00009		 -0.00006
 -0.00010		 -0.00004
 -0.00011		 -0.00002
 -0.00012		  0.00001
 -0.00012		  0.00003
 -0.00011		  0.00006
 -0.00010		  0.00008
 -0.00008		  0.00011
 -0.00006		  0.00013
 -0.00003		  0.00014
 -0.00000		  0.00015
  0.00003		  0.00015
  0.00006		  0.00015
  0.00009		  0.00013
  0.00012		  0.00011
  0.00015		  0.00009
  0.00017		  0.00005
  0.00018		  0.00002
  0.00018		 -0.00002
  0.00018		 -0.00006
  0.00017		 -0.00010
  0.00014		 -0.00014
  0.00012		 -0.00017
  0.00008		 -0.00019
  0.00004		 -0.00021
 -0.00001		 -0.00021
 -0.00005		 -0.00021
 -0.00010		 -0.00020
 -0.00014		 -0.00018
 -0.00018		 -0.00015
 -0.00021		 -0.00011
 -0.00023		 -0.00006
 -0.00024		 -0.00001
 -0.00024		  0.00004
 -0.00023		  0.00009
 -0.00021		  0.00014
 -0.00018		  0.00019
 -0.00013		  0.00022
 -0.00009		  0.00025
 -0.00003		  0.00026
  0.00003		  0.00027
  0.00008		  0.00026
  0.00014		  0.00024
  0.00019		  0.00021
  0.00023		  0.00016
  0.00026		  0.00011
  0.00028		  0.00006
  0.00029		 -0.00001
  0.00028		 -0.00007
  0.00026		 -0.00013
  0.00023		 -0.00018
  0.00019		 -0.00023
  0.00014		 -0.00026
  0.00008		 -0.00029
  0.00002		 -0.00030
 -0.00005		 -0.00030
 -0.00011		 -0.00028
 -0.00017		 -0.00026
 -0.00022		 -0.00021
 -0.00026		 -0.00016
 -0.00029		 -0.00011
 -0.00031		 -0.00004
 -0.00031		  0.00002
 -0.00030		  0.00009
 -0.00027		  0.00015
 -0.00024		  0.00021
 -0.00019		  0.00025
 -0.00013		  0.00029
 -0.00007		  0.00031
  0.00000		  0.00031
  0.00007		  0.00031
  0.00013		  0.00028
  0.00019		  0.00025
  0.00024		  0.00020
  0.00027		  0.00015
  0.00030		  0.00009
  0.00031		  0.00002
  0.00031		 -0.00004
  0.00029		 -0.00011
  0.00026		 -0.00016
  0.00022		 -0.00022
  0.00017		 -0.00026
  0.00011		 -0.00028
  0.00005		 -0.00030
 -0.00002		 -0.00030
 -0.00008		 -0.00029
 -0.00014		 -0.00026
 -0.00019		 -0.00023
 -0.00023		 -0.00018
 -0.00026		 -0.00012
 -0.00028		 -0.00007
 -0.00029		 -0.00000
 -0.00028		  0.00006
 -0.00026		  0.00011
 -0.00023		  0.00016
 -0.00018		  0.00021
 -0.00014		  0.00024
 -0.00008		  0.00026
 -0.00002		  0.00027
  0.00003		  0.00026
  0.00009		  0.00025
  0.00013		  0.00022
  0.00018		  0.00018
  0.00021		  0.00014
  0.00023		  0.00009
  0.00024		  0.00004
  0.00024		 -0.00001
  0.00023		 -0.00006
  0.00021		 -0.00011
  0.00018		 -0.00015
  0.00014		 -0.00018
  0.00010		 -0.00020
  0.00005		 -0.00021
  0.00001		 -0.00021
 -0.00004		 -0.00021
 -0.00008		 -0.00019
 -0.00011		 -0.00016
 -0.00014		 -0.00013
 -0.00017		 -0.00010
 -0.00018		 -0.00006
 -0.00018		 -0.00002
 -0.00018		  0.00002
 -0.00016		  0.00005
 -0.00015		  0.00009
 -0.00012		  0.00011
 -0.00009		  0.00013
 -0.00006		  0.00014
 -0.00003		  0.00015
  0.00000		  0.00014
  0.00003		  0.00014
  0.00006		  0.00012
  0.00008		  0.00010
  0.00010		  0.00008
  0.00011		  0.00005
  0.00011		  0.00003
  0.00011		  0.00001
  0.00010		 -0.00002
  0.00009		 -0.00004
  0.00008		 -0.00005
  0.00006		 -0.00006
  0.00004		 -0.00007
  0.00003		 -0.00007
  0.00001		 -0.00007
 -0.00001		 -0.00007
 -0.00002		 -0.00006
 -0.00003		 -0.00005
 -0.00003		 -0.00004
 -0.00004		 -0.00003
 -0.00004		 -0.00002
 -0.00003		 -0.00001
 -0.00003		  0.00000
 -0.00002		  0.00001
 -0.00002		  0.00001
 -0.00001		  0.00001
 -0.00001		  0.00001
 -0.00000		  0.00000
  0.00000		 -0.00000
  0.00000		 -0.00001
 -0.00000		 -0.00001
 -0.00001		 -0.00002
 -0.00001		 -0.00002
 -0.00002		 -0.00002
 -0.00003		 -0.00002
 -0.00004		 -0.00001
 -0.00004		 -0.00001
 -0.00005		  0.00000
 -0.00005		  0.00001
 -0.00005		  0.00003
 -0.00005		  0.00004
 -0.00004		  0.00005
 -0.00003		  0.00007
 -0.00002		  0.00007
 -0.00000		  0.00008
  0.00002		  0.00008
  0.00004		  0.00008
  0.00006		  0.00008
  0.00007		  0.00007
  0.00009		  0.00005
  0.00010		  0.00003
  0.00011		  0.00001
  0.00012		 -0.00002
  0.00011		 -0.00004
  0.00011		 -0.00007
  0.00009		 -0.00009
  0.00007		 -0.00011
  0.00005		 -0.00013
  0.00002		 -0.00014
 -0.00001		 -0.00014
 -0.00004		 -0.00014
 -0.00007		 -0.00013
 -0.00010		 -0.00012
 -0.00013		 -0.00010
 -0.00015		 -0.00007
 -0.00016		 -0.00004
 -0.00017		 -0.00000
 -0.00017		  0.00003
 -0.00016		  0.00007
 -0.00014		  0.00010
 -0.00012		  0.00013
 -0.00009		  0.00016
 -0.00006		  0.00018
 -0.00002		  0.00019
  0.00002		  0.00019
  0.00006		  0.00018
  0.00010		  0.00017
  0.00014		  0.00014
  0.00017		  0.00011
  0.00019		  0.00008
  0.00020		  0.00004
  0.00021		 -0.00001
  0.00020		 -0.00005
  0.00019		 -0.00009
  0.00017		 -0.00013
  0.00013		 -0.00017
  0.00010		 -0.00019
  0.00005		 -0.00021
  0.00001		 -0.00022
 -0.00004		 -0.00022
 -0.00008		 -0.00021
 -0.00013		 -0.00018
 -0.00016		 -0.00015
 -0.00019		 -0.00012
 -0.00021		 -0.00007
 -0.00023		 -0.00003
 -0.00023		  0.00002
 -0.00022		  0.00007
 -0.00020		  0.00012
 -0.00017		  0.00015
 -0.00013		  0.00019
 -0.00009		  0.00021
 -0.00004		  0.00023
  0.00001		  0.00023
  0.00005		  0.00022
  0.00010		  0.00021
  0.00014		  0.00018
  0.00018		  0.00015
  0.00020		  0.00011
  0.00022		  0.00006
  0.00023		  0.00001
  0.00023		 -0.00004
  0.00021		 -0.00008
  0.00019		 -0.00013
  0.00016		 -0.00016
  0.00012		 -0.00019
  0.00008		 -0.00021
  0.00003		 -0.00022
 -0.00002		 -0.00022
 -0.00007		 -0.00021
 -0.00011		 -0.00019
 -0.00015		 -0.00017
 -0.00018		 -0.00013
 -0.00020		 -0.00009
 -0.00021		 -0.00005
 -0.00022		  0.00000
 -0.00021		  0.00005
 -0.00019		  0.00009
 -0.00017		  0.00013
 -0.00014		  0.00016
 -0.00010		  0.00018
 -0.00006		  0.00020
 -0.00001		  0.00021
  0.00003		  0.00020
  0.00007		  0.00019
  0.00011		  0.00017
  0.00014		  0.00014
  0.00017		  0.00011
  0.00018		  0.00007
  0.00019		  0.00003
  0.00019		 -0.00001
  0.00018		 -0.00005
  0.00017		 -0.00009
  0.00014		 -0.00012
  0.00011		 -0.00015
  0.00008		 -0.00016
  0.00004		 -0.00018
  0.00000		 -0.00018
 -0.00004		 -0.00017
 -0.00007		 -0.00016
 -0.00010		 -0.00014
 -0.00013		 -0.00011
 -0.00014		 -0.00008
 -0.00016		 -0.00005
 -0.00016		 -0.00001
 -0.00016		  0.00002
 -0.00015		  0.00005
 -0.00013		  0.00008
 -0.00011		  0.00011
 -0.00008		  0.00012
 -0.00005		  0.00014
 -0.00002		  0.00014
  0.00001		  0.00014
  0.00004		  0.00014
  0.00006		  0.00012
  0.00009		  0.00010
  0.00010		  0.00008
  0.00012		  0.00006
  0.00012		  0.00003
  0.00013		  0.00000
  0.00012		 -0.00002
  0.00011		 -0.00005
  0.00010		 -0.00007
  0.00008		 -0.00008
  0.00006		 -0.00010
  0.00003		 -0.00011
  0.00001		 -0.00011
 -0.00001		 -0.00011
 -0.00003		 -0.00010
 -0.00005		 -0.00009
 -0.00007		 -0.00007
 -0.00008		 -0.00005
 -0.00009		 -0.00004
 -0.00009		 -0.00002
 -0.00009		  0.00000
 -0.00008		  0.00002
 -0.00008		  0.00004
 -0.00006		  0.00005
 -0.00005		  0.00006
 -0.00004		  0.00007
 -0.00002		  0.00007
 -0.00000		  0.00007
  0.00001		  0.00007
  0.00003		  0.00006
  0.00004		  0.00006
  0.00005		  0.00004
  0.00005		  0.00003
  0.00006		  0.00002
  0.00006		  0.00001
  0.00006		 -0.00001
  0.00005		 -0.00002
  0.00005		 -0.00003
  0.00004		 -0.00003
  0.00003		 -0.00004
  0.00002		 -0.00004
  0.00001		 -0.00004
 -0.00000		 -0.00004
 -0.00001		 -0.00004
 -0.00002		 -0.00004
 -0.00002		 -0.00003
 -0.00003		 -0.00002
 -0.00003		 -0.00002
 -0.00003		 -0.00001
 -0.00003		 -0.00000
 -0.00003		  0.00000
 -0.00003		  0.00001
 -0.00002		  0.00001
 -0.00002		  0.00002
 -0.00001		  0.00002
 -0.00001		  0.00002
 -0.00000		  0.00002
  0.00000		  0.00002
  0.00000		  0.00002
  0.00001		  0.00001
  0.00001		  0.00001
  0.00001		  0.00001
  0.00001		  0.00000
  0.00001		  0.00000
  0.00001		 -0.00000
  0.00001		 -0.00000
  0.00001		 -0.00000
  0.00000		 -0.00000
  0.00000		 -0.00000
  0.00000		 -0.00000
  0.00000		 -0.00000
  0.00000		 -0.00000
 -0.00000		 -0.00000
  0.00000		  0.00000
  0.00000		  0.00000
  0.00000		  0.00000
  0.00000		  0.00000
  0.00000		  0.00000
  0.00000		  0.00000
  0.00001		 -0.00000
  0.00001		 -0.00000
  0.00001		 -0.00000
  0.00001		 -0.00000
  0.00000		 -0.00001
  0.00000		 -0.00001
  0.00000		 -0.00001
  0.00000		 -0.00001
 -0.00000		 -0.00001
 -0.00000		 -0.00001
 -0.00001		 -0.00001
 -0.00001		 -0.00001
 -0.00001		 -0.00001
 -0.00001		 -0.00000
 -0.00001		 -0.00000
 -0.00001		  0.00000
 -0.00001		  0.00000
 -0.00001		  0.00001
 -0.00001		  0.00001
 -0.00001		  0.00001
 -0.00001		  0.00001
 -0.00000		  0.00001
  0.00000		  0.00001
  0.00000		  0.00001
  0.00001		  0.00001
  0.00001		  0.00001
  0.00001		  0.00001
  0.00001		  0.00001
  0.00001		  0.00000
  0.00001		  0.00000
  0.00001		 -0.00000
  0.00001		 -0.00001
  0.00001		 -0.00001
  0.00001		 -0.00001
  0.00001		 -0.00001
  0.00000		 -0.00001
  0.00000		 -0.00001
 -0.00000		 -0.00001
 -0.00000		 -0.00001
 -0.00001		 -0.00001
 -0.00001		 -0.00001
 -0.00001		 -0.00001
 -0.00001		 -0.00000
 -0.00001		 -0.00000
 -0.00001		  0.00000
 -0.00001		  0.00000
 -0.00001		  0.00000
 -0.00001		  0.00001
 -0.00001		  0.00001
 -0.00000		  0.00001
 -0.00000		  0.00001
 -0.00000		  0.00001
  0.00000		  0.00001
  0.00000		  0.00001
  0.00000		  0.00001
  0.00000		  0.00000
  0.00001		  0.00000
  0.00001		  0.00000
  0.00001		  0.00000
  0.00000		 -0.00000
  0.00000		 -0.00000
  0.00000		 -0.00000
  0.00000		 -0.00000
  0.00000		 -0.00000
  0.00000		 -0.00000
  0.00000		 -0.00000
 -0.00000		 -0.00000
 -0.00000		 -0.00000
 -0.00000		 -0.00000
 -0.00000		 -0.00000
  0.00000		  0.00000
  0.00000		  0.00000
  0.00000		  0.00000
  0.00000		  0.00000
  0.00000		 -0.00000
  0.00000		 -0.00000
  0.00000		 -0.00000
  0.00000		 -0.00000
  0.00000		 -0.00000
  0.00000		 -0.00000
  0.00000		 -0.00000
 -0.00000		 -0.00000
 -0.00000		 -0.00001
 -0.00000		 -0.00001
 -0.00000		 -0.00000
 -0.00001		 -0.00000
 -0.00001		 -0.00000
 -0.00001		 -0.00000
 -0.00001		 -0.00000
 -0.00001		  0.00000
 -0.00001		  0.00000
 -0.00001		  0.00000
 -0.00001		  0.00001
 -0.00000		  0.00001
 -0.00000		  0.00001
 -0.00000		  0.00001
  0.00000		  0.00001
  0.00000		  0.00001
  0.00001		  0.00001
  0.00001		  0.00001
  0.00001		  0.00001
  0.00001		  0.00000
  0.00001		  0.00000
  0.00001		 -0.00000
  0.00001		 -0.00000
  0.00001		 -0.00001
  0.00001		 -0.00001
  0.00001		 -0.00001
  0.00000		 -0.00001
  0.00000		 -0.00001
  0.00000		 -0.00001
 -0.00000		 -0.00001
 -0.00000		 -0.00001
 -0.00001		 -0.00001
 -0.00001		 -0.00001
 -0.00001		 -0.00001
 -0.00001		 -0.00000
 -0.00001		 -0.00000
 -0.00001		  0.00000
 -0.00001		  0.00000
 -0.00001		  0.00001
 -0.00001		  0.00001
 -0.00001		  0.00001
 -0.00000		  0.00001
 -0.00000		  0.00001
  0.00000		  0.00001
  0.00000		  0.00001
  0.00000		  0.00001
  0.00001		  0.00001
  0.00001		  0.00001
  0.00001		  0.00000
  0.00001		  0.00000
  0.00001		  0.00000
  0.00001		 -0.00000
  0.00001		 -0.00000
  0.00001		 -0.00000
  0.00000		 -0.00001
  0.00000		 -0.00001
  0.00000		 -0.00001
  0.00000		 -0.00001
 -0.00000		 -0.00001
 -0.00000		 -0.00001
 -0.00000		 -0.00000
 -0.00000		 -0.00000
 -0.00000		 -0.00000
 -0.00000		 -0.00000
 -0.00000		 -0.00000
 -0.00000		  0.00000
 -0.00000		  0.00000
 -0.00000		  0.00000
 -0.00000		  0.00000
 -0.00000		  0.00000
 -0.00000		  0.00000
  0.00000		  0.00000
  0.00000		 -0.00000
 -0.00000		 -0.00000
 -0.00000		 -0.00000
 -0.00000		 -0.00000
 -0.00000		 -0.00000
 -0.00000		 -0.00000
 -0.00000		 -0.00000
 -0.00000		 -0.00000
 -0.00000		  0.00000
 -0.00001		  0.00000
 -0.00001		  0.00000
 -0.00000		  0.00000
 -0.00000		  0.00001
 -0.00000		  0.00001
 -0.00000		  0.00001
  0.00000		  0.00001
  0.00000		  0.00001
  0.00000		  0.00001
  0.00001		  0.00001
  0.00001		  0.00001
  0.00001		  0.00001
  0.00001		  0.00000
  0.00001		  0.00000
  0.00001		 -0.00000
  0.00001		 -0.00000
  0.00001		 -0.00001
  0.00001		 -0.00001
  0.00001		 -0.00001
  0.00001		 -0.00002
  0.00000		 -0.00002
 -0.00000		 -0.00002
 -0.00000		 -0.00002
 -0.00001		 -0.00002
 -0.00001		 -0.00001
 -0.00002		 -0.00001
 -0.00002		 -0.00001
 -0.00002		 -0.00000
 -0.00002		 -0.00000
 -0.00002		  0.00000
 -0.00002		  0.00001
 -0.00002		  0.00001
 -0.00002		  0.00002
 -0.00001		  0.00002
 -0.00001		  0.00002
 -0.00000		  0.00002
  0.00000		  0.00002
  0.00001		  0.00002
  0.00001		  0.00002
  0.00002		  0.00002
  0.00002		  0.00002
  0.00003		  0.00001
  0.00003		  0.00000
  0.00003		 -0.00000
  0.00003		 -0.00001
  0.00003		 -0.00001
  0.00002		 -0.00002
  0.00002		 -0.00002
  0.00001		 -0.00003
  0.00001		 -0.00003
  0.00000		 -0.00003
 -0.00001		 -0.00003
 -0.00001		 -0.00003
 -0.00002		 -0.00003
 -0.00002		 -0.00002
 -0.00003		 -0.00002
 -0.00003		 -0.00001
 -0.00003		 -0.00000
 -0.00003		  0.00000
 -0.00003		  0.00001
 -0.00003		  0.00002
 -0.00002		  0.00002
 -0.00002		  0.00003
 -0.00001		  0.00003
 -0.00001		  0.00003
  0.00000		  0.00003
  0.00001		  0.00003
  0.00002		  0.00003
  0.00002		  0.00003
  0.00003		  0.00002
  0.00003		  0.00002
  0.00003		  0.00001
  0.00003		  0.00000
  0.00003		 -0.00001
  0.00003		 -0.00001
  0.00003		 -0.00002
  0.00002		 -0.00002
  0.00002		 -0.00003
  0.00001		 -0.00003
  0.00000		 -0.00003
 -0.00000		 -0.00003
 -0.00001		 -0.00003
 -0.00002		 -0.00003
 -0.00002		 -0.00002
 -0.00003		 -0.00002
 -0.00003		 -0.00001
 -0.00003		 -0.00001
 -0.00003		  0.00000
 -0.00003		  0.00001
 -0.00003		  0.00001
 -0.00003		  0.00002
 -0.00002		  0.00002
 -0.00001		  0.00003
 -0.00001		  0.00003
 -0.00000		  0.00003
  0.00000		  0.00003
  0.00001		  0.00003
  0.00002		  0.00002
  0.00002		  0.00002
  0.00002		  0.00002
  0.00003		  0.00001
  0.00003		  0.00000
  0.00003		 -0.00000
  0.00003		 -0.00001
  0.00002		 -0.00001
  0.00002		 -0.00002
  0.00002		 -0.00002
  0.00001		 -0.00002
  0.00001		 -0.00002
  0.00000		 -0.00002
 -0.00000		 -0.00002
 -0.00001		 -0.00002
 -0.00001		 -0.00002
 -0.00002		 -0.00001
 -0.00002		 -0.00001
 -0.00002		 -0.00001
 -0.00002		 -0.00000
 -0.00002		  0.00000
 -0.00002		  0.00001
 -0.00001		  0.00001
 -0.00001		  0.00001
 -0.00001		  0.00001
 -0.00001		  0.00001
 -0.00000		  0.00001
  0.00000		  0.00001
  0.00000		  0.00001
  0.00001		  0.00001
  0.00001		  0.00001
  0.00001		  0.00001
  0.00001		  0.00000
  0.00001		  0.00000
  0.00001		  0.00000
  0.00001		 -0.00000
  0.00001		 -0.00000
  0.00001		 -0.00000
  0.00000		 -0.00000
  0.00000		 -0.00000
  0.00000		 -0.00000
  0.00000		 -0.00000
 -0.00000		 -0.00000
 -0.00000		 -0.00000
 -0.00000		 -0.00000
 -0.00000		 -0.00000
  0.00000		  0.00000
  0.00000		  0.00000
  0.00000		  0.00000
  0.00000		 -0.00000
  0.00000		 -0.00000
  0.00000		 -0.00000
  0.00000		 -0.00000
  0.00000		 -0.00000
  0.00000		 -0.00001
  0.00000		 -0.00001
  0.00000		 -0.00001
 -0.00000		 -0.00001
 -0.00000		 -0.00001
 -0.00001		 -0.00001
 -0.00001		 -0.00001
 -0.00001		 -0.00001
 -0.00001		 -0.00000
 -0.00001		 -0.00000
 -0.00001		  0.00000
 -0.00001		  0.00000
 -0.00001		  0.00001
 -0.00001		  0.00001
 -0.00001		  0.00001
 -0.00001		  0.00002
 -0.00000		  0.00002
  0.00000		  0.00002
  0.00000		  0.00002
  0.00001		  0.00002
  0.00001		  0.00002
  0.00002		  0.00001
  0.00002		  0.00001
  0.00002		  0.00001
  0.00002		  0.00000
  0.00002		 -0.00000
  0.00002		 -0.00001
  0.00002		 -0.00001
  0.00002		 -0.00002
  0.00001		 -0.00002
  0.00001		 -0.00002
  0.00000		 -0.00003
 -0.00000		 -0.00003
 -0.00001		 -0.00003
 -0.00001		 -0.00002
 -0.00002		 -0.00002
 -0.00002		 -0.00002
 -0.00003		 -0.00001
 -0.00003		 -0.00001
 -0.00003		  0.00000
 -0.00003		  0.00001
 -0.00003		  0.00001
 -0.00003		  0.00002
 -0.00002		  0.00002
 -0.00002		  0.00003
 -0.00001		  0.00003
 -0.00000		  0.00003
  0.00000		  0.00003
  0.00001		  0.00003
  0.00002		  0.00003
  0.00003		  0.00003
  0.00003		  0.00002
  0.00003		  0.00001
  0.00004		  0.00001
  0.00004		 -0.00000
  0.00004		 -0.00001
  0.00003		 -0.00002
  0.00003		 -0.00002
  0.00002		 -0.00003
  0.00002		 -0.00003
  0.00001		 -0.00004
  0.00000		 -0.00004
 -0.00001		 -0.00004
 -0.00002		 -0.00004
 -0.00002		 -0.00003
 -0.00003		 -0.00003
 -0.00003		 -0.00002
 -0.00004		 -0.00001
 -0.00004		 -0.00000
 -0.00004		  0.00001
 -0.00004		  0.00001
 -0.00003		  0.00002
 -0.00003		  0.00003
 -0.00002		  0.00003
 -0.00001		  0.00004
 -0.00001		  0.00004
  0.00000		  0.00004
  0.00001		  0.00004
  0.00002		  0.00004
  0.00003		  0.00003
  0.00003		  0.00003
  0.00004		  0.00002
  0.00004		  0.00001
  0.00004		  0.00000
  0.00004		 -0.00001
  0.00004		 -0.00002
  0.00003		 -0.00002
  0.00003		 -0.00003
  0.00002		 -0.00003
  0.00001		 -0.00004
  0.00000		 -0.00004
 -0.00000		 -0.00004
 -0.00001		 -0.00004
 -0.00002		 -0.00003
 -0.00003		 -0.00003
 -0.00003		 -0.00002
 -0.00004		 -0.00001
 -0.00004		 -0.00001
 -0.00004		  0.00000
 -0.00004		  0.00001
 -0.00003		  0.00002
 -0.00003		  0.00002
 -0.00002		  0.00003
 -0.00002		  0.00003
 -0.00001		  0.00004
 -0.00000		  0.00004
  0.00001		  0.00004
  0.00001		  0.00003
  0.00002		  0.00003
  0.00003		  0.00002
  0.00003		  0.00002
  0.00003		  0.00001
  0.00003		  0.00000
  0.00003		 -0.00000
  0.00003		 -0.00001
  0.00003		 -0.00002
  0.00002		 -0.00002
  0.00002		 -0.00003
  0.00001		 -0.00003
  0.00001		 -0.00003
 -0.00000		 -0.00003
 -0.00001		 -0.00003
 -0.00001		 -0.00003
 -0.00002		 -0.00002
 -0.00002		 -0.00002
 -0.00003		 -0.00001
 -0.00003		 -0.00001
 -0.00003		 -0.00000
 -0.00003		  0.00000
 -0.00003		  0.00001
 -0.00002		  0.00002
 -0.00002		  0.00002
 -0.00001		  0.00002
 -0.00001		  0.00002
 -0.00000		  0.00003
  0.00000		  0.00003
  0.00001		  0.00002
  0.00001		  0.00002
  0.00002		  0.00002
  0.00002		  0.00001
  0.00002		  0.00001
  0.00002		  0.00000
  0.00002		 -0.00000
  0.00002		 -0.00000
  0.00002		 -0.00001
  0.00002		 -0.00001
  0.00001		 -0.00002
  0.00001		 -0.00002
  0.00001		 -0.00002
  0.00000		 -0.00002
 -0.00000		 -0.00002
 -0.00001		 -0.00002
 -0.00001		 -0.00001
 -0.00001		 -0.00001
 -0.00001		 -0.00001
 -0.00001		 -0.00001
 -0.00001		 -0.00000
 -0.00001		  0.00000
 -0.00001		  0.00000
 -0.00001		  0.00001
 -0.00001		  0.00001
 -0.00001		  0.00001
 -0.00000		  0.00001
 -0.00000		  0.00001
 -0.00000		  0.00001
  0.00000		  0.00001
  0.00000		  0.00001
  0.00000		  0.00001
  0.00001		  0.00001
  0.00001		  0.00000
  0.00001		  0.00000
  0.00001		  0.00000
  0.00001		 -0.00000
  0.00000		 -0.00000
  0.00000		 -0.00000
  0.00000		 -0.00000
  0.00000		 -0.00000
  0.00000		 -0.00000
  0.00000		 -0.00000
 -0.00000		 -0.00000
 -0.00000		 -0.00000
 -0.00000		 -0.00000
 -0.00000		 -0.00000
  0.00000		  0.00000
  0.00000		  0.00000
  0.00000		  0.00000
  0.00000		  0.00000
  0.00000		 -0.00000
  0.00000		 -0.00000
  0.00000		 -0.00000
  0.00000		 -0.00000
  0.00000		 -0.00000
  0.00000		 -0.00000
  0.00000		 -0.00001
 -0.00000		 -0.00001
 -0.00000		 -0.00001
 -0.00000		 -0.00001
 -0.00000		 -0.00001
 -0.00001		 -0.00000
 -0.00001		 -0.00000
 -0.00001		 -0.00000
 -0.00001		  0.00000
 -0.00001		  0.00000
 -0.00001		  0.00000
 -0.00001		  0.00001
 -0.00001		  0.00001
 -0.00001		  0.00001
 -0.00000		  0.00001
 -0.00000		  0.00001
  0.00000		  0.00001
  0.00000		  0.00001
  0.00001		  0.00001
  0.00001		  0.00001
  0.00001		  0.00001
  0.00001		  0.00000
  0.00001		  0.00000
  0.00002		 -0.00000
  0.00002		 -0.00000
  0.00001		 -0.00001
  0.00001		 -0.00001
  0.00001		 -0.00001
  0.00001		 -0.00002
  0.00000		 -0.00002
 -0.00000		 -0.00002
 -0.00000		 -0.00002
 -0.00001		 -0.00002
 -0.00001		 -0.00002
 -0.00001		 -0.00001
 -0.00002		 -0.00001
 -0.00002		 -0.00001
 -0.00002		 -0.00000
 -0.00002		  0.00000
 -0.00002		  0.00001
 -0.00002		  0.00001
 -0.00002		  0.00002
 -0.00001		  0.00002
 -0.00001		  0.00002
 -0.00000		  0.00002
  0.00000		  0.00002
  0.00001		  0.00002
  0.00001		  0.00002
  0.00002		  0.00002
  0.00002		  0.00001
  0.00002		  0.00001
  0.00002		  0.00001
  0.00002		  0.00000
  0.00002		 -0.00001
  0.00002		 -0.00001
  0.00002		 -0.00001
  0.00002		 -0.00002
  0.00001		 -0.00002
  0.00001		 -0.00002
  0.00000		 -0.00003
 -0.00000		 -0.00003
 -0.00001		 -0.00002
 -0.00001		 -0.00002
 -0.00002		 -0.00002
 -0.00002		 -0.00001
 -0.00002		 -0.00001
 -0.00003		 -0.00000
 -0.00003		  0.00000
 -0.00003		  0.00001
 -0.00002		  0.00001
 -0.00002		  0.00002
 -0.00002		  0.00002
 -0.00001		  0.00002
 -0.00001		  0.00003
 -0.00000		  0.00003
  0.00001		  0.00003
  0.00001		  0.00003
  0.00002		  0.00002
  0.00002		  0.00002
  0.00002		  0.00001
  0.00003		  0.00001
  0.00003		  0.00000
  0.00003		 -0.00000
  0.00003		 -0.00001
  0.00002		 -0.00001
  0.00002		 -0.00002
  0.00002		 -0.00002
  0.00001		 -0.00003
  0.00000		 -0.00003
 -0.00000		 -0.00003
 -0.00001		 -0.00003
 -0.00001		 -0.00003
 -0.00002		 -0.00002
 -0.00002		 -0.00002
 -0.00003		 -0.00001
 -0.00003		 -0.00001
 -0.00003		 -0.00000
 -0.00003		  0.00000
 -0.00003		  0.00001
 -0.00002		  0.00002
 -0.00002		  0.00002
 -0.00001		  0.00002
 -0.00001		  0.00003
 -0.00000		  0.00003
  0.00000		  0.00003
  0.00001		  0.00003
  0.00001		  0.00002
  0.00002		  0.00002
  0.00002		  0.00002
  0.00003		  0.00001
  0.00003		  0.00001
  0.00003		 -0.00000
  0.00003		 -0.00001
  0.00002		 -0.00001
  0.00002		 -0.00002
  0.00002		 -0.00002
  0.00001		 -0.00002
  0.00001		 -0.00003
  0.00000		 -0.00003
 -0.00000		 -0.00003
 -0.00001		 -0.00003
 -0.00001		 -0.00002
 -0.00002		 -0.00002
 -0.00002		 -0.00001
 -0.00002		 -0.00001
 -0.00003		 -0.00000
 -0.00003		  0.00000
 -0.00002		  0.00001
 -0.00002		  0.00001
 -0.00002		  0.00002
 -0.00002		  0.00002
 -0.00001		  0.00002
 -0.00001		  0.00002
  0.00000		  0.00003
  0.00001		  0.00002
  0.00001		  0.00002
  0.00001		  0.00002
  0.00002		  0.00002
  0.00002		  0.00001
  0.00002		  0.00001
  0.00002		  0.00000
  0.00002		 -0.00000
  0.00002		 -0.00001
  0.00002		 -0.00001
  0.00002		 -0.00002
  0.00001		 -0.00002
  0.00001		 -0.00002
  0.00000		 -0.00002
 -0.00000		 -0.00002
 -0.00001		 -0.00002
 -0.00001		 -0.00002
 -0.00001		 -0.00002
 -0.00002		 -0.00001
 -0.00002		 -0.00001
 -0.00002		 -0.00000
 -0.00002		 -0.00000
 -0.00002		  0.00000
 -0.00002		  0.00001
 -0.00002		  0.00001
 -0.00001		  0.00002
 -0.00001		  0.00002
 -0.00001		  0.00002
 -0.00000		  0.00002
  0.00000		  0.00002
  0.00001		  0.00002
  0.00001		  0.00002
  0.00001		  0.00001
  0.00002		  0.00001
  0.00002		  0.00001
  0.00002		  0.00000
  0.00002		 -0.00000
  0.00002		 -0.00000
  0.00002		 -0.00001
  0.00001		 -0.00001
  0.00001		 -0.00001
  0.00001		 -0.00002
  0.00000		 -0.00002
  0.00000		 -0.00002
 -0.00000		 -0.00002
 -0.00001		 -0.00002
 -0.00001		 -0.00001
 -0.00001		 -0.00001
 -0.00001		 -0.00001
 -0.00001		 -0.00000
 -0.00002		 -0.00000
 -0.00002		  0.00000
 -0.00001		  0.00000
 -0.00001		  0.00001
 -0.00001		  0.00001
 -0.00001		  0.00001
 -0.00001		  0.00001
 -0.00000		  0.00001
  0.00000		  0.00001
  0.00000		  0.00001
  0.00001		  0.00001
  0.00001		  0.00001
  0.00001		  0.00001
  0.00001		  0.00001
  0.00001		  0.00000
  0.00001		  0.00000
  0.00001		 -0.00000
  0.00001		 -0.00000
  0.00001		 -0.00001
  0.00001		 -0.00001
  0.00001		 -0.00001
  0.00000		 -0.00001
  0.00000		 -0.00001
 -0.00000		 -0.00001
 -0.00000		 -0.00001
 -0.00000		 -0.00001
 -0.00001		 -0.00001
 -0.00001		 -0.00001
 -0.00001		 -0.00000
 -0.00001		 -0.00000
 -0.00001		  0.00000
 -0.00001		  0.00000
 -0.00001		  0.00000
 -0.00001		  0.00000
 -0.00000		  0.00001
 -0.00000		  0.00001
 -0.00000		  0.00001
 -0.00000		  0.00001
  0.00000		  0.00001
  0.00000		  0.00001
  0.00000		  0.00001
  0.00000		  0.00000
  0.00000		  0.00000
  0.00001		  0.00000
  0.00001		  0.00000
  0.00001		 -0.00000
  0.00000		 -0.00000
  0.00000		 -0.00000
  0.00000		 -0.00000
  0.00000		 -0.00000
  0.00000		 -0.00000
  0.00000		 -0.00000
 -0.00000		 -0.00000
 -0.00000		 -0.00000
 -0.00000		 -0.00000
 -0.00000		 -0.00000
 -0.00000		 -0.00000
 -0.00000		 -0.00000
 -0.00000		 -0.00000
 -0.00000		 -0.00000
 -0.00000		  0.00000
 -0.00000		  0.00000
 -0.00000		  0.00000
 -0.00000		  0.00000
 -0.00000		  0.00000
 -0.00000		  0.00000
 -0.00000		  0.00000
  0.00000		  0.00000
  0.00000		  0.00000
 -0.00000		 -0.00000
 -0.00000		 -0.00000
 -0.00000		 -0.00000
 -0.00000		 -0.00000
 -0.00000		 -0.00000
 -0.00000		 -0.00000
 -0.00000		  0.00000
 -0.00000		  0.00000
 -0.00000		  0.00000
 -0.00000		  0.00000
 -0.00000		  0.00000
 -0.00000		  0.00000
 -0.00000		  0.00000
  0.00000		  0.00000
  0.00000		  0.00000
  0.00000		  0.00000
  0.00000		  0.00000
  0.00000		  0.00000
  0.00000		  0.00000
  0.00000		  0.00000
  0.00000		 -0.00000
  0.00000		 -0.00000
  0.00000		 -0.00000
  0.00000		 -0.00000
  0.00000		 -0.00000
  0.00000		 -0.00000
  0.00000		 -0.00000
  0.00000		 -0.00000
 -0.00000		 -0.00000
 -0.00000		 -0.00000
 -0.00000		 -0.00000
 -0.00000		 -0.00000
 -0.00000		 -0.00000
 -0.00001		 -0.00000
 -0.00001		 -0.00000
 -0.00001		  0.00000
 -0.00001		  0.00000
 -0.00001		  0.00000
 -0.00000		  0.00000
 -0.00000		  0.00001
 -0.00000		  0.00001
 -0.00000		  0.00001
  0.00000		  0.00001
  0.00000		  0.00001
  0.00000		  0.00001
  0.00000		  0.00001
  0.00001		  0.00000
  0.00001		  0.00000
  0.00001		  0.00000
  0.00001		  0.00000
  0.00001		 -0.00000
  0.00001		 -0.00000
  0.00001		 -0.00000
  0.00001		 -0.00001
  0.00000		 -0.00001
  0.00000		 -0.00001
  0.00000		 -0.00001
 -0.00000		 -0.00001
 -0.00000		 -0.00001
 -0.00000		 -0.00001
 -0.00001		 -0.00001
 -0.00001		 -0.00000
 -0.00001		 -0.00000
 -0.00001		 -0.00000
 -0.00001		  0.00000
 -0.00001		  0.00000
 -0.00001		  0.00000
 -0.00001		  0.00000
 -0.00001		  0.00001
 -0.00000		  0.00001
 -0.00000		  0.00001
 -0.00000		  0.00001
  0.00000		  0.00001
  0.00000		  0.00001
  0.00000		  0.00001
  0.00001		  0.00001
  0.00001		  0.00000
  0.00001		  0.00000
  0.00001		  0.00000
  0.00001		 -0.00000
  0.00001		 -0.00000
  0.00001		 -0.00000
  0.00001		 -0.00000
  0.00000		 -0.00001
  0.00000		 -0.00001
  0.00000		 -0.00001
  0.00000		 -0.00001
 -0.00000		 -0.00001
 -0.00000		 -0.00001
 -0.00000		 -0.00001
 -0.00001		 -0.00000
 -0.00001		 -0.00000
 -0.00001		 -0.00000
 -0.00001		 -0.00000
 -0.00001		  0.00000
 -0.00001		  0.00000
 -0.00001		  0.00000
 -0.00000		  0.00000
 -0.00000		  0.00001
 -0.00000		  0.00001
 -0.00000		  0.00001
  0.00000		  0.00001
  0.00000		  0.00001
  0.00000		  0.00001
  0.00000		  0.00000
  0.00000		  0.00000
  0.00001		  0.00000
  0.00001		  0.00000
  0.00001		  0.00000
  0.00001		 -0.00000
  0.00001		 -0.00000
  0.00000		 -0.00000
  0.00000		 -0.00000
  0.00000		 -0.00000
  0.00000		 -0.00000
  0.00000		 -0.00001
 -0.00000		 -0.00000
 -0.00000		 -0.00000
 -0.00000		 -0.00000
 -0.00000		 -0.00000
 -0.00000		 -0.00000
 -0.00000		 -0.00000
 -0.00000		 -0.00000
 -0.00000		  0.00000
 -0.00000		  0.00000
 -0.00000		  0.00000
 -0.00000		  0.00000
 -0.00000		  0.00000
 -0.00000		  0.00000
 -0.00000		  0.00000
 -0.00000		  0.00000
  0.00000		  0.00000
  0.00000		  0.00000
  0.00000		  0.00000
  0.00000		  0.00000
  0.00000		  0.00000
  0.00000		  0.00000
  0.00000		  0.00000
  0.00000		 -0.00000
  0.00000		 -0.00000
  0.00000		 -0.00000
  0.00000		 -0.00000
  0.00000		 -0.00000
  0.00000		 -0.00000
  0.00000		 -0.00000
 -0.00000		 -0.00000
 -0.00000		 -0.00000
 -0.00000		 -0.00000
 -0.00000		 -0.00000
 -0.00000		 -0.00000
 -0.00000		 -0.00000
 -0.00000		 -0.00000
 -0.00000		 -0.00000
 -0.00000		  0.00000
 -0.00000		  0.00000
 -0.00000		  0.00000
 -0.00000		  0.00000
 -0.00000		  0.00000
  0.00000		 -0.00000
  0.00000		 -0.00000
 -0.00000		 -0.00000
 -0.00000		 -0.00000
 -0.00000		 -0.00000
 -0.00000		 -0.00000
 -0.00000		 -0.00000
 -0.00000		 -0.00000
 -0.00000		 -0.00000
 -0.00000		  0.00000
 -0.00000		  0.00000
 -0.00000		  0.00000
 -0.00000		  0.00000
 -0.00000		  0.00000
 -0.00000		  0.00000
 -0.00000		  0.00000
 -0.00000		  0.00000
  0.00000		  0.00000
  0.00000		  0.00000
  0.00000		  0.00000
  0.00000		  0.00000
  0.00000		  0.00000
  0.00000		  0.00000
  0.00000		  0.00000
  0.00000		 -0.00000
  0.00000		 -0.00000
  0.00000		 -0.00000
  0.00000		 -0.00000
  0.00000		 -0.00000
  0.00000		 -0.00000
  0.00000		 -0.00000
  0.00000		 -0.00000
 -0.00000		 -0.00000
 -0.00000		 -0.00000
 -0.00000		 -0.00000
 -0.00000		 -0.00000
 -0.00000		 -0.00000
 -0.00000		 -0.00000
 -0.00000		 -0.00000
 -0.00000		  0.00000
 -0.00000		  0.00000
 -0.00000		  0.00000
 -0.00000		  0.00000
 -0.00000		  0.00000
 -0.00000		  0.00000
 -0.00000		  0.00000
  0.00000		  0.00000
  0.00000		  0.00000
  0.00000		  0.00000
  0.00000		  0.00000
  0.00000		  0.00000
  0.00000		  0.00000
  0.00000		  0.00000
  0.00000		  0.00000
  0.00000		 -0.00000
  0.00000		 -0.00000
  0.00000		 -0.00000
  0.00000		 -0.00000
  0.00000		 -0.00000
  0.00000		 -0.00000
  0.00000		 -0.00000
 -0.00000		 -0.00000
 -0.00000		 -0.00000
 -0.00000		 -0.00000
 -0.00000		 -0.00000
 -0.00000		 -0.00000
 -0.00000		 -0.00000
 -0.00000		 -0.00000
 -0.00000		  0.00000
 -0.00000		  0.00000
 -0.00000		  0.00000
 -0.00000		  0.00000
 -0.00000		  0.00000
 -0.00000		  0.00000
 -0.00000		  0.00000
 -0.00000		  0.00000
  0.00000		  0.00000
  0.00000		  0.00000
  0.00000		  0.00000
  0.00000		  0.00000
  0.00000		  0.00000
  0.00000		  0.00000
  0.00000		  0.00000
  0.00000		 -0.00000
  0.00000		 -0.00000
  0.00000		 -0.00000
  0.00000		 -0.00000
  0.00000		 -0.00000
  0.00000		 -0.00000
  0.00000		 -0.00000
 -0.00000		 -0.00000
 -0.00000		 -0.00000
 -0.00000		 -0.00000
 -0.00000		 -0.00000
 -0.00000		 -0.00000
 -0.00000		 -0.00000
 -0.00000		 -0.00000
 -0.00000		 -0.00000
 -0.00000		  0.00000
 -0.00000		  0.00000
 -0.00000		  0.00000
 -0.00000		  0.00000
 -0.00000		  0.00000
 -0.00000		  0.00000
 -0.00000		  0.00000
  0.00000		  0.00000
  0.00000		  0.00000
  0.00000		  0.00000
  0.00000		  0.00000
  0.00000		  0.00000
  0.00000		  0.00000
  0.00000		  0.00000
  0.00000		  0.00000
  0.00000		 -0.00000
  0.00000		 -0.00000
  0.00000		 -0.00000
  0.00000		 -0.00000
  0.00000		 -0.00000
  0.00000		 -0.00000
  0.00000		 -0.00000
 -0.00000		 -0.00000
 -0.00000		 -0.00000
 -0.00000		 -0.00000
 -0.00000		 -0.00000
 -0.00000		 -0.00000
  0.00000		  0.00000
  0.00000		  0.00000
  0.00000		 -0.00000
  0.00000		 -0.00000
  0.00000		 -0.00000
  0.00000		 -0.00000
  0.00000		 -0.00000
  0.00000		 -0.00000
  0.00000		 -0.00000
  0.00000		 -0.00000
 -0.00000		 -0.00000
 -0.00000		 -0.00000
 -0.00000		 -0.00000
 -0.00000		 -0.00000
 -0.00000		 -0.00000
 -0.00000		 -0.00000
 -0.00000		 -0.00000
 -0.00000		  0.00000
 -0.00000		  0.00000
 -0.00000		  0.00000
 -0.00000		  0.00000
 -0.00000		  0.00000
 -0.00000		  0.00000
 -0.00000		  0.00000
  0.00000		  0.00000
  0.00000		  0.00000
  0.00000		  0.00000
  0.00000		  0.00000
  0.00000		  0.00000
  0.00000		  0.00000
  0.00000		  0.00000
  0.00000		  0.00000
  0.00000		 -0.00000
  0.00000		 -0.00000
  0.00000		 -0.00000
  0.00000		 -0.00000
  0.00000		 -0.00000
  0.00000		 -0.00000
  0.00000		 -0.00000
 -0.00000		 -0.00000
 -0.00000		 -0.00000
 -0.00000		 -0.00000
 -0.00000		 -0.00000
 -0.00000		 -0.00000
 -0.00000		 -0.00000
 -0.00000		 -0.00000
 -0.00000		  0.00000
 -0.00000		  0.00000
 -0.00000		  0.00000
 -0.00000		  0.00000
 -0.00000		  0.00000
 -0.00000		  0.00000
 -0.00000		  0.00000
 -0.00000		  0.00000
  0.00000		  0.00000
  0.00000		  0.00000
  0.00000		  0.00000
  0.00000		  0.00000
  0.00000		  0.00000
  0.00000		  0.00000
  0.00000		  0.00000
  0.00000		 -0.00000
  0.00000		 -0.00000
  0.00000		 -0.00000
  0.00000		 -0.00000
  0.00000		 -0.00000
  0.00000		 -0.00000
  0.00000		 -0.00000
 -0.00000		 -0.00000
 -0.00000		 -0.00000
 -0.00000		 -0.00000
 -0.00000		 -0.00000
 -0.00000		 -0.00000
 -0.00000		 -0.00000
 -0.00000		 -0.00000
 -0.00000		 -0.00000
 -0.00000		  0.00000
 -0.00000		  0.00000
 -0.00000		  0.00000
 -0.00000		  0.00000
 -0.00000		  0.00000
 -0.00000		  0.00000
 -0.00000		  0.00000
  0.00000		  0.00000
  0.00000		  0.00000
  0.00000		  0.00000
  0.00000		  0.00000
  0.00000		  0.00000
  0.00000		  0.00000
  0.00000		  0.00000
  0.00000		  0.00000
  0.00000		 -0.00000
  0.00000		 -0.00000
  0.00000		 -0.00000
  0.00000		 -0.00000
  0.00000		 -0.00000
  0.00000		 -0.00000
  0.00000		 -0.00000
 -0.00000		 -0.00000
 -0.00000		 -0.00000
 -0.00000		 -0.00000
 -0.00000		 -0.00000
 -0.00000		 -0.00000
 -0.00000		 -0.00000
 -0.00000		 -0.00000
 -0.00000		  0.00000
 -0.00000		  0.00000
 -0.00000		  0.00000
 -0.00000		  0.00000
 -0.00000		  0.00000
 -0.00000		  0.00000
 -0.00000		  0.00000
 -0.00000		  0.00000
  0.00000		  0.00000
  0.00000		  0.00000
  0.00000		  0.00000
  0.00000		  0.00000
  0.00000		  0.00000
  0.00000		  0.00000
  0.00000		  0.00000
  0.00000		 -0.00000
  0.00000		 -0.00000
  0.00000		 -0.00000
  0.00000		 -0.00000
  0.00000		 -0.00000
  0.00000		 -0.00000
  0.00000		 -0.00000
 -0.00000		 -0.00000
 -0.00000		 -0.00000
 -0.00000		 -0.00000
 -0.00000		 -0.00000
 -0.00000		 -0.00000
 -0.00000		 -0.00000
 -0.00000		 -0.00000
 -0.00000		 -0.00000
 -0.00000		  0.00000
 -0.00000		  0.00000
 -0.00000		  0.00000
 -0.00000		  0.00000
 -0.00000		  0.00000
 -0.00000		  0.00000
 -0.00000		  0.00000
  0.00000		  0.00000
  0.00000		  0.00000
  0.00000		  0.00000
  0.00000		  0.00000
  0.00000		  0.00000
  0.00000		  0.00000
  0.00000		  0.00000
  0.00000		 -0.00000
  0.00000		 -0.00000
  0.00000		 -0.00000
  0.00000		 -0.00000
  0.00000		 -0.00000
  0.00000		 -0.00000
  0.00000		 -0.00000
  0.00000		 -0.00000
 -0.00000		 -0.00000
 -0.00000		 -0.00000
 -0.00000		 -0.00000
 -0.00000		 -0.00000
 -0.00000		 -0.00000
 -0.00000		 -0.00000
 -0.00000		 -0.00000
 -0.00000		  0.00000
 -0.00000		  0.00000
 -0.00000		  0.00000
 -0.00000		  0.00000
 -0.00000		  0.00000
 -0.00000		  0.00000
 -0.00000		  0.00000
  0.00000		  0.00000
  0.00000		  0.00000
  0.00000		  0.00000
  0.00000		  0.00000
  0.00000		  0.00000
  0.00000		  0.00000
  0.00000		  0.00000
  0.00000		  0.00000
  0.00000		 -0.00000
  0.00000		 -0.00000
  0.00000		 -0.00000
  0.00000		 -0.00000
  0.00000		 -0.00000
  0.00000		 -0.00000
  0.00000		 -0.00000
 -0.00000		 -0.00000
 -0.00000		 -0.00000
 -0.00000		 -0.00000
 -0.00000		 -0.00000
 -0.00000		 -0.00000
 -0.00000		 -0.00000
 -0.00000		 -0.00000
 -0.00000		 -0.00000
 -0.00000		  0.00000
 -0.00000		  0.00000
 -0.00000		  0.00000
 -0.00000		  0.00000
 -0.00000		  0.00000
 -0.00000		  0.00000
 -0.00000		  0.00000
  0.00000		  0.00000
  0.00000		  0.00000
  0.00000		  0.00000
  0.00000		  0.00000
  0.00000		  0.00000
  0.00000		  0.00000
  0.00000		  0.00000
  0.00000		 -0.00000
  0.00000		 -0.00000
  0.00000		 -0.00000
  0.00000		 -0.00000
  0.00000		 -0.00000
  0.00000		 -0.00000
  0.00000		 -0.00000
  0.00000		 -0.00000
 -0.00000		 -0.00000
 -0.00000		 -0.00000
 -0.00000		 -0.00000
 -0.00000		 -0.00000
 -0.00000		 -0.00000
 -0.00000		 -0.00000
 -0.00000		 -0.00000
 -0.00000		  0.00000
 -0.00000		  0.00000
 -0.00000		  0.00000
 -0.00000		  0.00000
 -0.00000		  0.00000
 -0.00000		  0.00000
 -0.00000		  0.00000
  0.00000		  0.00000
  0.00000		  0.00000
  0.00000		  0.00000
  0.00000		  0.00000
  0.00000		  0.00000
  0.00000		  0.00000
  0.00000		  0.00000
  0.00000		  0.00000
  0.00000		 -0.00000
  0.00000		 -0.00000
  0.00000		 -0.00000
  0.00000		 -0.00000
  0.00000		 -0.00000
  0.00000		 -0.00000
  0.00000		 -0.00000
 -0.00000		 -0.00000
 -0.00000		 -0.00000
 -0.00000		 -0.00000
 -0.00000		 -0.00000
 -0.00000		 -0.00000
 -0.00000		 -0.00000
 -0.00000		 -0.00000
 -0.00000		  0.00000
 -0.00000		  0.00000
 -0.00000		  0.00000
 -0.00000		  0.00000
 -0.00000		  0.00000
 -0.00000		  0.00000
 -0.00000		  0.00000
 -0.00000		  0.00000
  0.00000		  0.00000
  0.00000		  0.00000
  0.00000		  0.00000
  0.00000		  0.00000
  0.00000		  0.00000
  0.00000		  0.00000
  0.00000		  0.00000
  0.00000		 -0.00000
  0.00000		 -0.00000
  0.00000		 -0.00000
  0.00000		 -0.00000
  0.00000		 -0.00000
  0.00000		 -0.00000
  0.00000		 -0.00000
  0.00000		 -0.00000
 -0.00000		 -0.00000
 -0.00000		 -0.00000
 -0.00000		 -0.00000
 -0.00000		 -0.00000
 -0.00000		 -0.00000
 -0.00000		 -0.00000
 -0.00000		 -0.00000
 -0.00000		  0.00000
 -0.00000		  0.00000
 -0.00000		  0.00000
 -0.00000		  0.00000
 -0.00000		  0.00000
 -0.00000		  0.00000
 -0.00000		  0.00000
  0.00000		  0.00000
  0.00000		  0.00000
  0.00000		  0.00000
  0.00000		  0.00000
  0.00000		  0.00000
  0.00000		  0.00000
  0.00000		  0.00000
  0.00000		  0.00000
  0.00000		 -0.00000
  0.00000		 -0.00000
  0.00000		 -0.00000
  0.00000		 -0.00000
  0.00000		 -0.00000
  0.00000		 -0.00000
  0.00000		 -0.00000
 -0.00000		 -0.00000
 -0.00000		 -0.00000
 -0.00000		 -0.00000
 -0.00000		 -0.00000
 -0.00000		 -0.00000
 -0.00000		 -0.00000
 -0.00000		 -0.00000
 -0.00000		  0.00000
 -0.00000		  0.00000
 -0.00000		  0.00000
 -0.00000		  0.00000
 -0.00000		  0.00000
 -0.00000		  0.00000
 -0.00000		  0.00000
 -0.00000		  0.00000
  0.00000		  0.00000
  0.00000		  0.00000
  0.00000		  0.00000
  0.00000		  0.00000
  0.00000		  0.00000
  0.00000		  0.00000
  0.00000		  0.00000
  0.00000		 -0.00000
  0.00000		 -0.00000
  0.00000		 -0.00000
  0.00000		 -0.00000
  0.00000		 -0.00000
  0.00000		 -0.00000
  0.00000		 -0.00000
 -0.00000		 -0.00000
 -0.00000		 -0.00000
 -0.00000		 -0.00000
 -0.00000		 -0.00000
 -0.00000		 -0.00000
 -0.00000		 -0.00000
 -0.00000		 -0.00000
 -0.00000		 -0.00000
 -0.00000		  0.00000
 -0.00000		  0.00000
 -0.00000		  0.00000
 -0.00000		  0.00000
 -0.00000		  0.00000
 -0.00000		  0.00000
 -0.00000		  0.00000
  0.00000		  0.00000
  0.00000		  0.00000
  0.00000		  0.00000
  0.00000		  0.00000
  0.00000		  0.00000
  0.00000		  0.00000
  0.00000		  0.00000
  0.00000		 -0.00000
  0.00000		 -0.00000
  0.00000		 -0.00000
  0.00000		 -0.00000
  0.00000		 -0.00000
  0.00000		 -0.00000
  0.00000		 -0.00000
  0.00000		 -0.00000
 -0.00000		 -0.00000
 -0.00000		 -0.00000
 -0.00000		 -0.00000
 -0.00000		 -0.00000
 -0.00000		 -0.00000
 -0.00000		 -0.00000
 -0.00000		 -0.00000
 -0.00000		  0.00000
 -0.00000		  0.00000
 -0.00000		  0.00000
 -0.00000		  0.00000
 -0.00000		  0.00000
 -0.00000		  0.00000
 -0.00000		  0.00000
 -0.00000		  0.00000
  0.00000		  0.00000
  0.00000		  0.00000
  0.00000		  0.00000
  0.00000		  0.00000
  0.00000		  0.00000
  0.00000		  0.00000
  0.00000		  0.00000
  0.00000		 -0.00000
  0.00000		 -0.00000
  0.00000		 -0.00000
  0.00000		 -0.00000
  0.00000		 -0.00000
  0.00000		 -0.00000
  0.00000		 -0.00000
 -0.00000		 -0.00000
 -0.00000		 -0.00000
 -0.00000		 -0.00000
 -0.00000		 -0.00000
 -0.00000		 -0.00000
 -0.00000		 -0.00000
 -0.00000		 -0.00000
  0.00000		  0.00000
  0.00000		 -0.00000
  0.00000		 -0.00000
  0.00000		 -0.00000
  0.00000		 -0.00000
  0.00000		 -0.00000
  0.00000		 -0.00000
  0.00000		 -0.00000
 -0.00000		 -0.00000
 -0.00000		 -0.00000
 -0.00000		 -0.00000
 -0.00000		 -0.00000
 -0.00000		 -0.00000
 -0.00000		 -0.00000
 -0.00000		 -0.00000
 -0.00000		  0.00000
 -0.00000		  0.00000
 -0.00000		  0.00000
 -0.00000		  0.00000
 -0.00000		  0.00000
 -0.00000		  0.00000
 -0.00000		  0.00000
 -0.00000		  0.00000
  0.00000		  0.00000
  0.00000		  0.00000
  0.00000		  0.00000
  0.00000		  0.00000
  0.00000		  0.00000
  0.00000		  0.00000
  0.00000		  0.00000
  0.00000		 -0.00000
  0.00000		 -0.00000
  0.00000		 -0.00000
  0.00000		 -0.00000
  0.00000		 -0.00000
  0.00000		 -0.00000
  0.00000		 -0.00000
 -0.00000		 -0.00000
 -0.00000		 -0.00000
 -0.00000		 -0.00000
 -0.00000		 -0.00000
 -0.00000		 -0.00000
 -0.00000		 -0.00000
 -0.00000		 -0.00000
 -0.00000		 -0.00000
 -0.00000		  0.00000
 -0.00000		  0.00000
 -0.00000		  0.00000
 -0.00000		  0.00000
 -0.00000		  0.00000
 -0.00000		  0.00000
 -0.00000		  0.00000
  0.00000		  0.00000
  0.00000		  0.00000
  0.00000		  0.00000
  0.00000		  0.00000
  0.00000		  0.00000
  0.00000		  0.00000
  0.00000		  0.00000
  0.00000		  0.00000
  0.00000		 -0.00000
  0.00000		 -0.00000
  0.00000		 -0.00000
  0.00000		 -0.00000
  0.00000		 -0.00000
  0.00000		 -0.00000
  0.00000		 -0.00000
 -0.00000		 -0.00000
 -0.00000		 -0.00000
 -0.00000		 -0.00000
 -0.00000		 -0.00000
 -0.00000		 -0.00000
 -0.00000		 -0.00000
 -0.00000		 -0.00000
 -0.00000		  0.00000
 -0.00000		  0.00000
 -0.00000		  0.00000
 -0.00000		  0.00000
 -0.00000		  0.00000
 -0.00000		  0.00000
 -0.00000		  0.00000
 -0.00000		  0.00000
  0.00000		  0.00000
  0.00000		  0.00000
  0.00000		  0.00000
  0.00000		  0.00000
  0.00000		  0.00000
  0.00000		  0.00000
  0.00000		  0.00000
  0.00000		 -0.00000
  0.00000		 -0.00000
  0.00000		 -0.00000
  0.00000		 -0.00000
  0.00000		 -0.00000
  0.00000		 -0.00000
  0.00000		 -0.00000
 -0.00000		 -0.00000
 -0.00000		 -0.00000
 -0.00000		 -0.00000
 -0.00000		 -0.00000
 -0.00000		 -0.00000
 -0.00000		 -0.00000
 -0.00000		 -0.00000
 -0.00000		 -0.00000
 -0.00000		  0.00000
 -0.00000		  0.00000
 -0.00000		  0.00000
 -0.00000		  0.00000
 -0.00000		  0.00000
 -0.00000		  0.00000
 -0.00000		  0.00000
  0.00000		  0.00000
  0.00000		  0.00000
  0.00000		  0.00000
  0.00000		  0.00000
  0.00000		  0.00000
  0.00000		  0.00000
  0.00000		  0.00000
  0.00000		 -0.00000
  0.00000		 -0.00000
  0.00000		 -0.00000
  0.00000		 -0.00000
  0.00000		 -0.00000
  0.00000		 -0.00000
  0.00000		 -0.00000
  0.00000		 -0.00000
 -0.00000		 -0.00000
 -0.00000		 -0.00000
 -0.00000		 -0.00000
 -0.00000		 -0.00000
 -0.00000		 -0.00000
 -0.00000		 -0.00000
 -0.00000		 -0.00000
 -0.00000		  0.00000
 -0.00000		  0.00000
 -0.00000		  0.00000
 -0.00000		  0.00000
 -0.00000		  0.00000
 -0.00000		  0.00000
 -0.00000		  0.00000
  0.00000		  0.00000
  0.00000		  0.00000
  0.00000		  0.00000
  0.00000		  0.00000
  0.00000		  0.00000
  0.00000		  0.00000
  0.00000		  0.00000
  0.00000		  0.00000
  0.00000		 -0.00000
  0.00000		 -0.00000
  0.00000		 -0.00000
  0.00000		 -0.00000
  0.00000		 -0.00000
  0.00000		 -0.00000
  0.00000		 -0.00000
 -0.00000		 -0.00000
 -0.00000		 -0.00000
 -0.00000		 -0.00000
 -0.00000		 -0.00000
 -0.00000		 -0.00000
 -0.00000		 -0.00000
 -0.00000		 -0.00000
 -0.00000		 -0.00000
 -0.00000		  0.00000
 -0.00000		  0.00000
 -0.00000		  0.00000
 -0.00000		  0.00000
 -0.00000		  0.00000
 -0.00000		  0.00000
 -0.00000		  0.00000
  0.00000		  0.00000
  0.00000		  0.00000
  0.00000		  0.00000
  0.00000		  0.00000
  0.00000		  0.00000
  0.00000		  0.00000
  0.00000		  0.00000
  0.00000		 -0.00000
  0.00000		 -0.00000
  0.00000		 -0.00000
  0.00000		 -0.00000
  0.00000		 -0.00000
  0.00000		 -0.00000
  0.00000		 -0.00000
  0.00000		 -0.00000
 -0.00000		 -0.00000
 -0.00000		 -0.00000
 -0.00000		 -0.00000
 -0.00000		 -0.00000
 -0.00000		 -0.00000
 -0.00000		 -0.00000
 -0.00000		 -0.00000
 -0.00000		  0.00000
 -0.00000		  0.00000
 -0.00000		  0.00000
 -0.00000		  0.00000
 -0.00000		  0.00000
 -0.00000		  0.00000
 -0.00000		  0.00000
  0.00000		  0.00000
  0.00000		  0.00000
  0.00000		  0.00000
  0.00000		  0.00000
  0.00000		  0.00000
  0.00000		  0.00000
  0.00000		  0.00000
  0.00000		  0.00000
  0.00000		 -0.00000
  0.00000		 -0.00000
  0.00000		 -0.00000
  0.00000		 -0.00000
  0.00000		 -0.00000
  0.00000		 -0.00000
  0.00000		 -0.00000
 -0.00000		 -0.00000
 -0.00000		 -0.00000
 -0.00000		 -0.00000
 -0.00000		 -0.00000
 -0.00000		 -0.00000
 -0.00000		 -0.00000
 -0.00000		 -0.00000
 -0.00000		  0.00000
 -0.00000		  0.00000
 -0.00000		  0.00000
 -0.00000		  0.00000
 -0.00000		  0.00000
 -0.00000		  0.00000
 -0.00000		  0.00000
 -0.00000		  0.00000
  0.00000		  0.00000
  0.00000		  0.00000
  0.00000		  0.00000
  0.00000		  0.00000
  0.00000		  0.00000
  0.00000		  0.00000
  0.00000		  0.00000
  0.00000		 -0.00000
  0.00000		 -0.00000
  0.00000		 -0.00000
  0.00000		 -0.00000
  0.00000		 -0.00000
  0.00000		 -0.00000
  0.00000		 -0.00000
 -0.00000		 -0.00000
 -0.00000		 -0.00000
 -0.00000		 -0.00000
 -0.00000		 -0.00000
 -0.00000		 -0.00000
 -0.00000		 -0.00000
 -0.00000		 -0.00000
 -0.00000		 -0.00000
 -0.00000		  0.00000
 -0.00000		  0.00000
 -0.00000		  0.00000
