  0.68770		  0.09493
  1.37923		 -0.10238
  1.31958		 -0.38718
  1.20000		 -0.65068
  1.02700		 -0.88021
  0.80978		 -1.06496
  0.55969		 -1.19656
  0.28959		 -1.26940
  0.01321		 -1.28099
 -0.25557		 -1.23200
 -0.50354		 -1.12623
 -0.71874		 -0.97033
 -0.89114		 -0.77345
 -1.01310		 -0.54668
 -1.07978		 -0.30247
 -1.08934		 -0.05395
 -1.04297		  0.18579
 -0.94486		  0.40441
 -0.80182		  0.59094
 -0.62294		  0.73639
 -0.41909		  0.83414
 -0.20222		  0.88036
  0.01522		  0.87407
  0.22103		  0.81722
  0.40389		  0.71453
  0.55398		  0.57317
  0.66349		  0.40233
  0.72703		  0.21273
  0.74192		  0.01593
  0.70827		 -0.17625
  0.62895		 -0.35244
  0.50941		 -0.50233
  0.35736		 -0.61722
  0.18227		 -0.69054
 -0.00514		 -0.71815
 -0.19350		 -0.69857
 -0.37149		 -0.63307
 -0.52840		 -0.52554
 -0.65480		 -0.38226
 -0.74301		 -0.21156
 -0.78755		 -0.02334
 -0.78544		  0.17150
 -0.73635		  0.36170
 -0.64258		  0.53622
 -0.50903		  0.68487
 -0.34278		  0.79892
 -0.15280		  0.87151
  0.05058		  0.89809
  0.25627		  0.87663
  0.45297		  0.80778
  0.62988		  0.69476
  0.77721		  0.54326
  0.88677		  0.36105
  0.95236		  0.15764
  0.97021		 -0.05633
  0.93905		 -0.26960
  0.86030		 -0.47092
  0.73790		 -0.64968
  0.57816		 -0.79649
  0.38935		 -0.90362
  0.18131		 -0.96551
 -0.03513		 -0.97899
 -0.24868		 -0.94347
 -0.44827		 -0.86095
 -0.62357		 -0.73597
 -0.76562		 -0.57524
 -0.86725		 -0.38738
 -0.92343		 -0.18239
 -0.93164		  0.02886
 -0.89186		  0.23524
 -0.80668		  0.42598
 -0.68104		  0.59116
 -0.52202		  0.72235
 -0.33844		  0.81296
 -0.14036		  0.85863
  0.06149		  0.85746
  0.25623		  0.81003
  0.43348		  0.71946
  0.58386		  0.59113
  0.69953		  0.43239
  0.77460		  0.25222
  0.80539		  0.06066
  0.79067		 -0.13174
  0.73168		 -0.31443
  0.63203		 -0.47748
  0.49754		 -0.61210
  0.33585		 -0.71110
  0.15604		 -0.76930
 -0.03187		 -0.78373
 -0.21753		 -0.75386
 -0.39074		 -0.68153
 -0.54205		 -0.57093
 -0.66325		 -0.42823
 -0.74781		 -0.26136
 -0.79125		 -0.07951
 -0.79129		  0.10738
 -0.74806		  0.28915
 -0.66400		  0.45597
 -0.54374		  0.59886
 -0.39386		  0.71019
 -0.22249		  0.78406
 -0.03886		  0.81663
  0.14719		  0.80630
  0.32573		  0.75378
  0.48732		  0.66204
  0.62346		  0.53612
  0.72712		  0.38288
  0.79299		  0.21056
  0.81789		  0.02840
  0.80079		 -0.15394
  0.74297		 -0.32685
  0.64784		 -0.48134
  0.52079		 -0.60943
  0.36886		 -0.70470
  0.20035		 -0.76248
  0.02437		 -0.78019
 -0.14967		 -0.75746
 -0.31256		 -0.69602
 -0.45582		 -0.59973
 -0.57210		 -0.47425
 -0.65559		 -0.32677
 -0.70235		 -0.16555
 -0.71045		  0.00047
 -0.68012		  0.16221
 -0.61365		  0.31095
 -0.51528		  0.43877
 -0.39097		  0.53899
 -0.24800		  0.60654
 -0.09462		  0.63818
  0.06047		  0.63274
  0.20855		  0.59106
  0.34138		  0.51600
  0.45168		  0.41226
  0.53345		  0.28607
  0.58237		  0.14487
  0.59600		 -0.00315
  0.57385		 -0.14946
  0.51746		 -0.28568
  0.43030		 -0.40407
  0.31751		 -0.49794
  0.18564		 -0.56199
  0.04231		 -0.59261
 -0.10429		 -0.58808
 -0.24576		 -0.54868
 -0.37405		 -0.47660
 -0.48186		 -0.37585
 -0.56300		 -0.25206
 -0.61281		 -0.11211
 -0.62835		  0.03622
 -0.60858		  0.18469
 -0.55441		  0.32502
 -0.46864		  0.44944
 -0.35580		  0.55098
 -0.22192		  0.62395
 -0.07418		  0.66422
  0.07951		  0.66943
  0.23086		  0.63910
  0.37175		  0.57470
  0.49461		  0.47953
  0.59282		  0.35855
  0.66111		  0.21807
  0.69581		  0.06550
  0.69505		 -0.09118
  0.65883		 -0.24373
  0.58908		 -0.38419
  0.48946		 -0.50523
  0.36523		 -0.60059
  0.22293		 -0.66540
  0.07001		 -0.69641
 -0.08553		 -0.69218
 -0.23561		 -0.65314
 -0.37249		 -0.58155
 -0.48918		 -0.48139
 -0.57979		 -0.35812
 -0.63987		 -0.21833
 -0.66662		 -0.06948
 -0.65901		  0.08056
 -0.61787		  0.22396
 -0.54576		  0.35330
 -0.44689		  0.46198
 -0.32682		  0.54459
 -0.19219		  0.59713
 -0.05036		  0.61728
  0.09107		  0.60445
  0.22453		  0.55985
  0.34304		  0.48636
  0.44045		  0.38837
  0.51188		  0.27156
  0.55386		  0.14253
  0.56457		  0.00849
  0.54392		 -0.12320
  0.49351		 -0.24537
  0.41654		 -0.35148
  0.31763		 -0.43592
  0.20252		 -0.49432
  0.07780		 -0.52381
 -0.04950		 -0.52313
 -0.17228		 -0.49265
 -0.28378		 -0.43442
 -0.37788		 -0.35198
 -0.44954		 -0.25014
 -0.49495		 -0.13478
 -0.51180		 -0.01244
 -0.49938		  0.11000
 -0.45858		  0.22572
 -0.39186		  0.32830
 -0.30309		  0.41212
 -0.19733		  0.47263
 -0.08053		  0.50656
  0.04080		  0.51217
  0.15991		  0.48926
  0.27023		  0.43921
  0.36571		  0.36488
  0.44116		  0.27043
  0.49251		  0.16114
  0.51702		  0.04303
  0.51343		 -0.07741
  0.48206		 -0.19358
  0.42470		 -0.29920
  0.34458		 -0.38853
  0.24613		 -0.45680
  0.13476		 -0.50040
  0.01657		 -0.51706
 -0.10201		 -0.50602
 -0.21458		 -0.46801
 -0.31508		 -0.40521
 -0.39817		 -0.32116
 -0.45945		 -0.22051
 -0.49575		 -0.10878
 -0.50527		  0.00792
 -0.48768		  0.12327
 -0.44409		  0.23108
 -0.37704		  0.32556
 -0.29031		  0.40171
 -0.18874		  0.45556
 -0.07790		  0.48437
  0.03614		  0.48677
  0.14719		  0.46282
  0.24928		  0.41403
  0.33695		  0.34322
  0.40556		  0.25440
  0.45155		  0.15251
  0.47261		  0.04318
  0.46778		 -0.06762
  0.43752		 -0.17386
  0.38367		 -0.26983
  0.30933		 -0.35039
  0.21868		 -0.41130
  0.11676		 -0.44940
  0.00918		 -0.46279
 -0.09818		 -0.45093
 -0.19950		 -0.41465
 -0.28933		 -0.35608
 -0.36289		 -0.27859
 -0.41632		 -0.18650
 -0.44685		 -0.08490
 -0.45302		  0.02063
 -0.43467		  0.12434
 -0.39297		  0.22063
 -0.33035		  0.30435
 -0.25037		  0.37106
 -0.15748		  0.41729
 -0.05681		  0.44069
  0.04613		  0.44017
  0.14576		  0.41596
  0.23672		  0.36956
  0.31416		  0.30365
  0.37400		  0.22196
  0.41314		  0.12905
  0.42965		  0.03003
  0.42282		 -0.06967
  0.39323		 -0.16466
  0.34268		 -0.24983
  0.27408		 -0.32064
  0.19132		 -0.37339
  0.09902		 -0.40537
  0.00226		 -0.41502
 -0.09364		 -0.40203
 -0.18351		 -0.36728
 -0.26249		 -0.31288
 -0.32638		 -0.24194
 -0.37184		 -0.15847
 -0.39654		 -0.06712
 -0.39932		  0.02706
 -0.38021		  0.11890
 -0.34042		  0.20344
 -0.28230		  0.27609
 -0.20915		  0.33301
 -0.12510		  0.37119
 -0.03481		  0.38871
  0.05675		  0.38475
  0.14456		  0.35969
  0.22386		  0.31505
  0.29038		  0.25338
  0.34059		  0.17819
  0.37184		  0.09364
  0.38256		  0.00443
  0.37230		 -0.08458
  0.34175		 -0.16854
  0.29269		 -0.24290
  0.22791		 -0.30370
  0.15100		 -0.34770
  0.06623		 -0.37262
 -0.02177		 -0.37724
 -0.10821		 -0.36141
 -0.18843		 -0.32612
 -0.25812		 -0.27341
 -0.31360		 -0.20621
 -0.35196		 -0.12825
 -0.37125		 -0.04381
 -0.37055		  0.04254
 -0.35003		  0.12612
 -0.31094		  0.20247
 -0.25552		  0.26754
 -0.18686		  0.31792
 -0.10875		  0.35101
 -0.02545		  0.36519
  0.05852		  0.35984
  0.13866		  0.33542
  0.21070		  0.29341
  0.27086		  0.23621
  0.31602		  0.16704
  0.34389		  0.08972
  0.35317		  0.00848
  0.34352		 -0.07228
  0.31567		 -0.14822
  0.27131		 -0.21532
  0.21299		 -0.27005
  0.14401		 -0.30960
  0.06820		 -0.33200
 -0.01026		 -0.33624
 -0.08712		 -0.32230
 -0.15822		 -0.29111
 -0.21978		 -0.24457
 -0.26858		 -0.18538
 -0.30210		 -0.11689
 -0.31869		 -0.04291
 -0.31764		  0.03245
 -0.29919		  0.10509
 -0.26453		  0.17106
 -0.21573		  0.22685
 -0.15559		  0.26950
 -0.08752		  0.29682
 -0.01532		  0.30747
  0.05703		  0.30102
  0.12556		  0.27798
  0.18655		  0.23977
  0.23674		  0.18860
  0.27348		  0.12741
  0.29485		  0.05960
  0.29982		 -0.01104
  0.28825		 -0.08065
  0.26089		 -0.14542
  0.21937		 -0.20186
  0.16605		 -0.24694
  0.10392		 -0.27830
  0.03644		 -0.29433
 -0.03269		 -0.29427
 -0.09970		 -0.27824
 -0.16098		 -0.24723
 -0.21323		 -0.20303
 -0.25369		 -0.14814
 -0.28027		 -0.08561
 -0.29164		 -0.01887
 -0.28730		  0.04842
 -0.26762		  0.11263
 -0.23379		  0.17033
 -0.18776		  0.21845
 -0.13213		  0.25448
 -0.06997		  0.27660
 -0.00471		  0.28373
  0.06011		  0.27565
  0.12098		  0.25294
  0.17467		  0.21698
  0.21835		  0.16983
  0.24976		  0.11419
  0.26733		  0.05314
  0.27026		 -0.00994
  0.25856		 -0.07161
  0.23302		 -0.12854
  0.19519		 -0.17768
  0.14726		 -0.21644
  0.09196		 -0.24282
  0.03239		 -0.25552
 -0.02814		 -0.25399
 -0.08631		 -0.23846
 -0.13896		 -0.20994
 -0.18323		 -0.17011
 -0.21680		 -0.12129
 -0.23790		 -0.06623
 -0.24549		 -0.00804
 -0.23927		  0.05005
 -0.21969		  0.10485
 -0.18794		  0.15336
 -0.14587		  0.19294
 -0.09585		  0.22148
 -0.04071		  0.23748
  0.01650		  0.24013
  0.07261		  0.22936
  0.12454		  0.20585
  0.16947		  0.17093
  0.20496		  0.12658
  0.22913		  0.07527
  0.24069		  0.01982
  0.23907		 -0.03672
  0.22441		 -0.09127
  0.19756		 -0.14089
  0.16001		 -0.18290
  0.11385		 -0.21508
  0.06158		 -0.23572
  0.00605		 -0.24376
 -0.04974		 -0.23884
 -0.10281		 -0.22128
 -0.15034		 -0.19208
 -0.18983		 -0.15287
 -0.21922		 -0.10578
 -0.23702		 -0.05337
 -0.24235		  0.00153
 -0.23503		  0.05601
 -0.21555		  0.10718
 -0.18504		  0.15237
 -0.14521		  0.18923
 -0.09825		  0.21590
 -0.04672		  0.23108
  0.00661		  0.23407
  0.05890		  0.22487
  0.10740		  0.20410
  0.14959		  0.17300
  0.18330		  0.13335
  0.20687		  0.08736
  0.21918		  0.03757
  0.21973		 -0.01333
  0.20866		 -0.06260
  0.18672		 -0.10763
  0.15526		 -0.14609
  0.11611		 -0.17599
  0.07147		 -0.19588
  0.02385		 -0.20482
 -0.02413		 -0.20250
 -0.06989		 -0.18921
 -0.11096		 -0.16586
 -0.14519		 -0.13384
 -0.17081		 -0.09505
 -0.18654		 -0.05169
 -0.19167		 -0.00621
 -0.18607		  0.03888
 -0.17018		  0.08109
 -0.14502		  0.11816
 -0.11209		  0.14810
 -0.07330		  0.16935
 -0.03086		  0.18083
  0.01284		  0.18203
  0.05537		  0.17299
  0.09441		  0.15432
  0.12782		  0.12714
  0.15381		  0.09304
  0.17102		  0.05395
  0.17857		  0.01209
  0.17612		 -0.03023
  0.16389		 -0.07067
  0.14263		 -0.10701
  0.11356		 -0.13731
  0.07833		 -0.15992
  0.03893		 -0.17368
 -0.00248		 -0.17789
 -0.04362		 -0.17238
 -0.08225		 -0.15753
 -0.11630		 -0.13420
 -0.14393		 -0.10371
 -0.16371		 -0.06777
 -0.17463		 -0.02836
 -0.17614		  0.01237
 -0.16826		  0.05221
 -0.15147		  0.08903
 -0.12676		  0.12086
 -0.09551		  0.14605
 -0.05947		  0.16329
 -0.02061		  0.17174
  0.01895		  0.17104
  0.05709		  0.16130
  0.09178		  0.14315
  0.12119		  0.11766
  0.14380		  0.08626
  0.15849		  0.05073
  0.16455		  0.01301
  0.16176		 -0.02484
  0.15039		 -0.06078
  0.13116		 -0.09289
  0.10520		 -0.11950
  0.07402		 -0.13923
  0.03936		 -0.15110
  0.00315		 -0.15458
 -0.03262		 -0.14958
 -0.06600		 -0.13650
 -0.09520		 -0.11614
 -0.11869		 -0.08972
 -0.13525		 -0.05875
 -0.14405		 -0.02500
 -0.14471		  0.00965
 -0.13728		  0.04329
 -0.12227		  0.07407
 -0.10059		  0.10032
 -0.07349		  0.12066
 -0.04254		  0.13400
 -0.00947		  0.13969
  0.02386		  0.13748
  0.05562		  0.12755
  0.08407		  0.11052
  0.10766		  0.08738
  0.12512		  0.05944
  0.13554		  0.02829
  0.13839		 -0.00435
  0.13356		 -0.03669
  0.12136		 -0.06693
  0.10249		 -0.09346
  0.07803		 -0.11483
  0.04932		 -0.12992
  0.01796		 -0.13792
 -0.01434		 -0.13846
 -0.04582		 -0.13153
 -0.07481		 -0.11754
 -0.09973		 -0.09731
 -0.11929		 -0.07193
 -0.13245		 -0.04281
 -0.13857		 -0.01153
 -0.13734		  0.02023
 -0.12890		  0.05077
 -0.11374		  0.07847
 -0.09271		  0.10188
 -0.06700		  0.11979
 -0.03799		  0.13130
 -0.00726		  0.13585
  0.02355		  0.13328
  0.05281		  0.12377
  0.07897		  0.10793
  0.10070		  0.08664
  0.11689		  0.06111
  0.12674		  0.03272
  0.12982		  0.00304
  0.12605		 -0.02637
  0.11571		 -0.05393
  0.09944		 -0.07820
  0.07820		 -0.09795
  0.05318		 -0.11218
  0.02577		 -0.12022
 -0.00252		 -0.12171
 -0.03017		 -0.11669
 -0.05572		 -0.10552
 -0.07781		 -0.08888
 -0.09531		 -0.06777
 -0.10735		 -0.04337
 -0.11336		 -0.01707
 -0.11311		  0.00969
 -0.10670		  0.03546
 -0.09458		  0.05884
 -0.07749		  0.07861
 -0.05643		  0.09373
 -0.03260		  0.10346
 -0.00735		  0.10734
  0.01792		  0.10524
  0.04184		  0.09735
  0.06311		  0.08419
  0.08061		  0.06654
  0.09341		  0.04542
  0.10088		  0.02204
  0.10268		 -0.00229
  0.09876		 -0.02623
  0.08941		 -0.04846
  0.07521		 -0.06780
  0.05698		 -0.08321
  0.03576		 -0.09389
  0.01276		 -0.09930
 -0.01077		 -0.09920
 -0.03351		 -0.09365
 -0.05424		 -0.08301
 -0.07186		 -0.06791
 -0.08541		 -0.04921
 -0.09422		 -0.02797
 -0.09784		 -0.00537
 -0.09613		  0.01735
 -0.08923		  0.03895
 -0.07757		  0.05829
 -0.06183		  0.07432
 -0.04289		  0.08622
 -0.02182		  0.09337
  0.00022		  0.09546
  0.02203		  0.09241
  0.04244		  0.08444
  0.06035		  0.07204
  0.07484		  0.05593
  0.08515		  0.03701
  0.09077		  0.01636
  0.09146		 -0.00491
  0.08725		 -0.02564
  0.07840		 -0.04470
  0.06547		 -0.06110
  0.04920		 -0.07396
  0.03052		 -0.08265
  0.01046		 -0.08675
 -0.00986		 -0.08608
 -0.02934		 -0.08075
 -0.04693		 -0.07110
 -0.06169		 -0.05771
 -0.07286		 -0.04137
 -0.07987		 -0.02299
 -0.08239		 -0.00361
 -0.08033		  0.01570
 -0.07386		  0.03388
 -0.06340		  0.04996
 -0.04954		  0.06307
 -0.03310		  0.07254
 -0.01500		  0.07787
  0.00374		  0.07882
  0.02210		  0.07538
  0.03907		  0.06778
  0.05373		  0.05649
  0.06529		  0.04214
  0.07316		  0.02556
  0.07693		  0.00768
  0.07644		 -0.01052
  0.07173		 -0.02805
  0.06311		 -0.04394
  0.05107		 -0.05735
  0.03629		 -0.06756
  0.01960		 -0.07405
  0.00192		 -0.07648
 -0.01578		 -0.07476
 -0.03256		 -0.06901
 -0.04750		 -0.05957
 -0.05982		 -0.04697
 -0.06887		 -0.03193
 -0.07419		 -0.01526
 -0.07553		  0.00212
 -0.07285		  0.01927
 -0.06631		  0.03529
 -0.05632		  0.04932
 -0.04342		  0.06063
 -0.02835		  0.06864
 -0.01191		  0.07296
  0.00499		  0.07339
  0.02145		  0.06995
  0.03661		  0.06287
  0.04967		  0.05256
  0.05995		  0.03960
  0.06695		  0.02473
  0.07032		  0.00875
  0.06994		 -0.00748
  0.06588		 -0.02308
  0.05839		 -0.03723
  0.04792		 -0.04920
  0.03508		 -0.05838
  0.02058		 -0.06431
  0.00521		 -0.06673
 -0.01018		 -0.06555
 -0.02477		 -0.06090
 -0.03780		 -0.05306
 -0.04857		 -0.04251
 -0.05656		 -0.02985
 -0.06136		 -0.01581
 -0.06277		 -0.00115
 -0.06077		  0.01333
 -0.05550		  0.02684
 -0.04731		  0.03866
 -0.03668		  0.04819
 -0.02422		  0.05493
 -0.01064		  0.05857
  0.00330		  0.05895
  0.01686		  0.05609
  0.02928		  0.05020
  0.03992		  0.04164
  0.04821		  0.03090
  0.05373		  0.01862
  0.05622		  0.00548
  0.05558		 -0.00780
  0.05189		 -0.02048
  0.04538		 -0.03189
  0.03645		 -0.04140
  0.02561		 -0.04852
  0.01348		 -0.05290
  0.00073		 -0.05433
 -0.01193		 -0.05275
 -0.02381		 -0.04829
 -0.03427		 -0.04123
 -0.04275		 -0.03198
 -0.04883		 -0.02106
 -0.05218		 -0.00909
 -0.05265		  0.00327
 -0.05026		  0.01534
 -0.04515		  0.02646
 -0.03764		  0.03606
 -0.02816		  0.04361
 -0.01724		  0.04873
 -0.00549		  0.05118
  0.00645		  0.05083
  0.01792		  0.04775
  0.02831		  0.04213
  0.03708		  0.03430
  0.04375		  0.02470
  0.04801		  0.01388
  0.04964		  0.00243
  0.04859		 -0.00902
  0.04493		 -0.01985
  0.03891		 -0.02949
  0.03087		 -0.03743
  0.02127		 -0.04326
  0.01064		 -0.04669
 -0.00042		 -0.04757
 -0.01132		 -0.04587
 -0.02146		 -0.04173
 -0.03032		 -0.03539
 -0.03742		 -0.02722
 -0.04241		 -0.01770
 -0.04504		 -0.00734
 -0.04519		  0.00328
 -0.04290		  0.01358
 -0.03831		  0.02300
 -0.03171		  0.03106
 -0.02346		  0.03732
 -0.01405		  0.04147
 -0.00400		  0.04332
  0.00614		  0.04278
  0.01582		  0.03993
  0.02452		  0.03493
  0.03178		  0.02810
  0.03722		  0.01981
  0.04057		  0.01055
  0.04167		  0.00082
  0.04048		 -0.00885
  0.03711		 -0.01792
  0.03175		 -0.02591
  0.02473		 -0.03240
  0.01643		 -0.03706
  0.00734		 -0.03965
 -0.00206		 -0.04006
 -0.01124		 -0.03829
 -0.01971		 -0.03445
 -0.02702		 -0.02879
 -0.03279		 -0.02163
 -0.03671		 -0.01337
 -0.03860		 -0.00447
 -0.03838		  0.00457
 -0.03609		  0.01326
 -0.03186		  0.02114
 -0.02596		  0.02779
 -0.01872		  0.03286
 -0.01054		  0.03610
 -0.00189		  0.03735
  0.00677		  0.03656
  0.01497		  0.03381
  0.02226		  0.02925
  0.02826		  0.02317
  0.03267		  0.01590
  0.03525		  0.00786
  0.03590		 -0.00052
  0.03460		 -0.00877
  0.03144		 -0.01645
  0.02661		 -0.02315
  0.02040		 -0.02852
  0.01315		 -0.03228
  0.00527		 -0.03425
 -0.00280		 -0.03434
 -0.01063		 -0.03257
 -0.01780		 -0.02905
 -0.02392		 -0.02399
 -0.02867		 -0.01769
 -0.03182		 -0.01049
 -0.03321		 -0.00281
 -0.03278		  0.00495
 -0.03058		  0.01235
 -0.02674		  0.01901
 -0.02149		  0.02457
 -0.01514		  0.02874
 -0.00803		  0.03131
 -0.00055		  0.03217
  0.00688		  0.03127
  0.01386		  0.02870
  0.02003		  0.02460
  0.02505		  0.01922
  0.02868		  0.01285
  0.03072		  0.00586
  0.03110		 -0.00138
  0.02980		 -0.00847
  0.02691		 -0.01504
  0.02261		 -0.02072
  0.01715		 -0.02524
  0.01083		 -0.02836
  0.00400		 -0.02993
 -0.00297		 -0.02988
 -0.00970		 -0.02824
 -0.01583		 -0.02510
 -0.02105		 -0.02067
 -0.02507		 -0.01519
 -0.02771		 -0.00897
 -0.02883		 -0.00235
 -0.02840		  0.00431
 -0.02646		  0.01064
 -0.02313		  0.01632
 -0.01862		  0.02105
 -0.01317		  0.02458
 -0.00710		  0.02674
 -0.00074		  0.02744
  0.00556		  0.02665
  0.01147		  0.02445
  0.01667		  0.02096
  0.02089		  0.01640
  0.02392		  0.01102
  0.02561		  0.00514
  0.02589		 -0.00094
  0.02476		 -0.00687
  0.02231		 -0.01233
  0.01867		 -0.01705
  0.01408		 -0.02076
  0.00879		 -0.02329
  0.00310		 -0.02451
 -0.00268		 -0.02437
 -0.00824		 -0.02291
 -0.01326		 -0.02021
 -0.01749		 -0.01644
 -0.02071		 -0.01182
 -0.02275		 -0.00662
 -0.02352		 -0.00112
 -0.02299		  0.00438
 -0.02121		  0.00957
 -0.01829		  0.01417
 -0.01440		  0.01795
 -0.00976		  0.02070
 -0.00465		  0.02228
  0.00067		  0.02263
  0.00589		  0.02175
  0.01073		  0.01968
  0.01494		  0.01656
  0.01828		  0.01258
  0.02060		  0.00795
  0.02178		  0.00293
  0.02175		 -0.00219
  0.02055		 -0.00714
  0.01824		 -0.01164
  0.01497		 -0.01547
  0.01093		 -0.01843
  0.00633		 -0.02035
  0.00144		 -0.02114
 -0.00347		 -0.02079
 -0.00814		 -0.01932
 -0.01232		 -0.01681
 -0.01578		 -0.01343
 -0.01835		 -0.00936
 -0.01990		 -0.00483
 -0.02036		 -0.00009
 -0.01970		  0.00459
 -0.01799		  0.00897
 -0.01533		  0.01281
 -0.01187		  0.01592
 -0.00781		  0.01812
 -0.00337		  0.01931
  0.00119		  0.01944
  0.00563		  0.01851
  0.00971		  0.01659
  0.01322		  0.01379
  0.01596		  0.01027
  0.01779		  0.00624
  0.01864		  0.00191
  0.01846		 -0.00246
  0.01727		 -0.00665
  0.01516		 -0.01043
  0.01224		 -0.01360
  0.00868		 -0.01599
  0.00469		 -0.01748
  0.00048		 -0.01800
 -0.00372		 -0.01752
 -0.00766		 -0.01610
 -0.01116		 -0.01380
 -0.01400		 -0.01078
 -0.01606		 -0.00719
 -0.01723		 -0.00324
 -0.01744		  0.00086
 -0.01671		  0.00487
 -0.01507		  0.00859
 -0.01262		  0.01182
 -0.00951		  0.01437
 -0.00590		  0.01614
 -0.00200		  0.01701
  0.00197		  0.01696
  0.00582		  0.01600
  0.00932		  0.01419
  0.01229		  0.01163
  0.01459		  0.00846
  0.01609		  0.00487
  0.01671		  0.00105
  0.01645		 -0.00280
  0.01531		 -0.00646
  0.01337		 -0.00974
  0.01074		 -0.01248
  0.00757		 -0.01453
  0.00403		 -0.01579
  0.00032		 -0.01620
 -0.00337		 -0.01575
 -0.00683		 -0.01448
 -0.00989		 -0.01245
 -0.01238		 -0.00980
 -0.01419		 -0.00666
 -0.01522		 -0.00322
 -0.01543		  0.00035
 -0.01482		  0.00384
 -0.01343		  0.00707
 -0.01135		  0.00988
 -0.00870		  0.01211
 -0.00563		  0.01366
 -0.00231		  0.01446
  0.00108		  0.01447
  0.00435		  0.01370
  0.00733		  0.01220
  0.00987		  0.01008
  0.01182		  0.00744
  0.01311		  0.00445
  0.01366		  0.00127
  0.01346		 -0.00193
  0.01252		 -0.00497
  0.01092		 -0.00769
  0.00875		 -0.00995
  0.00613		 -0.01162
  0.00321		 -0.01263
  0.00016		 -0.01293
 -0.00285		 -0.01252
 -0.00567		 -0.01142
 -0.00813		 -0.00971
 -0.01012		 -0.00748
 -0.01152		 -0.00487
 -0.01226		 -0.00202
 -0.01232		  0.00091
 -0.01170		  0.00376
 -0.01044		  0.00636
 -0.00862		  0.00859
 -0.00633		  0.01032
 -0.00372		  0.01147
 -0.00093		  0.01197
  0.00189		  0.01181
  0.00458		  0.01101
  0.00700		  0.00960
  0.00902		  0.00768
  0.01052		  0.00535
  0.01145		  0.00274
  0.01174		  0.00000
  0.01139		 -0.00271
  0.01042		 -0.00527
  0.00889		 -0.00752
  0.00690		 -0.00934
  0.00454		 -0.01066
  0.00196		 -0.01139
 -0.00072		 -0.01150
 -0.00333		 -0.01099
 -0.00575		 -0.00990
 -0.00784		 -0.00829
 -0.00949		 -0.00626
 -0.01063		 -0.00391
 -0.01120		 -0.00137
 -0.01116		  0.00122
 -0.01053		  0.00371
 -0.00936		  0.00598
 -0.00770		  0.00791
 -0.00566		  0.00940
 -0.00335		  0.01037
 -0.00089		  0.01078
  0.00158		  0.01062
  0.00393		  0.00989
  0.00603		  0.00866
  0.00778		  0.00698
  0.00909		  0.00496
  0.00988		  0.00271
  0.01014		  0.00036
  0.00984		 -0.00197
  0.00902		 -0.00415
  0.00773		 -0.00606
  0.00604		 -0.00761
  0.00405		 -0.00871
  0.00188		 -0.00932
 -0.00036		 -0.00940
 -0.00253		 -0.00896
 -0.00453		 -0.00803
 -0.00624		 -0.00666
 -0.00758		 -0.00495
 -0.00847		 -0.00298
 -0.00887		 -0.00088
 -0.00877		  0.00126
 -0.00818		  0.00329
 -0.00712		  0.00512
 -0.00568		  0.00665
 -0.00392		  0.00779
 -0.00195		  0.00848
  0.00011		  0.00869
  0.00217		  0.00841
  0.00409		  0.00766
  0.00578		  0.00649
  0.00715		  0.00496
  0.00812		  0.00315
  0.00865		  0.00117
  0.00870		 -0.00087
  0.00827		 -0.00286
  0.00740		 -0.00470
  0.00613		 -0.00628
  0.00453		 -0.00753
  0.00270		 -0.00837
  0.00072		 -0.00877
 -0.00129		 -0.00870
 -0.00323		 -0.00817
 -0.00499		 -0.00722
 -0.00648		 -0.00589
 -0.00762		 -0.00427
 -0.00836		 -0.00243
 -0.00866		 -0.00048
 -0.00851		  0.00147
 -0.00791		  0.00333
 -0.00692		  0.00500
 -0.00557		  0.00639
 -0.00396		  0.00743
 -0.00216		  0.00807
 -0.00028		  0.00828
  0.00159		  0.00806
  0.00335		  0.00742
  0.00490		  0.00640
  0.00617		  0.00506
  0.00709		  0.00348
  0.00761		  0.00175
  0.00773		 -0.00004
  0.00743		 -0.00180
  0.00674		 -0.00342
  0.00570		 -0.00484
  0.00438		 -0.00596
  0.00285		 -0.00674
  0.00119		 -0.00714
 -0.00050		 -0.00715
 -0.00214		 -0.00676
 -0.00362		 -0.00601
 -0.00488		 -0.00495
 -0.00585		 -0.00363
 -0.00648		 -0.00214
 -0.00675		 -0.00055
 -0.00663		  0.00105
 -0.00615		  0.00256
 -0.00533		  0.00391
 -0.00423		  0.00502
 -0.00291		  0.00584
 -0.00144		  0.00633
  0.00009		  0.00645
  0.00160		  0.00622
  0.00301		  0.00564
  0.00423		  0.00475
  0.00521		  0.00361
  0.00590		  0.00227
  0.00624		  0.00082
  0.00624		 -0.00066
  0.00590		 -0.00210
  0.00523		 -0.00342
  0.00428		 -0.00453
  0.00310		 -0.00540
  0.00175		 -0.00596
  0.00032		 -0.00619
 -0.00112		 -0.00609
 -0.00250		 -0.00565
 -0.00373		 -0.00491
 -0.00475		 -0.00391
 -0.00551		 -0.00270
 -0.00597		 -0.00136
 -0.00611		  0.00005
 -0.00592		  0.00145
 -0.00541		  0.00276
 -0.00462		  0.00392
 -0.00359		  0.00485
 -0.00237		  0.00552
 -0.00104		  0.00589
  0.00033		  0.00595
  0.00167		  0.00569
  0.00291		  0.00513
  0.00398		  0.00430
  0.00483		  0.00325
  0.00541		  0.00205
  0.00569		  0.00075
  0.00567		 -0.00057
  0.00535		 -0.00184
  0.00475		 -0.00300
  0.00390		 -0.00398
  0.00285		 -0.00473
  0.00167		 -0.00522
  0.00042		 -0.00542
 -0.00084		 -0.00532
 -0.00204		 -0.00494
 -0.00310		 -0.00429
 -0.00398		 -0.00342
 -0.00463		 -0.00238
 -0.00502		 -0.00122
 -0.00513		 -0.00002
 -0.00495		  0.00118
 -0.00451		  0.00229
 -0.00382		  0.00326
 -0.00293		  0.00404
 -0.00189		  0.00459
 -0.00075		  0.00488
  0.00041		  0.00489
  0.00154		  0.00464
  0.00258		  0.00413
  0.00346		  0.00340
  0.00415		  0.00248
  0.00460		  0.00144
  0.00480		  0.00032
  0.00473		 -0.00080
  0.00440		 -0.00188
  0.00383		 -0.00285
  0.00306		 -0.00365
  0.00212		 -0.00426
  0.00108		 -0.00463
 -0.00002		 -0.00474
 -0.00111		 -0.00460
 -0.00214		 -0.00421
 -0.00305		 -0.00360
 -0.00379		 -0.00280
 -0.00432		 -0.00185
 -0.00462		 -0.00081
 -0.00467		  0.00027
 -0.00447		  0.00132
 -0.00404		  0.00230
 -0.00340		  0.00315
 -0.00258		  0.00382
 -0.00163		  0.00429
 -0.00061		  0.00453
  0.00043		  0.00453
  0.00144		  0.00429
  0.00236		  0.00382
  0.00315		  0.00317
  0.00376		  0.00235
  0.00416		  0.00143
  0.00434		  0.00044
  0.00429		 -0.00056
  0.00401		 -0.00151
  0.00353		 -0.00236
  0.00287		 -0.00307
  0.00206		 -0.00361
  0.00117		 -0.00394
  0.00023		 -0.00406
 -0.00071		 -0.00396
 -0.00159		 -0.00364
 -0.00236		 -0.00313
 -0.00299		 -0.00247
 -0.00344		 -0.00168
 -0.00369		 -0.00081
 -0.00373		  0.00008
 -0.00357		  0.00095
 -0.00320		  0.00175
 -0.00267		  0.00244
 -0.00199		  0.00298
 -0.00120		  0.00334
 -0.00036		  0.00350
  0.00049		  0.00346
  0.00130		  0.00322
  0.00203		  0.00280
  0.00264		  0.00222
  0.00309		  0.00152
  0.00336		  0.00073
  0.00344		 -0.00010
  0.00332		 -0.00093
  0.00302		 -0.00170
  0.00253		 -0.00238
  0.00191		 -0.00292
  0.00117		 -0.00331
  0.00036		 -0.00351
 -0.00047		 -0.00352
 -0.00128		 -0.00333
 -0.00203		 -0.00297
 -0.00267		 -0.00244
 -0.00317		 -0.00177
 -0.00351		 -0.00101
 -0.00366		 -0.00019
 -0.00363		  0.00064
 -0.00340		  0.00145
 -0.00300		  0.00218
 -0.00244		  0.00279
 -0.00176		  0.00327
 -0.00099		  0.00358
 -0.00017		  0.00370
  0.00065		  0.00364
  0.00143		  0.00339
  0.00214		  0.00298
  0.00273		  0.00242
  0.00318		  0.00174
  0.00346		  0.00099
  0.00356		  0.00019
  0.00348		 -0.00060
  0.00322		 -0.00134
  0.00281		 -0.00200
  0.00226		 -0.00255
  0.00161		 -0.00296
  0.00089		 -0.00320
  0.00014		 -0.00328
 -0.00060		 -0.00318
 -0.00129		 -0.00291
 -0.00189		 -0.00250
 -0.00238		 -0.00197
 -0.00273		 -0.00135
 -0.00293		 -0.00067
 -0.00296		  0.00003
 -0.00283		  0.00071
 -0.00255		  0.00134
 -0.00214		  0.00188
 -0.00161		  0.00230
 -0.00101		  0.00258
 -0.00037		  0.00272
  0.00028		  0.00270
  0.00091		  0.00253
  0.00147		  0.00222
  0.00193		  0.00179
  0.00229		  0.00127
  0.00250		  0.00069
  0.00258		  0.00008
  0.00250		 -0.00053
  0.00229		 -0.00111
  0.00195		 -0.00161
  0.00151		 -0.00201
  0.00098		 -0.00230
  0.00041		 -0.00245
 -0.00018		 -0.00247
 -0.00076		 -0.00234
 -0.00128		 -0.00208
 -0.00173		 -0.00171
 -0.00208		 -0.00125
 -0.00230		 -0.00072
 -0.00240		 -0.00015
 -0.00236		  0.00042
 -0.00218		  0.00096
 -0.00189		  0.00144
 -0.00149		  0.00184
 -0.00100		  0.00214
 -0.00047		  0.00231
  0.00009		  0.00235
  0.00065		  0.00226
  0.00116		  0.00204
  0.00161		  0.00171
  0.00197		  0.00128
  0.00222		  0.00078
  0.00235		  0.00024
  0.00234		 -0.00032
  0.00221		 -0.00086
  0.00195		 -0.00135
  0.00158		 -0.00177
  0.00113		 -0.00210
  0.00062		 -0.00231
  0.00007		 -0.00240
 -0.00048		 -0.00235
 -0.00101		 -0.00219
 -0.00149		 -0.00190
 -0.00188		 -0.00151
 -0.00218		 -0.00105
 -0.00236		 -0.00052
 -0.00242		  0.00002
 -0.00235		  0.00057
 -0.00216		  0.00109
 -0.00185		  0.00154
 -0.00145		  0.00191
 -0.00098		  0.00219
 -0.00046		  0.00234
  0.00008		  0.00238
  0.00061		  0.00228
  0.00110		  0.00208
  0.00154		  0.00176
  0.00188		  0.00136
  0.00213		  0.00089
  0.00226		  0.00038
  0.00227		 -0.00015
  0.00216		 -0.00065
  0.00193		 -0.00112
  0.00161		 -0.00152
  0.00121		 -0.00184
  0.00075		 -0.00205
  0.00025		 -0.00216
 -0.00025		 -0.00214
 -0.00074		 -0.00201
 -0.00118		 -0.00177
 -0.00155		 -0.00145
 -0.00183		 -0.00104
 -0.00201		 -0.00059
 -0.00208		 -0.00011
 -0.00204		  0.00038
 -0.00190		  0.00084
 -0.00165		  0.00125
 -0.00131		  0.00159
 -0.00091		  0.00184
 -0.00046		  0.00199
  0.00001		  0.00204
  0.00047		  0.00198
  0.00090		  0.00182
  0.00129		  0.00156
  0.00160		  0.00122
  0.00182		  0.00083
  0.00195		  0.00039
  0.00198		 -0.00006
  0.00190		 -0.00049
  0.00173		 -0.00090
  0.00147		 -0.00126
  0.00114		 -0.00154
  0.00076		 -0.00174
  0.00034		 -0.00184
 -0.00008		 -0.00185
 -0.00048		 -0.00176
 -0.00086		 -0.00158
 -0.00117		 -0.00132
 -0.00142		 -0.00100
 -0.00158		 -0.00064
 -0.00166		 -0.00025
 -0.00164		  0.00014
 -0.00153		  0.00050
 -0.00134		  0.00083
 -0.00109		  0.00111
 -0.00078		  0.00131
 -0.00043		  0.00143
 -0.00007		  0.00146
  0.00028		  0.00141
  0.00061		  0.00128
  0.00089		  0.00107
  0.00112		  0.00081
  0.00127		  0.00050
  0.00134		  0.00017
  0.00133		 -0.00017
  0.00124		 -0.00050
  0.00107		 -0.00079
  0.00084		 -0.00104
  0.00056		 -0.00122
  0.00024		 -0.00133
 -0.00009		 -0.00136
 -0.00042		 -0.00130
 -0.00073		 -0.00117
 -0.00101		 -0.00097
 -0.00122		 -0.00071
 -0.00137		 -0.00041
 -0.00144		 -0.00007
 -0.00144		  0.00027
 -0.00135		  0.00060
 -0.00119		  0.00091
 -0.00096		  0.00116
 -0.00068		  0.00136
 -0.00035		  0.00149
 -0.00001		  0.00155
  0.00034		  0.00152
  0.00068		  0.00141
  0.00098		  0.00123
  0.00123		  0.00098
  0.00142		  0.00069
  0.00154		  0.00035
  0.00158		  0.00000
  0.00154		 -0.00035
  0.00142		 -0.00068
  0.00123		 -0.00098
  0.00098		 -0.00122
  0.00068		 -0.00140
  0.00035		 -0.00151
  0.00000		 -0.00154
 -0.00034		 -0.00149
 -0.00066		 -0.00137
 -0.00095		 -0.00118
 -0.00118		 -0.00093
 -0.00135		 -0.00063
 -0.00144		 -0.00031
 -0.00146		  0.00003
 -0.00141		  0.00035
 -0.00128		  0.00066
 -0.00109		  0.00093
 -0.00084		  0.00114
 -0.00055		  0.00129
 -0.00024		  0.00137
  0.00007		  0.00138
  0.00038		  0.00132
  0.00067		  0.00118
  0.00091		  0.00099
  0.00111		  0.00075
  0.00124		  0.00047
  0.00130		  0.00018
  0.00130		 -0.00012
  0.00122		 -0.00041
  0.00109		 -0.00067
  0.00089		 -0.00089
  0.00066		 -0.00106
  0.00040		 -0.00117
  0.00012		 -0.00122
 -0.00017		 -0.00120
 -0.00043		 -0.00111
 -0.00067		 -0.00097
 -0.00086		 -0.00078
 -0.00100		 -0.00055
 -0.00109		 -0.00030
 -0.00111		 -0.00004
 -0.00108		  0.00022
 -0.00098		  0.00046
 -0.00083		  0.00067
 -0.00064		  0.00084
 -0.00041		  0.00095
 -0.00017		  0.00101
  0.00008		  0.00101
  0.00032		  0.00095
  0.00053		  0.00084
  0.00071		  0.00068
  0.00085		  0.00048
  0.00094		  0.00026
  0.00097		  0.00002
  0.00094		 -0.00022
  0.00086		 -0.00044
  0.00073		 -0.00064
  0.00055		 -0.00079
  0.00035		 -0.00091
  0.00012		 -0.00097
 -0.00012		 -0.00097
 -0.00035		 -0.00092
 -0.00056		 -0.00082
 -0.00074		 -0.00067
 -0.00088		 -0.00048
 -0.00098		 -0.00026
 -0.00102		 -0.00003
 -0.00100		  0.00020
 -0.00094		  0.00043
 -0.00082		  0.00064
 -0.00066		  0.00081
 -0.00046		  0.00094
 -0.00023		  0.00102
  0.00000		  0.00105
  0.00024		  0.00102
  0.00046		  0.00094
  0.00066		  0.00082
  0.00082		  0.00065
  0.00094		  0.00045
  0.00102		  0.00022
  0.00104		 -0.00001
  0.00100		 -0.00024
  0.00092		 -0.00046
  0.00078		 -0.00065
  0.00061		 -0.00080
  0.00041		 -0.00091
  0.00020		 -0.00097
 -0.00003		 -0.00098
 -0.00025		 -0.00094
 -0.00046		 -0.00085
 -0.00063		 -0.00072
 -0.00078		 -0.00055
 -0.00087		 -0.00035
 -0.00092		 -0.00014
 -0.00092		  0.00007
 -0.00087		  0.00028
 -0.00078		  0.00047
 -0.00064		  0.00064
 -0.00048		  0.00076
 -0.00028		  0.00085
 -0.00008		  0.00089
  0.00013		  0.00087
  0.00032		  0.00082
  0.00050		  0.00072
  0.00065		  0.00058
  0.00076		  0.00041
  0.00083		  0.00022
  0.00086		  0.00003
  0.00083		 -0.00017
  0.00077		 -0.00035
  0.00066		 -0.00052
  0.00052		 -0.00065
  0.00036		 -0.00075
  0.00018		 -0.00080
 -0.00001		 -0.00082
 -0.00019		 -0.00079
 -0.00037		 -0.00072
 -0.00051		 -0.00061
 -0.00063		 -0.00047
 -0.00071		 -0.00031
 -0.00076		 -0.00013
 -0.00076		  0.00004
 -0.00072		  0.00021
 -0.00064		  0.00037
 -0.00053		  0.00050
 -0.00039		  0.00060
 -0.00024		  0.00067
 -0.00007		  0.00070
  0.00009		  0.00069
  0.00025		  0.00064
  0.00039		  0.00055
  0.00050		  0.00044
  0.00059		  0.00030
  0.00063		  0.00015
  0.00064		 -0.00001
  0.00062		 -0.00016
  0.00055		 -0.00031
  0.00046		 -0.00043
  0.00034		 -0.00053
  0.00020		 -0.00059
  0.00005		 -0.00062
 -0.00010		 -0.00061
 -0.00025		 -0.00057
 -0.00038		 -0.00049
 -0.00049		 -0.00039
 -0.00057		 -0.00026
 -0.00062		 -0.00011
 -0.00063		  0.00004
 -0.00061		  0.00019
 -0.00055		  0.00033
 -0.00046		  0.00045
 -0.00034		  0.00055
 -0.00021		  0.00062
 -0.00006		  0.00066
  0.00010		  0.00066
  0.00025		  0.00062
  0.00039		  0.00055
  0.00051		  0.00045
  0.00060		  0.00032
  0.00066		  0.00018
  0.00069		  0.00003
  0.00068		 -0.00013
  0.00064		 -0.00028
  0.00056		 -0.00042
  0.00045		 -0.00054
  0.00032		 -0.00063
  0.00017		 -0.00068
  0.00002		 -0.00070
 -0.00014		 -0.00069
 -0.00029		 -0.00064
 -0.00043		 -0.00056
 -0.00054		 -0.00045
 -0.00063		 -0.00032
 -0.00068		 -0.00017
 -0.00070		 -0.00002
 -0.00068		  0.00014
 -0.00063		  0.00029
 -0.00055		  0.00042
 -0.00044		  0.00053
 -0.00031		  0.00061
 -0.00017		  0.00066
 -0.00002		  0.00067
  0.00013		  0.00066
  0.00027		  0.00061
  0.00039		  0.00053
  0.00050		  0.00042
  0.00057		  0.00030
  0.00062		  0.00016
  0.00063		  0.00002
  0.00061		 -0.00012
  0.00056		 -0.00025
  0.00049		 -0.00037
  0.00039		 -0.00046
  0.00027		 -0.00053
  0.00014		 -0.00057
  0.00001		 -0.00058
 -0.00012		 -0.00055
 -0.00024		 -0.00051
 -0.00034		 -0.00043
 -0.00042		 -0.00034
 -0.00048		 -0.00023
 -0.00051		 -0.00011
 -0.00051		  0.00001
 -0.00049		  0.00013
 -0.00044		  0.00023
 -0.00036		  0.00032
 -0.00027		  0.00039
 -0.00017		  0.00044
 -0.00006		  0.00046
  0.00005		  0.00045
  0.00015		  0.00042
  0.00024		  0.00036
  0.00032		  0.00029
  0.00037		  0.00020
  0.00040		  0.00010
  0.00041		  0.00000
  0.00039		 -0.00010
  0.00035		 -0.00019
  0.00029		 -0.00026
  0.00021		 -0.00032
  0.00012		 -0.00036
  0.00003		 -0.00038
 -0.00006		 -0.00037
 -0.00015		 -0.00034
 -0.00023		 -0.00029
 -0.00030		 -0.00023
 -0.00035		 -0.00014
 -0.00037		 -0.00005
 -0.00037		  0.00004
 -0.00036		  0.00013
 -0.00031		  0.00022
 -0.00025		  0.00029
 -0.00018		  0.00034
 -0.00009		  0.00038
  0.00000		  0.00039
  0.00010		  0.00038
  0.00019		  0.00035
  0.00027		  0.00030
  0.00034		  0.00023
  0.00038		  0.00015
  0.00041		  0.00006
  0.00042		 -0.00004
  0.00040		 -0.00014
  0.00036		 -0.00023
  0.00030		 -0.00031
  0.00023		 -0.00037
  0.00014		 -0.00042
  0.00004		 -0.00044
 -0.00006		 -0.00044
 -0.00016		 -0.00042
 -0.00025		 -0.00037
 -0.00033		 -0.00031
 -0.00040		 -0.00023
 -0.00044		 -0.00014
 -0.00046		 -0.00003
 -0.00046		  0.00007
 -0.00043		  0.00017
 -0.00038		  0.00026
 -0.00032		  0.00034
 -0.00023		  0.00040
 -0.00014		  0.00044
 -0.00004		  0.00046
  0.00006		  0.00046
  0.00016		  0.00043
  0.00025		  0.00038
  0.00033		  0.00032
  0.00039		  0.00024
  0.00043		  0.00014
  0.00045		  0.00005
  0.00044		 -0.00005
  0.00042		 -0.00015
  0.00037		 -0.00024
  0.00031		 -0.00031
  0.00023		 -0.00037
  0.00014		 -0.00040
  0.00005		 -0.00042
 -0.00005		 -0.00041
 -0.00014		 -0.00039
 -0.00022		 -0.00034
 -0.00029		 -0.00028
 -0.00034		 -0.00021
 -0.00037		 -0.00012
 -0.00038		 -0.00004
 -0.00038		  0.00005
 -0.00035		  0.00013
 -0.00031		  0.00021
 -0.00025		  0.00027
 -0.00018		  0.00031
 -0.00010		  0.00034
 -0.00002		  0.00035
  0.00006		  0.00034
  0.00013		  0.00031
  0.00020		  0.00027
  0.00025		  0.00021
  0.00029		  0.00015
  0.00031		  0.00007
  0.00031		 -0.00000
  0.00030		 -0.00007
  0.00027		 -0.00014
  0.00023		 -0.00020
  0.00017		 -0.00024
  0.00011		 -0.00027
  0.00004		 -0.00028
 -0.00003		 -0.00028
 -0.00009		 -0.00026
 -0.00015		 -0.00023
 -0.00020		 -0.00019
 -0.00023		 -0.00013
 -0.00025		 -0.00007
 -0.00026		 -0.00001
 -0.00025		  0.00006
 -0.00023		  0.00011
 -0.00019		  0.00016
 -0.00014		  0.00020
 -0.00009		  0.00023
 -0.00003		  0.00024
  0.00003		  0.00024
  0.00009		  0.00022
  0.00014		  0.00019
  0.00019		  0.00015
  0.00022		  0.00010
  0.00024		  0.00004
  0.00024		 -0.00002
  0.00023		 -0.00007
  0.00021		 -0.00013
  0.00017		 -0.00018
  0.00013		 -0.00022
  0.00007		 -0.00024
  0.00001		 -0.00025
 -0.00005		 -0.00025
 -0.00011		 -0.00024
 -0.00016		 -0.00021
 -0.00021		 -0.00016
 -0.00024		 -0.00011
 -0.00027		 -0.00006
 -0.00027		  0.00001
 -0.00027		  0.00007
 -0.00025		  0.00013
 -0.00021		  0.00018
 -0.00017		  0.00023
 -0.00011		  0.00026
 -0.00005		  0.00028
  0.00001		  0.00028
  0.00007		  0.00028
  0.00013		  0.00025
  0.00018		  0.00022
  0.00023		  0.00017
  0.00026		  0.00012
  0.00028		  0.00006
  0.00028		 -0.00001
  0.00027		 -0.00007
  0.00025		 -0.00013
  0.00021		 -0.00018
  0.00016		 -0.00022
  0.00011		 -0.00025
  0.00005		 -0.00026
 -0.00001		 -0.00027
 -0.00007		 -0.00025
 -0.00012		 -0.00023
 -0.00017		 -0.00019
 -0.00021		 -0.00015
 -0.00024		 -0.00010
 -0.00025		 -0.00004
 -0.00025		  0.00002
 -0.00024		  0.00008
 -0.00021		  0.00013
 -0.00017		  0.00017
 -0.00013		  0.00021
 -0.00008		  0.00023
 -0.00002		  0.00024
  0.00003		  0.00024
  0.00009		  0.00022
  0.00013		  0.00020
  0.00018		  0.00016
  0.00021		  0.00011
  0.00023		  0.00006
  0.00023		  0.00001
  0.00023		 -0.00004
  0.00021		 -0.00009
  0.00018		 -0.00014
  0.00015		 -0.00017
  0.00010		 -0.00020
  0.00006		 -0.00022
  0.00001		 -0.00022
 -0.00004		 -0.00022
 -0.00009		 -0.00020
 -0.00013		 -0.00017
 -0.00016		 -0.00013
 -0.00019		 -0.00009
 -0.00020		 -0.00005
 -0.00020		  0.00000
 -0.00020		  0.00005
 -0.00018		  0.00009
 -0.00015		  0.00012
 -0.00011		  0.00015
 -0.00007		  0.00017
 -0.00003		  0.00018
  0.00001		  0.00018
  0.00006		  0.00017
  0.00009		  0.00015
  0.00012		  0.00012
  0.00015		  0.00009
  0.00016		  0.00005
  0.00017		  0.00001
  0.00016		 -0.00004
  0.00015		 -0.00007
  0.00012		 -0.00011
  0.00009		 -0.00013
  0.00006		 -0.00015
  0.00002		 -0.00016
 -0.00002		 -0.00016
 -0.00006		 -0.00015
 -0.00009		 -0.00013
 -0.00012		 -0.00011
 -0.00015		 -0.00007
 -0.00016		 -0.00004
 -0.00017		  0.00000
 -0.00016		  0.00004
 -0.00015		  0.00008
 -0.00013		  0.00011
 -0.00010		  0.00014
 -0.00006		  0.00016
 -0.00003		  0.00017
  0.00001		  0.00017
  0.00005		  0.00017
  0.00009		  0.00015
  0.00012		  0.00013
  0.00015		  0.00010
  0.00016		  0.00006
  0.00017		  0.00002
  0.00017		 -0.00002
  0.00017		 -0.00006
  0.00015		 -0.00009
  0.00012		 -0.00012
  0.00009		 -0.00015
  0.00006		 -0.00016
  0.00002		 -0.00017
 -0.00002		 -0.00017
 -0.00006		 -0.00016
 -0.00009		 -0.00014
 -0.00012		 -0.00012
 -0.00015		 -0.00008
 -0.00016		 -0.00005
 -0.00017		 -0.00001
 -0.00016		  0.00003
 -0.00015		  0.00006
 -0.00013		  0.00009
 -0.00011		  0.00012
 -0.00008		  0.00014
 -0.00004		  0.00016
 -0.00001		  0.00016
  0.00003		  0.00016
  0.00006		  0.00014
  0.00009		  0.00012
  0.00012		  0.00010
  0.00014		  0.00007
  0.00015		  0.00004
  0.00015		  0.00000
  0.00015		 -0.00003
  0.00013		 -0.00007
  0.00011		 -0.00009
  0.00009		 -0.00012
  0.00006		 -0.00013
  0.00003		 -0.00014
 -0.00001		 -0.00014
 -0.00004		 -0.00013
 -0.00007		 -0.00012
 -0.00009		 -0.00010
 -0.00011		 -0.00007
 -0.00012		 -0.00005
 -0.00013		 -0.00002
 -0.00013		  0.00001
 -0.00012		  0.00004
 -0.00010		  0.00007
 -0.00008		  0.00009
 -0.00006		  0.00011
 -0.00003		  0.00012
 -0.00000		  0.00012
  0.00003		  0.00012
  0.00005		  0.00011
  0.00008		  0.00009
  0.00010		  0.00007
  0.00011		  0.00004
  0.00012		  0.00002
  0.00012		 -0.00001
  0.00011		 -0.00004
  0.00010		 -0.00007
  0.00008		 -0.00009
  0.00006		 -0.00010
  0.00003		 -0.00011
  0.00000		 -0.00012
 -0.00002		 -0.00012
 -0.00005		 -0.00011
 -0.00007		 -0.00009
 -0.00009		 -0.00007
 -0.00011		 -0.00005
 -0.00012		 -0.00002
 -0.00012		  0.00000
 -0.00012		  0.00003
 -0.00011		  0.00006
 -0.00009		  0.00008
 -0.00007		  0.00010
 -0.00005		  0.00011
 -0.00002		  0.00012
  0.00001		  0.00012
  0.00003		  0.00012
  0.00006		  0.00010
  0.00008		  0.00009
  0.00010		  0.00007
  0.00011		  0.00004
  0.00012		  0.00002
  0.00012		 -0.00001
  0.00011		 -0.00003
  0.00010		 -0.00006
  0.00008		 -0.00008
  0.00006		 -0.00009
  0.00004		 -0.00010
  0.00001		 -0.00011
 -0.00001		 -0.00011
 -0.00004		 -0.00010
 -0.00006		 -0.00009
 -0.00008		 -0.00007
 -0.00009		 -0.00005
 -0.00010		 -0.00003
 -0.00010		 -0.00001
 -0.00010		  0.00002
 -0.00009		  0.00004
 -0.00008		  0.00006
 -0.00006		  0.00008
 -0.00004		  0.00009
 -0.00002		  0.00010
  0.00000		  0.00010
  0.00003		  0.00009
  0.00005		  0.00008
  0.00006		  0.00007
  0.00008		  0.00005
  0.00009		  0.00003
  0.00009		  0.00001
  0.00009		 -0.00001
  0.00009		 -0.00003
  0.00008		 -0.00005
  0.00006		 -0.00007
  0.00005		 -0.00008
  0.00003		 -0.00009
  0.00001		 -0.00009
 -0.00002		 -0.00009
 -0.00004		 -0.00009
 -0.00006		 -0.00007
 -0.00007		 -0.00006
 -0.00008		 -0.00004
 -0.00009		 -0.00002
 -0.00009		 -0.00000
 -0.00009		  0.00002
 -0.00008		  0.00004
 -0.00007		  0.00006
 -0.00006		  0.00007
 -0.00004		  0.00008
 -0.00002		  0.00009
  0.00000		  0.00009
  0.00002		  0.00009
  0.00004		  0.00008
  0.00006		  0.00007
  0.00007		  0.00005
  0.00008		  0.00003
  0.00008		  0.00001
  0.00008		 -0.00001
  0.00008		 -0.00002
  0.00007		 -0.00004
  0.00006		 -0.00006
  0.00004		 -0.00007
  0.00003		 -0.00008
  0.00001		 -0.00008
 -0.00001		 -0.00008
 -0.00003		 -0.00007
 -0.00004		 -0.00006
 -0.00006		 -0.00005
 -0.00007		 -0.00004
 -0.00007		 -0.00002
 -0.00007		 -0.00000
 -0.00007		  0.00002
 -0.00007		  0.00003
 -0.00006		  0.00005
 -0.00004		  0.00006
 -0.00003		  0.00007
 -0.00001		  0.00007
  0.00001		  0.00007
  0.00002		  0.00007
  0.00004		  0.00006
  0.00005		  0.00005
  0.00006		  0.00004
  0.00007		  0.00002
  0.00007		  0.00000
  0.00007		 -0.00001
  0.00006		 -0.00003
  0.00006		 -0.00004
  0.00004		 -0.00006
  0.00003		 -0.00006
  0.00001		 -0.00007
 -0.00000		 -0.00007
 -0.00002		 -0.00007
 -0.00003		 -0.00006
 -0.00005		 -0.00005
 -0.00006		 -0.00004
 -0.00007		 -0.00003
 -0.00007		 -0.00001
 -0.00007		  0.00000
 -0.00007		  0.00002
 -0.00006		  0.00004
 -0.00005		  0.00005
 -0.00004		  0.00006
 -0.00003		  0.00007
 -0.00001		  0.00007
  0.00001		  0.00007
  0.00002		  0.00007
  0.00004		  0.00006
  0.00005		  0.00005
  0.00006		  0.00004
  0.00006		  0.00002
  0.00007		  0.00001
  0.00007		 -0.00001
  0.00006		 -0.00002
  0.00006		 -0.00003
  0.00005		 -0.00005
  0.00003		 -0.00005
  0.00002		 -0.00006
  0.00001		 -0.00006
 -0.00001		 -0.00006
 -0.00002		 -0.00006
 -0.00003		 -0.00005
 -0.00004		 -0.00004
 -0.00005		 -0.00003
 -0.00006		 -0.00002
 -0.00006		 -0.00000
 -0.00006		  0.00001
 -0.00005		  0.00002
 -0.00004		  0.00003
 -0.00003		  0.00004
 -0.00002		  0.00005
 -0.00001		  0.00005
  0.00000		  0.00005
  0.00002		  0.00005
  0.00003		  0.00005
  0.00004		  0.00004
  0.00004		  0.00003
  0.00005		  0.00002
  0.00005		  0.00000
  0.00005		 -0.00001
  0.00005		 -0.00002
  0.00004		 -0.00003
  0.00003		 -0.00004
  0.00002		 -0.00005
  0.00001		 -0.00005
 -0.00000		 -0.00005
 -0.00001		 -0.00005
 -0.00002		 -0.00004
 -0.00003		 -0.00004
 -0.00004		 -0.00003
 -0.00005		 -0.00002
 -0.00005		 -0.00001
 -0.00005		  0.00001
 -0.00005		  0.00002
 -0.00004		  0.00003
 -0.00003		  0.00004
 -0.00003		  0.00004
 -0.00001		  0.00005
 -0.00000		  0.00005
  0.00001		  0.00005
  0.00002		  0.00005
  0.00003		  0.00004
  0.00004		  0.00003
  0.00005		  0.00002
  0.00005		  0.00001
  0.00005		  0.00000
  0.00005		 -0.00001
  0.00005		 -0.00002
  0.00004		 -0.00003
  0.00003		 -0.00004
  0.00002		 -0.00005
  0.00001		 -0.00005
  0.00000		 -0.00005
 -0.00001		 -0.00005
 -0.00002		 -0.00004
 -0.00003		 -0.00004
 -0.00004		 -0.00003
 -0.00004		 -0.00002
 -0.00005		 -0.00001
 -0.00005		  0.00000
 -0.00005		  0.00001
 -0.00004		  0.00002
 -0.00004		  0.00003
 -0.00003		  0.00004
 -0.00002		  0.00004
 -0.00001		  0.00004
  0.00000		  0.00004
  0.00001		  0.00004
  0.00002		  0.00004
  0.00003		  0.00003
  0.00004		  0.00002
  0.00004		  0.00001
  0.00004		  0.00000
  0.00004		 -0.00001
  0.00004		 -0.00001
  0.00003		 -0.00002
  0.00003		 -0.00003
  0.00002		 -0.00004
  0.00001		 -0.00004
  0.00000		 -0.00004
 -0.00001		 -0.00004
 -0.00002		 -0.00004
 -0.00002		 -0.00003
 -0.00003		 -0.00002
 -0.00004		 -0.00002
 -0.00004		 -0.00001
 -0.00004		  0.00000
 -0.00004		  0.00001
 -0.00003		  0.00002
 -0.00003		  0.00003
 -0.00002		  0.00003
 -0.00001		  0.00004
 -0.00000		  0.00004
  0.00000		  0.00004
  0.00001		  0.00004
  0.00002		  0.00003
  0.00003		  0.00003
  0.00003		  0.00002
  0.00004		  0.00001
  0.00004		  0.00000
  0.00004		 -0.00001
  0.00003		 -0.00001
  0.00003		 -0.00002
  0.00002		 -0.00003
  0.00002		 -0.00003
  0.00001		 -0.00003
  0.00000		 -0.00004
 -0.00001		 -0.00003
 -0.00001		 -0.00003
 -0.00002		 -0.00003
 -0.00003		 -0.00002
 -0.00003		 -0.00001
 -0.00003		 -0.00001
 -0.00003		  0.00000
 -0.00003		  0.00001
 -0.00003		  0.00002
 -0.00002		  0.00002
 -0.00002		  0.00003
 -0.00001		  0.00003
 -0.00000		  0.00003
  0.00000		  0.00003
  0.00001		  0.00003
  0.00002		  0.00003
  0.00002		  0.00002
  0.00003		  0.00002
  0.00003		  0.00001
  0.00003		  0.00000
  0.00003		 -0.00001
  0.00003		 -0.00001
  0.00002		 -0.00002
  0.00002		 -0.00002
  0.00001		 -0.00003
  0.00001		 -0.00003
 -0.00000		 -0.00003
 -0.00001		 -0.00003
 -0.00001		 -0.00002
 -0.00002		 -0.00002
 -0.00002		 -0.00002
 -0.00003		 -0.00001
 -0.00003		 -0.00000
 -0.00003		  0.00000
 -0.00003		  0.00001
 -0.00002		  0.00002
 -0.00002		  0.00002
 -0.00001		  0.00003
 -0.00001		  0.00003
 -0.00000		  0.00003
  0.00001		  0.00003
  0.00001		  0.00003
  0.00002		  0.00002
  0.00002		  0.00002
  0.00003		  0.00001
  0.00003		  0.00001
  0.00003		 -0.00000
  0.00003		 -0.00001
  0.00003		 -0.00001
  0.00002		 -0.00002
  0.00002		 -0.00002
  0.00001		 -0.00003
  0.00000		 -0.00003
 -0.00000		 -0.00003
 -0.00001		 -0.00003
 -0.00001		 -0.00003
 -0.00002		 -0.00002
 -0.00002		 -0.00002
 -0.00003		 -0.00001
 -0.00003		 -0.00000
 -0.00003		  0.00000
 -0.00003		  0.00001
 -0.00002		  0.00001
 -0.00002		  0.00002
 -0.00002		  0.00002
 -0.00001		  0.00003
 -0.00000		  0.00003
  0.00000		  0.00003
  0.00001		  0.00003
  0.00001		  0.00002
  0.00002		  0.00002
  0.00002		  0.00001
  0.00002		  0.00001
  0.00003		  0.00000
  0.00003		 -0.00000
  0.00002		 -0.00001
  0.00002		 -0.00001
  0.00002		 -0.00002
  0.00001		 -0.00002
  0.00001		 -0.00002
  0.00000		 -0.00002
 -0.00000		 -0.00002
 -0.00001		 -0.00002
 -0.00001		 -0.00002
 -0.00002		 -0.00001
 -0.00002		 -0.00001
 -0.00002		 -0.00001
 -0.00002		 -0.00000
 -0.00002		  0.00000
 -0.00002		  0.00001
 -0.00002		  0.00001
 -0.00001		  0.00002
 -0.00001		  0.00002
 -0.00000		  0.00002
  0.00000		  0.00002
  0.00001		  0.00002
  0.00001		  0.00002
  0.00001		  0.00001
  0.00002		  0.00001
  0.00002		  0.00001
  0.00002		  0.00000
  0.00002		 -0.00000
  0.00002		 -0.00001
  0.00001		 -0.00001
  0.00001		 -0.00001
  0.00001		 -0.00002
  0.00000		 -0.00002
 -0.00000		 -0.00002
 -0.00001		 -0.00002
 -0.00001		 -0.00002
 -0.00001		 -0.00001
 -0.00002		 -0.00001
 -0.00002		 -0.00001
 -0.00002		 -0.00000
 -0.00002		  0.00000
 -0.00002		  0.00001
 -0.00002		  0.00001
 -0.00001		  0.00001
 -0.00001		  0.00002
 -0.00000		  0.00002
 -0.00000		  0.00002
  0.00000		  0.00002
  0.00001		  0.00002
  0.00001		  0.00001
  0.00001		  0.00001
  0.00002		  0.00001
  0.00002		  0.00000
  0.00002		 -0.00000
  0.00002		 -0.00000
  0.00002		 -0.00001
  0.00001		 -0.00001
  0.00001		 -0.00001
  0.00001		 -0.00002
  0.00000		 -0.00002
 -0.00000		 -0.00002
 -0.00000		 -0.00002
 -0.00001		 -0.00002
 -0.00001		 -0.00001
 -0.00001		 -0.00001
 -0.00002		 -0.00001
 -0.00002		 -0.00000
 -0.00002		  0.00000
 -0.00002		  0.00001
 -0.00001		  0.00001
 -0.00001		  0.00001
 -0.00001		  0.00001
 -0.00000		  0.00002
 -0.00000		  0.00002
  0.00000		  0.00002
  0.00001		  0.00001
  0.00001		  0.00001
  0.00001		  0.00001
  0.00001		  0.00001
  0.00002		  0.00000
  0.00002		 -0.00000
  0.00002		 -0.00000
  0.00001		 -0.00001
  0.00001		 -0.00001
  0.00001		 -0.00001
  0.00001		 -0.00002
  0.00000		 -0.00002
 -0.00000		 -0.00002
 -0.00001		 -0.00002
 -0.00001		 -0.00001
 -0.00001		 -0.00001
 -0.00001		 -0.00001
 -0.00002		 -0.00001
 -0.00002		 -0.00000
 -0.00002		  0.00000
 -0.00002		  0.00001
 -0.00001		  0.00001
 -0.00001		  0.00001
 -0.00001		  0.00001
 -0.00001		  0.00002
 -0.00000		  0.00002
  0.00000		  0.00002
  0.00001		  0.00001
  0.00001		  0.00001
  0.00001		  0.00001
  0.00001		  0.00001
  0.00001		  0.00001
  0.00001		  0.00000
  0.00001		 -0.00000
  0.00001		 -0.00000
  0.00001		 -0.00001
  0.00001		 -0.00001
  0.00001		 -0.00001
  0.00000		 -0.00001
  0.00000		 -0.00001
 -0.00000		 -0.00001
 -0.00000		 -0.00001
 -0.00001		 -0.00001
 -0.00001		 -0.00001
 -0.00001		 -0.00001
 -0.00001		 -0.00000
 -0.00001		 -0.00000
 -0.00001		  0.00000
 -0.00001		  0.00001
 -0.00001		  0.00001
 -0.00001		  0.00001
 -0.00000		  0.00001
 -0.00000		  0.00001
  0.00000		  0.00001
  0.00000		  0.00001
  0.00001		  0.00001
  0.00001		  0.00001
  0.00001		  0.00001
  0.00001		  0.00000
  0.00001		  0.00000
  0.00001		 -0.00000
  0.00001		 -0.00000
  0.00001		 -0.00001
  0.00001		 -0.00001
  0.00000		 -0.00001
  0.00000		 -0.00001
 -0.00000		 -0.00001
 -0.00000		 -0.00001
 -0.00001		 -0.00001
 -0.00001		 -0.00001
 -0.00001		 -0.00001
 -0.00001		 -0.00000
 -0.00001		 -0.00000
 -0.00001		  0.00000
 -0.00001		  0.00000
 -0.00001		  0.00001
 -0.00001		  0.00001
 -0.00000		  0.00001
 -0.00000		  0.00001
  0.00000		  0.00001
  0.00000		  0.00001
  0.00001		  0.00001
  0.00001		  0.00001
  0.00001		  0.00001
  0.00001		  0.00000
  0.00001		  0.00000
  0.00001		 -0.00000
  0.00001		 -0.00000
  0.00001		 -0.00001
  0.00001		 -0.00001
  0.00001		 -0.00001
  0.00000		 -0.00001
  0.00000		 -0.00001
 -0.00000		 -0.00001
 -0.00000		 -0.00001
 -0.00001		 -0.00001
 -0.00001		 -0.00001
 -0.00001		 -0.00001
 -0.00001		 -0.00000
 -0.00001		 -0.00000
 -0.00001		  0.00000
 -0.00001		  0.00000
 -0.00001		  0.00000
 -0.00001		  0.00001
 -0.00001		  0.00001
 -0.00000		  0.00001
 -0.00000		  0.00001
  0.00000		  0.00001
  0.00000		  0.00001
  0.00000		  0.00001
  0.00001		  0.00001
  0.00001		  0.00001
  0.00001		  0.00000
  0.00001		  0.00000
  0.00001		 -0.00000
  0.00001		 -0.00000
  0.00001		 -0.00000
  0.00001		 -0.00001
  0.00000		 -0.00001
  0.00000		 -0.00001
  0.00000		 -0.00001
 -0.00000		 -0.00001
 -0.00000		 -0.00001
 -0.00001		 -0.00001
 -0.00001		 -0.00000
 -0.00001		 -0.00000
 -0.00001		 -0.00000
 -0.00001		  0.00000
 -0.00001		  0.00000
 -0.00001		  0.00000
 -0.00001		  0.00001
 -0.00000		  0.00001
 -0.00000		  0.00001
  0.00000		  0.00001
  0.00000		  0.00001
  0.00000		  0.00001
  0.00001		  0.00001
  0.00001		  0.00000
  0.00001		  0.00000
  0.00001		  0.00000
  0.00001		 -0.00000
  0.00001		 -0.00000
  0.00001		 -0.00000
  0.00001		 -0.00001
  0.00000		 -0.00001
  0.00000		 -0.00001
  0.00000		 -0.00001
 -0.00000		 -0.00001
 -0.00000		 -0.00001
 -0.00000		 -0.00001
 -0.00001		 -0.00001
 -0.00001		 -0.00000
 -0.00001		 -0.00000
 -0.00001		 -0.00000
 -0.00001		  0.00000
 -0.00001		  0.00000
 -0.00001		  0.00000
 -0.00001		  0.00001
 -0.00000		  0.00001
 -0.00000		  0.00001
 -0.00000		  0.00001
  0.00000		  0.00001
  0.00000		  0.00001
  0.00000		  0.00001
  0.00001		  0.00001
  0.00001		  0.00000
  0.00001		  0.00000
  0.00001		  0.00000
  0.00001		 -0.00000
  0.00001		 -0.00000
  0.00001		 -0.00000
  0.00000		 -0.00001
  0.00000		 -0.00001
  0.00000		 -0.00001
  0.00000		 -0.00001
 -0.00000		 -0.00001
 -0.00000		 -0.00001
 -0.00000		 -0.00001
 -0.00001		 -0.00000
 -0.00001		 -0.00000
 -0.00001		 -0.00000
 -0.00001		  0.00000
 -0.00001		  0.00000
 -0.00001		  0.00000
 -0.00001		  0.00000
 -0.00000		  0.00001
 -0.00000		  0.00001
 -0.00000		  0.00001
  0.00000		  0.00001
  0.00000		  0.00001
  0.00000		  0.00001
  0.00000		  0.00000
  0.00001		  0.00000
  0.00001		  0.00000
  0.00001		  0.00000
  0.00001		 -0.00000
  0.00001		 -0.00000
  0.00001		 -0.00000
  0.00000		 -0.00000
  0.00000		 -0.00001
  0.00000		 -0.00001
  0.00000		 -0.00001
 -0.00000		 -0.00001
 -0.00000		 -0.00001
 -0.00000		 -0.00000
 -0.00000		 -0.00000
 -0.00001		 -0.00000
 -0.00001		 -0.00000
 -0.00001		 -0.00000
 -0.00001		  0.00000
 -0.00001		  0.00000
 -0.00000		  0.00000
 -0.00000		  0.00000
 -0.00000		  0.00000
 -0.00000		  0.00001
  0.00000		  0.00001
  0.00000		  0.00000
  0.00000		  0.00000
  0.00000		  0.00000
  0.00000		  0.00000
  0.00000		  0.00000
  0.00000		  0.00000
  0.00000		 -0.00000
  0.00000		 -0.00000
  0.00000		 -0.00000
  0.00000		 -0.00000
  0.00000		 -0.00000
  0.00000		 -0.00000
  0.00000		 -0.00000
 -0.00000		 -0.00000
 -0.00000		 -0.00000
 -0.00000		 -0.00000
 -0.00000		 -0.00000
 -0.00000		 -0.00000
 -0.00000		 -0.00000
 -0.00000		  0.00000
 -0.00000		  0.00000
 -0.00000		  0.00000
 -0.00000		  0.00000
 -0.00000		  0.00000
 -0.00000		  0.00000
  0.00000		  0.00000
  0.00000		  0.00000
  0.00000		  0.00000
  0.00000		  0.00000
  0.00000		  0.00000
  0.00000		  0.00000
  0.00000		  0.00000
  0.00000		 -0.00000
  0.00000		 -0.00000
  0.00000		 -0.00000
  0.00000		 -0.00000
  0.00000		 -0.00000
  0.00000		 -0.00001
  0.00000		 -0.00001
 -0.00000		 -0.00001
 -0.00000		 -0.00001
 -0.00000		 -0.00000
 -0.00000		 -0.00000
 -0.00000		 -0.00000
 -0.00001		 -0.00000
 -0.00001		 -0.00000
 -0.00001		  0.00000
 -0.00001		  0.00000
 -0.00000		  0.00000
 -0.00000		  0.00000
 -0.00000		  0.00000
 -0.00000		  0.00001
 -0.00000		  0.00001
  0.00000		  0.00001
  0.00000		  0.00001
  0.00000		  0.00001
  0.00000		  0.00000
  0.00000		  0.00000
  0.00000		  0.00000
  0.00001		  0.00000
  0.00001		  0.00000
  0.00001		 -0.00000
  0.00000		 -0.00000
  0.00000		 -0.00000
  0.00000		 -0.00000
  0.00000		 -0.00000
  0.00000		 -0.00000
  0.00000		 -0.00000
 -0.00000		 -0.00000
 -0.00000		 -0.00000
 -0.00000		 -0.00000
 -0.00000		 -0.00000
 -0.00000		 -0.00000
 -0.00000		 -0.00000
 -0.00000		  0.00000
 -0.00000		  0.00000
 -0.00000		  0.00000
 -0.00000		  0.00000
 -0.00000		  0.00000
 -0.00000		  0.00000
 -0.00000		  0.00000
  0.00000		  0.00000
  0.00000		  0.00000
  0.00000		  0.00000
  0.00000		  0.00000
  0.00000		  0.00000
  0.00000		  0.00000
  0.00000		 -0.00000
  0.00000		 -0.00000
  0.00000		 -0.00000
  0.00000		 -0.00000
  0.00000		 -0.00000
  0.00000		 -0.00000
 -0.00000		 -0.00000
 -0.00000		 -0.00000
 -0.00000		 -0.00000
 -0.00000		 -0.00000
 -0.00000		 -0.00000
 -0.00000		 -0.00000
 -0.00000		 -0.00000
 -0.00000		  0.00000
 -0.00000		  0.00000
 -0.00000		  0.00000
 -0.00000		  0.00000
 -0.00000		  0.00000
 -0.00000		  0.00000
 -0.00000		  0.00000
  0.00000		  0.00000
  0.00000		  0.00000
  0.00000		  0.00000
  0.00000		  0.00000
  0.00000		  0.00000
  0.00000		  0.00000
  0.00000		  0.00000
  0.00000		 -0.00000
  0.00000		 -0.00000
  0.00000		 -0.00000
  0.00000		 -0.00000
  0.00000		 -0.00000
  0.00000		 -0.00000
  0.00000		 -0.00000
 -0.00000		 -0.00000
 -0.00000		 -0.00000
 -0.00000		 -0.00000
 -0.00000		 -0.00000
 -0.00000		 -0.00000
 -0.00000		 -0.00000
 -0.00000		  0.00000
 -0.00000		  0.00000
 -0.00000		  0.00000
 -0.00000		  0.00000
 -0.00000		  0.00000
 -0.00000		  0.00000
 -0.00000		  0.00000
  0.00000		  0.00000
  0.00000		  0.00000
  0.00000		  0.00000
  0.00000		  0.00000
  0.00000		  0.00000
  0.00000		  0.00000
  0.00000		  0.00000
  0.00000		 -0.00000
  0.00000		 -0.00000
  0.00000		 -0.00000
  0.00000		 -0.00000
  0.00000		 -0.00000
  0.00000		 -0.00000
 -0.00000		 -0.00000
 -0.00000		 -0.00000
 -0.00000		 -0.00000
 -0.00000		 -0.00000
 -0.00000		 -0.00000
 -0.00000		 -0.00000
 -0.00000		 -0.00000
 -0.00000		  0.00000
 -0.00000		  0.00000
 -0.00000		  0.00000
 -0.00000		  0.00000
 -0.00000		  0.00000
 -0.00000		  0.00000
 -0.00000		  0.00000
  0.00000		  0.00000
  0.00000		  0.00000
  0.00000		  0.00000
  0.00000		  0.00000
  0.00000		  0.00000
  0.00000		  0.00000
  0.00000		  0.00000
  0.00000		  0.00000
  0.00000		 -0.00000
  0.00000		 -0.00000
  0.00000		 -0.00000
  0.00000		 -0.00000
  0.00000		 -0.00000
  0.00000		 -0.00000
  0.00000		 -0.00000
 -0.00000		 -0.00000
 -0.00000		 -0.00000
 -0.00000		 -0.00000
 -0.00000		 -0.00000
 -0.00000		 -0.00000
 -0.00000		 -0.00000
 -0.00000		 -0.00000
 -0.00000		  0.00000
 -0.00000		  0.00000
 -0.00000		  0.00000
 -0.00000		  0.00000
 -0.00000		  0.00000
 -0.00000		  0.00000
  0.00000		  0.00000
  0.00000		  0.00000
  0.00000		  0.00000
  0.00000		  0.00000
  0.00000		  0.00000
  0.00000		  0.00000
  0.00000		 -0.00000
  0.00000		 -0.00000
  0.00000		 -0.00000
  0.00000		 -0.00000
  0.00000		 -0.00000
  0.00000		 -0.00000
 -0.00000		 -0.00000
 -0.00000		 -0.00000
 -0.00000		 -0.00000
 -0.00000		 -0.00000
 -0.00000		 -0.00000
 -0.00000		 -0.00000
 -0.00000		 -0.00000
 -0.00000		  0.00000
 -0.00000		  0.00000
 -0.00000		  0.00000
 -0.00000		  0.00000
 -0.00000		  0.00000
 -0.00000		  0.00000
 -0.00000		  0.00000
  0.00000		  0.00000
  0.00000		  0.00000
  0.00000		  0.00000
  0.00000		  0.00000
  0.00000		  0.00000
  0.00000		  0.00000
  0.00000		  0.00000
  0.00000		 -0.00000
  0.00000		 -0.00000
  0.00000		 -0.00000
  0.00000		 -0.00000
  0.00000		 -0.00000
  0.00000		 -0.00000
  0.00000		 -0.00000
  0.00000		 -0.00000
 -0.00000		 -0.00000
 -0.00000		 -0.00000
 -0.00000		 -0.00000
 -0.00000		 -0.00000
 -0.00000		 -0.00000
 -0.00000		 -0.00000
 -0.00000		  0.00000
 -0.00000		  0.00000
 -0.00000		  0.00000
 -0.00000		  0.00000
 -0.00000		  0.00000
 -0.00000		  0.00000
 -0.00000		  0.00000
  0.00000		  0.00000
  0.00000		  0.00000
  0.00000		  0.00000
  0.00000		  0.00000
  0.00000		  0.00000
  0.00000		  0.00000
  0.00000		 -0.00000
  0.00000		 -0.00000
  0.00000		 -0.00000
  0.00000		 -0.00000
  0.00000		 -0.00000
  0.00000		 -0.00000
 -0.00000		 -0.00000
 -0.00000		 -0.00000
 -0.00000		 -0.00000
 -0.00000		 -0.00000
 -0.00000		 -0.00000
 -0.00000		 -0.00000
 -0.00000		 -0.00000
 -0.00000		  0.00000
 -0.00000		  0.00000
 -0.00000		  0.00000
 -0.00000		  0.00000
 -0.00000		  0.00000
 -0.00000		  0.00000
 -0.00000		  0.00000
  0.00000		  0.00000
  0.00000		  0.00000
  0.00000		  0.00000
  0.00000		  0.00000
  0.00000		  0.00000
  0.00000		  0.00000
  0.00000		  0.00000
  0.00000		 -0.00000
  0.00000		 -0.00000
  0.00000		 -0.00000
  0.00000		 -0.00000
  0.00000		 -0.00000
  0.00000		 -0.00000
  0.00000		 -0.00000
 -0.00000		 -0.00000
 -0.00000		 -0.00000
 -0.00000		 -0.00000
 -0.00000		 -0.00000
 -0.00000		 -0.00000
 -0.00000		 -0.00000
 -0.00000		 -0.00000
 -0.00000		  0.00000
 -0.00000		  0.00000
 -0.00000		  0.00000
 -0.00000		  0.00000
 -0.00000		  0.00000
 -0.00000		  0.00000
 -0.00000		  0.00000
  0.00000		  0.00000
  0.00000		  0.00000
  0.00000		  0.00000
  0.00000		  0.00000
  0.00000		  0.00000
  0.00000		  0.00000
  0.00000		  0.00000
  0.00000		 -0.00000
  0.00000		 -0.00000
  0.00000		 -0.00000
  0.00000		 -0.00000
  0.00000		 -0.00000
  0.00000		 -0.00000
 -0.00000		 -0.00000
 -0.00000		 -0.00000
 -0.00000		 -0.00000
 -0.00000		 -0.00000
 -0.00000		 -0.00000
 -0.00000		 -0.00000
 -0.00000		 -0.00000
 -0.00000		  0.00000
 -0.00000		  0.00000
 -0.00000		  0.00000
 -0.00000		  0.00000
 -0.00000		  0.00000
 -0.00000		  0.00000
  0.00000		  0.00000
  0.00000		  0.00000
  0.00000		  0.00000
  0.00000		  0.00000
  0.00000		  0.00000
  0.00000		  0.00000
  0.00000		  0.00000
  0.00000		 -0.00000
  0.00000		 -0.00000
  0.00000		 -0.00000
  0.00000		 -0.00000
  0.00000		 -0.00000
  0.00000		 -0.00000
  0.00000		 -0.00000
 -0.00000		 -0.00000
 -0.00000		 -0.00000
 -0.00000		 -0.00000
 -0.00000		 -0.00000
 -0.00000		 -0.00000
 -0.00000		 -0.00000
 -0.00000		 -0.00000
 -0.00000		  0.00000
 -0.00000		  0.00000
 -0.00000		  0.00000
 -0.00000		  0.00000
 -0.00000		  0.00000
 -0.00000		  0.00000
 -0.00000		  0.00000
  0.00000		  0.00000
  0.00000		  0.00000
  0.00000		  0.00000
  0.00000		  0.00000
  0.00000		  0.00000
  0.00000		  0.00000
  0.00000		  0.00000
  0.00000		 -0.00000
  0.00000		 -0.00000
  0.00000		 -0.00000
  0.00000		 -0.00000
  0.00000		 -0.00000
  0.00000		 -0.00000
 -0.00000		 -0.00000
 -0.00000		 -0.00000
 -0.00000		 -0.00000
 -0.00000		 -0.00000
 -0.00000		 -0.00000
 -0.00000		 -0.00000
 -0.00000		 -0.00000
 -0.00000		  0.00000
 -0.00000		  0.00000
 -0.00000		  0.00000
 -0.00000		  0.00000
 -0.00000		  0.00000
 -0.00000		  0.00000
  0.00000		  0.00000
  0.00000		  0.00000
  0.00000		  0.00000
  0.00000		  0.00000
  0.00000		  0.00000
  0.00000		  0.00000
  0.00000		  0.00000
  0.00000		  0.00000
  0.00000		 -0.00000
  0.00000		 -0.00000
  0.00000		 -0.00000
  0.00000		 -0.00000
  0.00000		 -0.00000
  0.00000		 -0.00000
  0.00000		 -0.00000
 -0.00000		 -0.00000
 -0.00000		 -0.00000
 -0.00000		 -0.00000
 -0.00000		 -0.00000
 -0.00000		 -0.00000
 -0.00000		 -0.00000
 -0.00000		 -0.00000
 -0.00000		  0.00000
 -0.00000		  0.00000
 -0.00000		  0.00000
 -0.00000		  0.00000
 -0.00000		  0.00000
 -0.00000		  0.00000
  0.00000		  0.00000
  0.00000		  0.00000
  0.00000		  0.00000
  0.00000		  0.00000
  0.00000		  0.00000
  0.00000		  0.00000
  0.00000		  0.00000
  0.00000		 -0.00000
  0.00000		 -0.00000
  0.00000		 -0.00000
  0.00000		 -0.00000
  0.00000		 -0.00000
  0.00000		 -0.00000
 -0.00000		 -0.00000
 -0.00000		 -0.00000
 -0.00000		 -0.00000
 -0.00000		 -0.00000
 -0.00000		 -0.00000
 -0.00000		 -0.00000
 -0.00000		  0.00000
 -0.00000		  0.00000
 -0.00000		  0.00000
 -0.00000		  0.00000
 -0.00000		  0.00000
 -0.00000		  0.00000
 -0.00000		  0.00000
  0.00000		  0.00000
  0.00000		  0.00000
  0.00000		  0.00000
  0.00000		  0.00000
  0.00000		  0.00000
  0.00000		  0.00000
  0.00000		  0.00000
  0.00000		 -0.00000
  0.00000		 -0.00000
  0.00000		 -0.00000
  0.00000		 -0.00000
  0.00000		 -0.00000
  0.00000		 -0.00000
  0.00000		 -0.00000
 -0.00000		 -0.00000
 -0.00000		 -0.00000
 -0.00000		 -0.00000
 -0.00000		 -0.00000
 -0.00000		 -0.00000
 -0.00000		 -0.00000
 -0.00000		 -0.00000
 -0.00000		  0.00000
 -0.00000		  0.00000
 -0.00000		  0.00000
 -0.00000		  0.00000
 -0.00000		  0.00000
 -0.00000		  0.00000
 -0.00000		  0.00000
  0.00000		  0.00000
  0.00000		  0.00000
  0.00000		  0.00000
  0.00000		  0.00000
  0.00000		  0.00000
  0.00000		  0.00000
  0.00000		  0.00000
  0.00000		 -0.00000
  0.00000		 -0.00000
  0.00000		 -0.00000
  0.00000		 -0.00000
  0.00000		 -0.00000
  0.00000		 -0.00000
  0.00000		 -0.00000
 -0.00000		 -0.00000
 -0.00000		 -0.00000
 -0.00000		 -0.00000
 -0.00000		 -0.00000
 -0.00000		 -0.00000
 -0.00000		 -0.00000
 -0.00000		 -0.00000
 -0.00000		  0.00000
 -0.00000		  0.00000
 -0.00000		  0.00000
 -0.00000		  0.00000
 -0.00000		  0.00000
 -0.00000		  0.00000
 -0.00000		  0.00000
  0.00000		  0.00000
  0.00000		  0.00000
  0.00000		  0.00000
  0.00000		  0.00000
  0.00000		  0.00000
  0.00000		  0.00000
  0.00000		 -0.00000
  0.00000		 -0.00000
  0.00000		 -0.00000
  0.00000		 -0.00000
  0.00000		 -0.00000
  0.00000		 -0.00000
 -0.00000		 -0.00000
 -0.00000		 -0.00000
 -0.00000		 -0.00000
 -0.00000		 -0.00000
 -0.00000		 -0.00000
 -0.00000		 -0.00000
 -0.00000		  0.00000
 -0.00000		  0.00000
 -0.00000		  0.00000
 -0.00000		  0.00000
 -0.00000		  0.00000
 -0.00000		  0.00000
 -0.00000		  0.00000
  0.00000		  0.00000
  0.00000		  0.00000
  0.00000		  0.00000
  0.00000		  0.00000
  0.00000		  0.00000
  0.00000		  0.00000
  0.00000		  0.00000
  0.00000		 -0.00000
  0.00000		 -0.00000
  0.00000		 -0.00000
  0.00000		 -0.00000
  0.00000		 -0.00000
  0.00000		 -0.00000
 -0.00000		 -0.00000
 -0.00000		 -0.00000
 -0.00000		 -0.00000
 -0.00000		 -0.00000
 -0.00000		 -0.00000
 -0.00000		 -0.00000
 -0.00000		 -0.00000
 -0.00000		  0.00000
 -0.00000		  0.00000
 -0.00000		  0.00000
 -0.00000		  0.00000
 -0.00000		  0.00000
 -0.00000		  0.00000
 -0.00000		  0.00000
  0.00000		  0.00000
  0.00000		  0.00000
  0.00000		  0.00000
  0.00000		  0.00000
  0.00000		  0.00000
  0.00000		  0.00000
  0.00000		  0.00000
  0.00000		 -0.00000
  0.00000		 -0.00000
  0.00000		 -0.00000
  0.00000		 -0.00000
  0.00000		 -0.00000
  0.00000		 -0.00000
  0.00000		 -0.00000
  0.00000		 -0.00000
 -0.00000		 -0.00000
 -0.00000		 -0.00000
 -0.00000		 -0.00000
 -0.00000		 -0.00000
 -0.00000		 -0.00000
 -0.00000		 -0.00000
 -0.00000		 -0.00000
 -0.00000		  0.00000
 -0.00000		  0.00000
 -0.00000		  0.00000
 -0.00000		  0.00000
 -0.00000		  0.00000
 -0.00000		  0.00000
 -0.00000		  0.00000
  0.00000		  0.00000
  0.00000		  0.00000
  0.00000		  0.00000
  0.00000		  0.00000
  0.00000		  0.00000
  0.00000		  0.00000
  0.00000		 -0.00000
  0.00000		 -0.00000
  0.00000		 -0.00000
  0.00000		 -0.00000
  0.00000		 -0.00000
  0.00000		 -0.00000
  0.00000		 -0.00000
 -0.00000		 -0.00000
 -0.00000		 -0.00000
 -0.00000		 -0.00000
 -0.00000		 -0.00000
 -0.00000		 -0.00000
 -0.00000		 -0.00000
 -0.00000		 -0.00000
 -0.00000		  0.00000
 -0.00000		  0.00000
 -0.00000		  0.00000
 -0.00000		  0.00000
 -0.00000		  0.00000
 -0.00000		  0.00000
  0.00000		  0.00000
  0.00000		  0.00000
  0.00000		  0.00000
  0.00000		  0.00000
  0.00000		  0.00000
  0.00000		  0.00000
  0.00000		 -0.00000
  0.00000		 -0.00000
  0.00000		 -0.00000
  0.00000		 -0.00000
  0.00000		 -0.00000
  0.00000		 -0.00000
  0.00000		 -0.00000
 -0.00000		 -0.00000
 -0.00000		 -0.00000
 -0.00000		 -0.00000
 -0.00000		 -0.00000
 -0.00000		 -0.00000
 -0.00000		 -0.00000
 -0.00000		  0.00000
 -0.00000		  0.00000
 -0.00000		  0.00000
 -0.00000		  0.00000
 -0.00000		  0.00000
 -0.00000		  0.00000
 -0.00000		  0.00000
  0.00000		  0.00000
  0.00000		  0.00000
  0.00000		  0.00000
  0.00000		  0.00000
  0.00000		  0.00000
  0.00000		  0.00000
  0.00000		 -0.00000
  0.00000		 -0.00000
  0.00000		 -0.00000
  0.00000		 -0.00000
  0.00000		 -0.00000
  0.00000		 -0.00000
  0.00000		 -0.00000
  0.00000		 -0.00000
 -0.00000		 -0.00000
 -0.00000		 -0.00000
 -0.00000		 -0.00000
 -0.00000		 -0.00000
 -0.00000		 -0.00000
 -0.00000		 -0.00000
 -0.00000		 -0.00000
 -0.00000		  0.00000
 -0.00000		  0.00000
 -0.00000		  0.00000
 -0.00000		  0.00000
 -0.00000		  0.00000
 -0.00000		  0.00000
 -0.00000		  0.00000
  0.00000		  0.00000
  0.00000		  0.00000
  0.00000		  0.00000
  0.00000		  0.00000
  0.00000		  0.00000
  0.00000		  0.00000
  0.00000		  0.00000
  0.00000		 -0.00000
  0.00000		 -0.00000
  0.00000		 -0.00000
  0.00000		 -0.00000
  0.00000		 -0.00000
  0.00000		 -0.00000
  0.00000		 -0.00000
 -0.00000		 -0.00000
 -0.00000		 -0.00000
 -0.00000		 -0.00000
 -0.00000		 -0.00000
 -0.00000		 -0.00000
 -0.00000		 -0.00000
 -0.00000		 -0.00000
 -0.00000		  0.00000
 -0.00000		  0.00000
 -0.00000		  0.00000
 -0.00000		  0.00000
 -0.00000		  0.00000
 -0.00000		  0.00000
  0.00000		  0.00000
  0.00000		  0.00000
  0.00000		  0.00000
  0.00000		  0.00000
  0.00000		  0.00000
  0.00000		  0.00000
  0.00000		 -0.00000
  0.00000		 -0.00000
  0.00000		 -0.00000
  0.00000		 -0.00000
  0.00000		 -0.00000
  0.00000		 -0.00000
  0.00000		 -0.00000
 -0.00000		 -0.00000
 -0.00000		 -0.00000
 -0.00000		 -0.00000
 -0.00000		 -0.00000
 -0.00000		 -0.00000
 -0.00000		 -0.00000
 -0.00000		  0.00000
 -0.00000		  0.00000
 -0.00000		  0.00000
 -0.00000		  0.00000
 -0.00000		  0.00000
 -0.00000		  0.00000
 -0.00000		  0.00000
  0.00000		  0.00000
  0.00000		  0.00000
  0.00000		  0.00000
  0.00000		  0.00000
  0.00000		  0.00000
  0.00000		  0.00000
  0.00000		  0.00000
  0.00000		 -0.00000
  0.00000		 -0.00000
  0.00000		 -0.00000
  0.00000		 -0.00000
  0.00000		 -0.00000
  0.00000		 -0.00000
  0.00000		 -0.00000
 -0.00000		 -0.00000
 -0.00000		 -0.00000
 -0.00000		 -0.00000
 -0.00000		 -0.00000
 -0.00000		 -0.00000
 -0.00000		 -0.00000
 -0.00000		 -0.00000
 -0.00000		  0.00000
 -0.00000		  0.00000
 -0.00000		  0.00000
 -0.00000		  0.00000
 -0.00000		  0.00000
 -0.00000		  0.00000
 -0.00000		  0.00000
  0.00000		  0.00000
  0.00000		  0.00000
  0.00000		  0.00000
  0.00000		  0.00000
  0.00000		  0.00000
  0.00000		  0.00000
  0.00000		 -0.00000
  0.00000		 -0.00000
  0.00000		 -0.00000
  0.00000		 -0.00000
  0.00000		 -0.00000
  0.00000		 -0.00000
  0.00000		 -0.00000
 -0.00000		 -0.00000
 -0.00000		 -0.00000
 -0.00000		 -0.00000
 -0.00000		 -0.00000
 -0.00000		 -0.00000
 -0.00000		 -0.00000
 -0.00000		 -0.00000
 -0.00000		  0.00000
 -0.00000		  0.00000
 -0.00000		  0.00000
 -0.00000		  0.00000
 -0.00000		  0.00000
 -0.00000		  0.00000
 -0.00000		  0.00000
  0.00000		  0.00000
  0.00000		  0.00000
  0.00000		  0.00000
  0.00000		  0.00000
  0.00000		  0.00000
  0.00000		  0.00000
  0.00000		  0.00000
  0.00000		 -0.00000
  0.00000		 -0.00000
  0.00000		 -0.00000
  0.00000		 -0.00000
  0.00000		 -0.00000
  0.00000		 -0.00000
 -0.00000		 -0.00000
 -0.00000		 -0.00000
 -0.00000		 -0.00000
 -0.00000		 -0.00000
 -0.00000		 -0.00000
 -0.00000		 -0.00000
 -0.00000		 -0.00000
 -0.00000		  0.00000
 -0.00000		  0.00000
 -0.00000		  0.00000
 -0.00000		  0.00000
 -0.00000		  0.00000
 -0.00000		  0.00000
  0.00000		  0.00000
  0.00000		  0.00000
  0.00000		  0.00000
  0.00000		  0.00000
  0.00000		  0.00000
  0.00000		  0.00000
  0.00000		  0.00000
  0.00000		 -0.00000
  0.00000		 -0.00000
  0.00000		 -0.00000
  0.00000		 -0.00000
  0.00000		 -0.00000
  0.00000		 -0.00000
 -0.00000		 -0.00000
 -0.00000		 -0.00000
 -0.00000		 -0.00000
 -0.00000		 -0.00000
 -0.00000		 -0.00000
 -0.00000		 -0.00000
 -0.00000		 -0.00000
 -0.00000		  0.00000
 -0.00000		  0.00000
 -0.00000		  0.00000
 -0.00000		  0.00000
 -0.00000		  0.00000
 -0.00000		  0.00000
 -0.00000		  0.00000
  0.00000		  0.00000
  0.00000		  0.00000
  0.00000		  0.00000
  0.00000		  0.00000
  0.00000		  0.00000
  0.00000		  0.00000
  0.00000		  0.00000
  0.00000		 -0.00000
  0.00000		 -0.00000
  0.00000		 -0.00000
  0.00000		 -0.00000
  0.00000		 -0.00000
  0.00000		 -0.00000
  0.00000		 -0.00000
 -0.00000		 -0.00000
 -0.00000		 -0.00000
 -0.00000		 -0.00000
 -0.00000		 -0.00000
 -0.00000		 -0.00000
 -0.00000		 -0.00000
 -0.00000		 -0.00000
 -0.00000		  0.00000
 -0.00000		  0.00000
 -0.00000		  0.00000
 -0.00000		  0.00000
 -0.00000		  0.00000
 -0.00000		  0.00000
 -0.00000		  0.00000
  0.00000		  0.00000
  0.00000		  0.00000
  0.00000		  0.00000
  0.00000		  0.00000
  0.00000		  0.00000
  0.00000		  0.00000
  0.00000		  0.00000
  0.00000		 -0.00000
  0.00000		 -0.00000
  0.00000		 -0.00000
  0.00000		 -0.00000
  0.00000		 -0.00000
  0.00000		 -0.00000
 -0.00000		 -0.00000
 -0.00000		 -0.00000
 -0.00000		 -0.00000
 -0.00000		 -0.00000
 -0.00000		 -0.00000
 -0.00000		 -0.00000
 -0.00000		  0.00000
 -0.00000		  0.00000
 -0.00000		  0.00000
 -0.00000		  0.00000
 -0.00000		  0.00000
 -0.00000		  0.00000
 -0.00000		  0.00000
  0.00000		  0.00000
  0.00000		  0.00000
  0.00000		  0.00000
  0.00000		  0.00000
  0.00000		  0.00000
  0.00000		  0.00000
  0.00000		 -0.00000
  0.00000		 -0.00000
  0.00000		 -0.00000
  0.00000		 -0.00000
  0.00000		 -0.00000
  0.00000		 -0.00000
  0.00000		 -0.00000
 -0.00000		 -0.00000
 -0.00000		 -0.00000
 -0.00000		 -0.00000
 -0.00000		 -0.00000
 -0.00000		 -0.00000
 -0.00000		 -0.00000
 -0.00000		 -0.00000
 -0.00000		  0.00000
 -0.00000		  0.00000
 -0.00000		  0.00000
 -0.00000		  0.00000
 -0.00000		  0.00000
 -0.00000		  0.00000
 -0.00000		  0.00000
  0.00000		  0.00000
  0.00000		  0.00000
  0.00000		  0.00000
  0.00000		  0.00000
  0.00000		  0.00000
  0.00000		  0.00000
  0.00000		  0.00000
  0.00000		 -0.00000
  0.00000		 -0.00000
  0.00000		 -0.00000
  0.00000		 -0.00000
  0.00000		 -0.00000
  0.00000		 -0.00000
  0.00000		 -0.00000
 -0.00000		 -0.00000
 -0.00000		 -0.00000
 -0.00000		 -0.00000
 -0.00000		 -0.00000
 -0.00000		 -0.00000
 -0.00000		 -0.00000
 -0.00000		  0.00000
 -0.00000		  0.00000
 -0.00000		  0.00000
 -0.00000		  0.00000
 -0.00000		  0.00000
 -0.00000		  0.00000
 -0.00000		  0.00000
  0.00000		  0.00000
  0.00000		  0.00000
  0.00000		  0.00000
  0.00000		  0.00000
  0.00000		  0.00000
  0.00000		  0.00000
  0.00000		  0.00000
  0.00000		 -0.00000
  0.00000		 -0.00000
  0.00000		 -0.00000
  0.00000		 -0.00000
  0.00000		 -0.00000
  0.00000		 -0.00000
  0.00000		 -0.00000
 -0.00000		 -0.00000
 -0.00000		 -0.00000
 -0.00000		 -0.00000
 -0.00000		 -0.00000
 -0.00000		 -0.00000
 -0.00000		 -0.00000
 -0.00000		  0.00000
 -0.00000		  0.00000
 -0.00000		  0.00000
 -0.00000		  0.00000
 -0.00000		  0.00000
 -0.00000		  0.00000
 -0.00000		  0.00000
  0.00000		  0.00000
  0.00000		  0.00000
  0.00000		  0.00000
  0.00000		  0.00000
  0.00000		  0.00000
  0.00000		  0.00000
  0.00000		  0.00000
  0.00000		 -0.00000
  0.00000		 -0.00000
  0.00000		 -0.00000
  0.00000		 -0.00000
  0.00000		 -0.00000
  0.00000		 -0.00000
 -0.00000		 -0.00000
 -0.00000		 -0.00000
 -0.00000		 -0.00000
 -0.00000		 -0.00000
 -0.00000		 -0.00000
 -0.00000		 -0.00000
 -0.00000		 -0.00000
 -0.00000		  0.00000
 -0.00000		  0.00000
 -0.00000		  0.00000
 -0.00000		  0.00000
 -0.00000		  0.00000
 -0.00000		  0.00000
 -0.00000		  0.00000
  0.00000		  0.00000
  0.00000		  0.00000
  0.00000		  0.00000
  0.00000		  0.00000
  0.00000		  0.00000
  0.00000		  0.00000
  0.00000		 -0.00000
  0.00000		 -0.00000
  0.00000		 -0.00000
  0.00000		 -0.00000
  0.00000		 -0.00000
  0.00000		 -0.00000
  0.00000		 -0.00000
 -0.00000		 -0.00000
 -0.00000		 -0.00000
 -0.00000		 -0.00000
 -0.00000		 -0.00000
 -0.00000		 -0.00000
 -0.00000		 -0.00000
 -0.00000		 -0.00000
 -0.00000		  0.00000
 -0.00000		  0.00000
 -0.00000		  0.00000
 -0.00000		  0.00000
 -0.00000		  0.00000
 -0.00000		  0.00000
 -0.00000		  0.00000
  0.00000		  0.00000
  0.00000		  0.00000
  0.00000		  0.00000
  0.00000		  0.00000
  0.00000		  0.00000
  0.00000		  0.00000
  0.00000		  0.00000
  0.00000		 -0.00000
  0.00000		 -0.00000
  0.00000		 -0.00000
  0.00000		 -0.00000
  0.00000		 -0.00000
  0.00000		 -0.00000
  0.00000		 -0.00000
 -0.00000		 -0.00000
 -0.00000		 -0.00000
 -0.00000		 -0.00000
 -0.00000		 -0.00000
 -0.00000		 -0.00000
 -0.00000		 -0.00000
 -0.00000		  0.00000
 -0.00000		  0.00000
 -0.00000		  0.00000
 -0.00000		  0.00000
 -0.00000		  0.00000
 -0.00000		  0.00000
 -0.00000		  0.00000
  0.00000		  0.00000
  0.00000		  0.00000
  0.00000		  0.00000
  0.00000		  0.00000
  0.00000		  0.00000
  0.00000		  0.00000
  0.00000		 -0.00000
  0.00000		 -0.00000
  0.00000		 -0.00000
  0.00000		 -0.00000
  0.00000		 -0.00000
  0.00000		 -0.00000
  0.00000		 -0.00000
 -0.00000		 -0.00000
 -0.00000		 -0.00000
 -0.00000		 -0.00000
 -0.00000		 -0.00000
 -0.00000		 -0.00000
 -0.00000		 -0.00000
 -0.00000		 -0.00000
 -0.00000		  0.00000
 -0.00000		  0.00000
 -0.00000		  0.00000
 -0.00000		  0.00000
 -0.00000		  0.00000
 -0.00000		  0.00000
 -0.00000		  0.00000
  0.00000		  0.00000
  0.00000		  0.00000
  0.00000		  0.00000
  0.00000		  0.00000
  0.00000		  0.00000
  0.00000		  0.00000
  0.00000		 -0.00000
  0.00000		 -0.00000
  0.00000		 -0.00000
  0.00000		 -0.00000
  0.00000		 -0.00000
  0.00000		 -0.00000
  0.00000		 -0.00000
 -0.00000		 -0.00000
 -0.00000		 -0.00000
 -0.00000		 -0.00000
 -0.00000		 -0.00000
 -0.00000		 -0.00000
 -0.00000		 -0.00000
 -0.00000		 -0.00000
 -0.00000		  0.00000
 -0.00000		  0.00000
 -0.00000		  0.00000
 -0.00000		  0.00000
 -0.00000		  0.00000
 -0.00000		  0.00000
 -0.00000		  0.00000
  0.00000		  0.00000
  0.00000		  0.00000
  0.00000		  0.00000
  0.00000		  0.00000
  0.00000		  0.00000
  0.00000		  0.00000
  0.00000		 -0.00000
  0.00000		 -0.00000
  0.00000		 -0.00000
  0.00000		 -0.00000
  0.00000		 -0.00000
  0.00000		 -0.00000
  0.00000		 -0.00000
 -0.00000		 -0.00000
 -0.00000		 -0.00000
 -0.00000		 -0.00000
 -0.00000		 -0.00000
 -0.00000		 -0.00000
 -0.00000		 -0.00000
 -0.00000		 -0.00000
 -0.00000		  0.00000
 -0.00000		  0.00000
 -0.00000		  0.00000
 -0.00000		  0.00000
 -0.00000		  0.00000
 -0.00000		  0.00000
  0.00000		  0.00000
  0.00000		  0.00000
  0.00000		  0.00000
  0.00000		  0.00000
  0.00000		  0.00000
  0.00000		  0.00000
  0.00000		  0.00000
  0.00000		 -0.00000
  0.00000		 -0.00000
  0.00000		 -0.00000
  0.00000		 -0.00000
  0.00000		 -0.00000
  0.00000		 -0.00000
  0.00000		 -0.00000
 -0.00000		 -0.00000
 -0.00000		 -0.00000
 -0.00000		 -0.00000
 -0.00000		 -0.00000
 -0.00000		 -0.00000
 -0.00000		 -0.00000
 -0.00000		 -0.00000
 -0.00000		  0.00000
 -0.00000		  0.00000
 -0.00000		  0.00000
 -0.00000		  0.00000
 -0.00000		  0.00000
 -0.00000		  0.00000
  0.00000		  0.00000
  0.00000		  0.00000
  0.00000		  0.00000
  0.00000		  0.00000
  0.00000		  0.00000
  0.00000		  0.00000
  0.00000		  0.00000
  0.00000		 -0.00000
  0.00000		 -0.00000
  0.00000		 -0.00000
  0.00000		 -0.00000
  0.00000		 -0.00000
  0.00000		 -0.00000
  0.00000		 -0.00000
 -0.00000		 -0.00000
 -0.00000		 -0.00000
 -0.00000		 -0.00000
 -0.00000		 -0.00000
 -0.00000		 -0.00000
 -0.00000		 -0.00000
 -0.00000		 -0.00000
 -0.00000		  0.00000
 -0.00000		  0.00000
 -0.00000		  0.00000
 -0.00000		  0.00000
 -0.00000		  0.00000
 -0.00000		  0.00000
  0.00000		  0.00000
  0.00000		  0.00000
  0.00000		  0.00000
  0.00000		  0.00000
  0.00000		  0.00000
  0.00000		  0.00000
  0.00000		  0.00000
  0.00000		 -0.00000
  0.00000		 -0.00000
  0.00000		 -0.00000
  0.00000		 -0.00000
  0.00000		 -0.00000
  0.00000		 -0.00000
  0.00000		 -0.00000
 -0.00000		 -0.00000
 -0.00000		 -0.00000
 -0.00000		 -0.00000
 -0.00000		 -0.00000
 -0.00000		 -0.00000
 -0.00000		 -0.00000
 -0.00000		 -0.00000
 -0.00000		  0.00000
 -0.00000		  0.00000
 -0.00000		  0.00000
 -0.00000		  0.00000
 -0.00000		  0.00000
 -0.00000		  0.00000
  0.00000		  0.00000
  0.00000		  0.00000
  0.00000		  0.00000
  0.00000		  0.00000
  0.00000		  0.00000
  0.00000		  0.00000
  0.00000		  0.00000
  0.00000		 -0.00000
  0.00000		 -0.00000
  0.00000		 -0.00000
  0.00000		 -0.00000
  0.00000		 -0.00000
  0.00000		 -0.00000
  0.00000		 -0.00000
 -0.00000		 -0.00000
 -0.00000		 -0.00000
 -0.00000		 -0.00000
 -0.00000		 -0.00000
 -0.00000		 -0.00000
 -0.00000		 -0.00000
 -0.00000		  0.00000
 -0.00000		  0.00000
 -0.00000		  0.00000
 -0.00000		  0.00000
 -0.00000		  0.00000
 -0.00000		  0.00000
 -0.00000		  0.00000
  0.00000		  0.00000
  0.00000		  0.00000
  0.00000		  0.00000
  0.00000		  0.00000
  0.00000		  0.00000
  0.00000		  0.00000
  0.00000		  0.00000
  0.00000		 -0.00000
  0.00000		 -0.00000
  0.00000		 -0.00000
  0.00000		 -0.00000
  0.00000		 -0.00000
  0.00000		 -0.00000
 -0.00000		 -0.00000
 -0.00000		 -0.00000
 -0.00000		 -0.00000
 -0.00000		 -0.00000
 -0.00000		 -0.00000
 -0.00000		 -0.00000
 -0.00000		 -0.00000
 -0.00000		  0.00000
 -0.00000		  0.00000
 -0.00000		  0.00000
 -0.00000		  0.00000
 -0.00000		  0.00000
 -0.00000		  0.00000
 -0.00000		  0.00000
  0.00000		  0.00000
  0.00000		  0.00000
  0.00000		  0.00000
  0.00000		  0.00000
  0.00000		  0.00000
  0.00000		  0.00000
  0.00000		  0.00000
  0.00000		 -0.00000
  0.00000		 -0.00000
  0.00000		 -0.00000
  0.00000		 -0.00000
  0.00000		 -0.00000
  0.00000		 -0.00000
  0.00000		 -0.00000
 -0.00000		 -0.00000
 -0.00000		 -0.00000
 -0.00000		 -0.00000
 -0.00000		 -0.00000
 -0.00000		 -0.00000
 -0.00000		 -0.00000
 -0.00000		  0.00000
 -0.00000		  0.00000
 -0.00000		  0.00000
 -0.00000		  0.00000
 -0.00000		  0.00000
 -0.00000		  0.00000
 -0.00000		  0.00000
  0.00000		  0.00000
  0.00000		  0.00000
  0.00000		  0.00000
  0.00000		  0.00000
  0.00000		  0.00000
  0.00000		  0.00000
  0.00000		  0.00000
  0.00000		 -0.00000
  0.00000		 -0.00000
  0.00000		 -0.00000
  0.00000		 -0.00000
  0.00000		 -0.00000
  0.00000		 -0.00000
 -0.00000		 -0.00000
 -0.00000		 -0.00000
 -0.00000		 -0.00000
 -0.00000		 -0.00000
 -0.00000		 -0.00000
 -0.00000		 -0.00000
 -0.00000		 -0.00000
 -0.00000		  0.00000
 -0.00000		  0.00000
 -0.00000		  0.00000
 -0.00000		  0.00000
 -0.00000		  0.00000
 -0.00000		  0.00000
 -0.00000		  0.00000
  0.00000		  0.00000
  0.00000		  0.00000
  0.00000		  0.00000
  0.00000		  0.00000
  0.00000		  0.00000
  0.00000		  0.00000
  0.00000		 -0.00000
  0.00000		 -0.00000
  0.00000		 -0.00000
  0.00000		 -0.00000
  0.00000		 -0.00000
  0.00000		 -0.00000
  0.00000		 -0.00000
 -0.00000		 -0.00000
 -0.00000		 -0.00000
 -0.00000		 -0.00000
 -0.00000		 -0.00000
 -0.00000		 -0.00000
 -0.00000		 -0.00000
 -0.00000		 -0.00000
 -0.00000		  0.00000
 -0.00000		  0.00000
 -0.00000		  0.00000
 -0.00000		  0.00000
 -0.00000		  0.00000
 -0.00000		  0.00000
 -0.00000		  0.00000
  0.00000		  0.00000
  0.00000		  0.00000
  0.00000		  0.00000
  0.00000		  0.00000
  0.00000		  0.00000
  0.00000		  0.00000
  0.00000		  0.00000
  0.00000		 -0.00000
  0.00000		 -0.00000
  0.00000		 -0.00000
  0.00000		 -0.00000
  0.00000		 -0.00000
  0.00000		 -0.00000
 -0.00000		 -0.00000
 -0.00000		 -0.00000
 -0.00000		 -0.00000
 -0.00000		 -0.00000
 -0.00000		 -0.00000
 -0.00000		 -0.00000
 -0.00000		 -0.00000
 -0.00000		  0.00000
 -0.00000		  0.00000
 -0.00000		  0.00000
 -0.00000		  0.00000
 -0.00000		  0.00000
 -0.00000		  0.00000
 -0.00000		  0.00000
  0.00000		  0.00000
  0.00000		  0.00000
  0.00000		  0.00000
  0.00000		  0.00000
  0.00000		  0.00000
  0.00000		  0.00000
  0.00000		 -0.00000
  0.00000		 -0.00000
  0.00000		 -0.00000
  0.00000		 -0.00000
  0.00000		 -0.00000
  0.00000		 -0.00000
  0.00000		 -0.00000
 -0.00000		 -0.00000
 -0.00000		 -0.00000
 -0.00000		 -0.00000
 -0.00000		 -0.00000
 -0.00000		 -0.00000
 -0.00000		 -0.00000
 -0.00000		 -0.00000
 -0.00000		  0.00000
 -0.00000		  0.00000
 -0.00000		  0.00000
 -0.00000		  0.00000
 -0.00000		  0.00000
 -0.00000		  0.00000
  0.00000		  0.00000
  0.00000		  0.00000
  0.00000		  0.00000
  0.00000		  0.00000
  0.00000		  0.00000
  0.00000		  0.00000
  0.00000		  0.00000
  0.00000		 -0.00000
  0.00000		 -0.00000
  0.00000		 -0.00000
  0.00000		 -0.00000
  0.00000		 -0.00000
  0.00000		 -0.00000
  0.00000		 -0.00000
 -0.00000		 -0.00000
 -0.00000		 -0.00000
 -0.00000		 -0.00000
 -0.00000		 -0.00000
 -0.00000		 -0.00000
 -0.00000		 -0.00000
 -0.00000		  0.00000
 -0.00000		  0.00000
 -0.00000		  0.00000
 -0.00000		  0.00000
 -0.00000		  0.00000
 -0.00000		  0.00000
 -0.00000		  0.00000
  0.00000		  0.00000
  0.00000		  0.00000
  0.00000		  0.00000
  0.00000		  0.00000
  0.00000		  0.00000
  0.00000		  0.00000
  0.00000		  0.00000
  0.00000		 -0.00000
  0.00000		 -0.00000
  0.00000		 -0.00000
  0.00000		 -0.00000
  0.00000		 -0.00000
  0.00000		 -0.00000
  0.00000		 -0.00000
 -0.00000		 -0.00000
 -0.00000		 -0.00000
 -0.00000		 -0.00000
 -0.00000		 -0.00000
 -0.00000		 -0.00000
 -0.00000		 -0.00000
 -0.00000		 -0.00000
 -0.00000		  0.00000
 -0.00000		  0.00000
 -0.00000		  0.00000
 -0.00000		  0.00000
 -0.00000		  0.00000
 -0.00000		  0.00000
 -0.00000		  0.00000
  0.00000		  0.00000
  0.00000		  0.00000
  0.00000		  0.00000
  0.00000		  0.00000
  0.00000		  0.00000
  0.00000		  0.00000
  0.00000		 -0.00000
  0.00000		 -0.00000
  0.00000		 -0.00000
  0.00000		 -0.00000
  0.00000		 -0.00000
  0.00000		 -0.00000
  0.00000		 -0.00000
 -0.00000		 -0.00000
 -0.00000		 -0.00000
 -0.00000		 -0.00000
 -0.00000		 -0.00000
 -0.00000		 -0.00000
 -0.00000		 -0.00000
 -0.00000		 -0.00000
 -0.00000		  0.00000
 -0.00000		  0.00000
 -0.00000		  0.00000
 -0.00000		  0.00000
 -0.00000		  0.00000
 -0.00000		  0.00000
  0.00000		  0.00000
  0.00000		  0.00000
  0.00000		  0.00000
  0.00000		  0.00000
  0.00000		  0.00000
  0.00000		  0.00000
  0.00000		  0.00000
  0.00000		 -0.00000
  0.00000		 -0.00000
  0.00000		 -0.00000
  0.00000		 -0.00000
  0.00000		 -0.00000
  0.00000		 -0.00000
 -0.00000		 -0.00000
 -0.00000		 -0.00000
 -0.00000		 -0.00000
 -0.00000		 -0.00000
 -0.00000		 -0.00000
 -0.00000		 -0.00000
 -0.00000		 -0.00000
 -0.00000		  0.00000
 -0.00000		  0.00000
 -0.00000		  0.00000
 -0.00000		  0.00000
 -0.00000		  0.00000
 -0.00000		  0.00000
 -0.00000		  0.00000
  0.00000		  0.00000
  0.00000		  0.00000
  0.00000		  0.00000
  0.00000		  0.00000
  0.00000		  0.00000
  0.00000		  0.00000
  0.00000		 -0.00000
  0.00000		 -0.00000
  0.00000		 -0.00000
  0.00000		 -0.00000
  0.00000		 -0.00000
  0.00000		 -0.00000
  0.00000		 -0.00000
 -0.00000		 -0.00000
 -0.00000		 -0.00000
 -0.00000		 -0.00000
 -0.00000		 -0.00000
 -0.00000		 -0.00000
 -0.00000		 -0.00000
 -0.00000		 -0.00000
 -0.00000		  0.00000
 -0.00000		  0.00000
 -0.00000		  0.00000
 -0.00000		  0.00000
 -0.00000		  0.00000
 -0.00000		  0.00000
 -0.00000		  0.00000
  0.00000		  0.00000
  0.00000		  0.00000
  0.00000		  0.00000
  0.00000		  0.00000
  0.00000		  0.00000
  0.00000		  0.00000
  0.00000		  0.00000
  0.00000		 -0.00000
  0.00000		 -0.00000
  0.00000		 -0.00000
  0.00000		 -0.00000
  0.00000		 -0.00000
  0.00000		 -0.00000
  0.00000		 -0.00000
 -0.00000		 -0.00000
 -0.00000		 -0.00000
 -0.00000		 -0.00000
 -0.00000		 -0.00000
 -0.00000		 -0.00000
 -0.00000		 -0.00000
 -0.00000		  0.00000
 -0.00000		  0.00000
 -0.00000		  0.00000
 -0.00000		  0.00000
 -0.00000		  0.00000
 -0.00000		  0.00000
 -0.00000		  0.00000
  0.00000		  0.00000
  0.00000		  0.00000
  0.00000		  0.00000
  0.00000		  0.00000
  0.00000		  0.00000
  0.00000		  0.00000
  0.00000		  0.00000
  0.00000		 -0.00000
  0.00000		 -0.00000
  0.00000		 -0.00000
  0.00000		 -0.00000
  0.00000		 -0.00000
  0.00000		 -0.00000
 -0.00000		 -0.00000
 -0.00000		 -0.00000
 -0.00000		 -0.00000
 -0.00000		 -0.00000
 -0.00000		 -0.00000
 -0.00000		 -0.00000
 -0.00000		 -0.00000
 -0.00000		  0.00000
 -0.00000		  0.00000
 -0.00000		  0.00000
 -0.00000		  0.00000
 -0.00000		  0.00000
 -0.00000		  0.00000
  0.00000		  0.00000
  0.00000		  0.00000
  0.00000		  0.00000
  0.00000		  0.00000
  0.00000		  0.00000
  0.00000		  0.00000
  0.00000		  0.00000
  0.00000		 -0.00000
  0.00000		 -0.00000
  0.00000		 -0.00000
  0.00000		 -0.00000
  0.00000		 -0.00000
  0.00000		 -0.00000
  0.00000		 -0.00000
 -0.00000		 -0.00000
 -0.00000		 -0.00000
 -0.00000		 -0.00000
 -0.00000		 -0.00000
 -0.00000		 -0.00000
 -0.00000		 -0.00000
 -0.00000		 -0.00000
 -0.00000		  0.00000
 -0.00000		  0.00000
 -0.00000		  0.00000
 -0.00000		  0.00000
 -0.00000		  0.00000
 -0.00000		  0.00000
  0.00000		  0.00000
  0.00000		  0.00000
  0.00000		  0.00000
  0.00000		  0.00000
  0.00000		  0.00000
  0.00000		  0.00000
  0.00000		  0.00000
  0.00000		 -0.00000
  0.00000		 -0.00000
  0.00000		 -0.00000
  0.00000		 -0.00000
  0.00000		 -0.00000
  0.00000		 -0.00000
  0.00000		 -0.00000
 -0.00000		 -0.00000
 -0.00000		 -0.00000
 -0.00000		 -0.00000
 -0.00000		 -0.00000
 -0.00000		 -0.00000
 -0.00000		 -0.00000
 -0.00000		 -0.00000
 -0.00000		  0.00000
 -0.00000		  0.00000
 -0.00000		  0.00000
 -0.00000		  0.00000
 -0.00000		  0.00000
 -0.00000		  0.00000
 -0.00000		  0.00000
  0.00000		  0.00000
  0.00000		  0.00000
  0.00000		  0.00000
  0.00000		  0.00000
  0.00000		  0.00000
  0.00000		  0.00000
  0.00000		  0.00000
  0.00000		 -0.00000
  0.00000		 -0.00000
  0.00000		 -0.00000
  0.00000		 -0.00000
  0.00000		 -0.00000
  0.00000		 -0.00000
 -0.00000		 -0.00000
 -0.00000		 -0.00000
 -0.00000		 -0.00000
 -0.00000		 -0.00000
 -0.00000		 -0.00000
 -0.00000		 -0.00000
 -0.00000		 -0.00000
 -0.00000		  0.00000
 -0.00000		  0.00000
 -0.00000		  0.00000
 -0.00000		  0.00000
 -0.00000		  0.00000
 -0.00000		  0.00000
  0.00000		  0.00000
  0.00000		  0.00000
  0.00000		  0.00000
  0.00000		  0.00000
  0.00000		  0.00000
  0.00000		  0.00000
  0.00000		  0.00000
  0.00000		 -0.00000
  0.00000		 -0.00000
