  0.29059		  0.03821
  0.58102		 -0.04402
  0.55358		 -0.16052
  0.50079		 -0.26661
  0.42612		 -0.35658
  0.33433		 -0.42574
  0.23120		 -0.47083
  0.12307		 -0.49015
  0.01646		 -0.48369
 -0.08236		 -0.45307
 -0.16786		 -0.40141
 -0.23549		 -0.33313
 -0.28207		 -0.25359
 -0.30593		 -0.16872
 -0.30698		 -0.08463
 -0.28673		 -0.00715
 -0.24813		  0.05857
 -0.19533		  0.10835
 -0.13342		  0.13933
 -0.06796		  0.15008
 -0.00468		  0.14076
  0.05100		  0.11299
  0.09433		  0.06982
  0.12156		  0.01541
  0.13024		 -0.04524
  0.11934		 -0.10664
  0.08931		 -0.16326
  0.04214		 -0.20988
 -0.01889		 -0.24199
 -0.08940		 -0.25613
 -0.16421		 -0.25010
 -0.23775		 -0.22316
 -0.30438		 -0.17610
 -0.35884		 -0.11112
 -0.39664		 -0.03176
 -0.41432		  0.05735
 -0.40975		  0.15078
 -0.38221		  0.24278
 -0.33256		  0.32753
 -0.26308		  0.39962
 -0.17741		  0.45436
 -0.08022		  0.48814
  0.02299		  0.49868
  0.12635		  0.48511
  0.22396		  0.44811
  0.31026		  0.38985
  0.38048		  0.31374
  0.43082		  0.22436
  0.45883		  0.12702
  0.46343		  0.02746
  0.44508		 -0.06851
  0.40564		 -0.15547
  0.34828		 -0.22864
  0.27725		 -0.28430
  0.19756		 -0.31991
  0.11463		 -0.33436
  0.03393		 -0.32793
 -0.03936		 -0.30235
 -0.10078		 -0.26052
 -0.14681		 -0.20644
 -0.17511		 -0.14478
 -0.18470		 -0.08065
 -0.17595		 -0.01915
 -0.15058		  0.03493
 -0.11148		  0.07744
 -0.06253		  0.10527
 -0.00829		  0.11635
  0.04637		  0.11002
  0.09655		  0.08690
  0.13775		  0.04890
  0.16611		 -0.00091
  0.17876		 -0.05858
  0.17401		 -0.11949
  0.15141		 -0.17873
  0.11188		 -0.23146
  0.05759		 -0.27321
 -0.00821		 -0.30026
 -0.08131		 -0.30983
 -0.15698		 -0.30032
 -0.23014		 -0.27145
 -0.29584		 -0.22427
 -0.34951		 -0.16107
 -0.38733		 -0.08525
 -0.40645		 -0.00112
 -0.40523		  0.08646
 -0.38331		  0.17231
 -0.34168		  0.25132
 -0.28256		  0.31885
 -0.20931		  0.37092
 -0.12615		  0.40455
 -0.03795		  0.41794
  0.05019		  0.41056
  0.13320		  0.38322
  0.20641		  0.33794
  0.26582		  0.27787
  0.30841		  0.20701
  0.33228		  0.13000
  0.33680		  0.05172
  0.32258		 -0.02294
  0.29146		 -0.08949
  0.24635		 -0.14412
  0.19100		 -0.18390
  0.12978		 -0.20702
  0.06725		 -0.21287
  0.00801		 -0.20205
 -0.04376		 -0.17633
 -0.08451		 -0.13852
 -0.11158		 -0.09220
 -0.12339		 -0.04152
 -0.11953		  0.00916
 -0.10073		  0.05552
 -0.06888		  0.09363
 -0.02681		  0.12025
  0.02186		  0.13298
  0.07303		  0.13050
  0.12241		  0.11264
  0.16579		  0.08038
  0.19938		  0.03577
  0.22007		 -0.01816
  0.22566		 -0.07769
  0.21498		 -0.13863
  0.18803		 -0.19660
  0.14596		 -0.24735
  0.09097		 -0.28707
  0.02621		 -0.31267
 -0.04444		 -0.32190
 -0.11670		 -0.31366
 -0.18605		 -0.28793
 -0.24820		 -0.24588
 -0.29921		 -0.18974
 -0.33588		 -0.12266
 -0.35590		 -0.04852
 -0.35805		  0.02836
 -0.34219		  0.10348
 -0.30937		  0.17247
 -0.26171		  0.23139
 -0.20223		  0.27696
 -0.13464		  0.30681
 -0.06317		  0.31958
  0.00784		  0.31505
  0.07411		  0.29409
  0.13181		  0.25862
  0.17772		  0.21149
  0.20951		  0.15620
  0.22582		  0.09672
  0.22639		  0.03719
  0.21202		 -0.01837
  0.18452		 -0.06631
  0.14657		 -0.10364
  0.10151		 -0.12818
  0.05310		 -0.13871
  0.00523		 -0.13506
 -0.03830		 -0.11811
 -0.07411		 -0.08969
 -0.09943		 -0.05243
 -0.11232		 -0.00961
 -0.11177		  0.03510
 -0.09781		  0.07793
 -0.07145		  0.11526
 -0.03465		  0.14385
  0.00984		  0.16113
  0.05872		  0.16532
  0.10827		  0.15564
  0.15475		  0.13223
  0.19453		  0.09630
  0.22444		  0.04992
  0.24196		 -0.00405
  0.24538		 -0.06216
  0.23396		 -0.12066
  0.20794		 -0.17571
  0.16857		 -0.22363
  0.11799		 -0.26121
  0.05911		 -0.28588
 -0.00460		 -0.29589
 -0.06933		 -0.29043
 -0.13118		 -0.26972
 -0.18647		 -0.23494
 -0.23190		 -0.18816
 -0.26485		 -0.13224
 -0.28352		 -0.07057
 -0.28699		 -0.00691
 -0.27538		  0.05494
 -0.24973		  0.11130
 -0.21200		  0.15894
 -0.16487		  0.19524
 -0.11160		  0.21837
 -0.05576		  0.22740
 -0.00100		  0.22237
  0.04916		  0.20423
  0.09163		  0.17480
  0.12391		  0.13662
  0.14427		  0.09277
  0.15183		  0.04661
  0.14667		  0.00164
  0.12972		 -0.03887
  0.10279		 -0.07201
  0.06833		 -0.09548
  0.02930		 -0.10769
 -0.01103		 -0.10795
 -0.04938		 -0.09643
 -0.08258		 -0.07418
 -0.10793		 -0.04304
 -0.12329		 -0.00548
 -0.12726		  0.03552
 -0.11930		  0.07675
 -0.09971		  0.11495
 -0.06968		  0.14706
 -0.03113		  0.17045
  0.01335		  0.18307
  0.06076		  0.18363
  0.10783		  0.17168
  0.15128		  0.14760
  0.18804		  0.11267
  0.21549		  0.06888
  0.23156		  0.01886
  0.23498		 -0.03431
  0.22529		 -0.08734
  0.20289		 -0.13691
  0.16902		 -0.17993
  0.12567		 -0.21371
  0.07545		 -0.23618
  0.02141		 -0.24599
 -0.03318		 -0.24264
 -0.08502		 -0.22644
 -0.13103		 -0.19857
 -0.16852		 -0.16092
 -0.19543		 -0.11599
 -0.21036		 -0.06672
 -0.21277		 -0.01629
 -0.20289		  0.03211
 -0.18180		  0.07551
 -0.15129		  0.11130
 -0.11372		  0.13746
 -0.07190		  0.15265
 -0.02882		  0.15633
  0.01246		  0.14874
  0.04912		  0.13091
  0.07872		  0.10454
  0.09936		  0.07191
  0.10982		  0.03570
  0.10963		 -0.00119
  0.09911		 -0.03592
  0.07931		 -0.06579
  0.05195		 -0.08850
  0.01929		 -0.10233
 -0.01605		 -0.10618
 -0.05125		 -0.09971
 -0.08354		 -0.08335
 -0.11031		 -0.05822
 -0.12940		 -0.02611
 -0.13917		  0.01069
 -0.13864		  0.04954
 -0.12756		  0.08763
 -0.10644		  0.12219
 -0.07650		  0.15067
 -0.03956		  0.17090
  0.00202		  0.18130
  0.04558		  0.18094
  0.08828		  0.16959
  0.12733		  0.14779
  0.16017		  0.11677
  0.18464		  0.07838
  0.19913		  0.03495
  0.20268		 -0.01083
  0.19504		 -0.05614
  0.17673		 -0.09819
  0.14891		 -0.13443
  0.11339		 -0.16269
  0.07244		 -0.18134
  0.02868		 -0.18939
 -0.01513		 -0.18657
 -0.05628		 -0.17329
 -0.09225		 -0.15069
 -0.12091		 -0.12045
 -0.14069		 -0.08476
 -0.15058		 -0.04612
 -0.15032		 -0.00717
 -0.14027		  0.02948
 -0.12151		  0.06143
 -0.09566		  0.08666
 -0.06480		  0.10365
 -0.03132		  0.11149
  0.00226		  0.10994
  0.03345		  0.09940
  0.06000		  0.08094
  0.07999		  0.05613
  0.09204		  0.02703
  0.09533		 -0.00406
  0.08970		 -0.03470
  0.07563		 -0.06251
  0.05420		 -0.08533
  0.02704		 -0.10135
 -0.00382		 -0.10929
 -0.03607		 -0.10843
 -0.06733		 -0.09869
 -0.09525		 -0.08061
 -0.11772		 -0.05536
 -0.13300		 -0.02459
 -0.13987		  0.00966
 -0.13765		  0.04506
 -0.12631		  0.07921
 -0.10644		  0.10978
 -0.07922		  0.13468
 -0.04632		  0.15219
 -0.00981		  0.16106
  0.02800		  0.16065
  0.06471		  0.15092
  0.09799		  0.13246
  0.12575		  0.10641
  0.14627		  0.07443
  0.15831		  0.03854
  0.16120		  0.00104
  0.15486		 -0.03574
  0.13985		 -0.06949
  0.11725		 -0.09815
  0.08867		 -0.12004
  0.05605		 -0.13391
  0.02160		 -0.13909
 -0.01241		 -0.13549
 -0.04377		 -0.12361
 -0.07049		 -0.10451
 -0.09093		 -0.07970
 -0.10391		 -0.05104
 -0.10879		 -0.02066
 -0.10550		  0.00929
 -0.09452		  0.03669
 -0.07689		  0.05964
 -0.05406		  0.07660
 -0.02787		  0.08649
 -0.00032		  0.08871
  0.02648		  0.08325
  0.05053		  0.07063
  0.07002		  0.05189
  0.08351		  0.02848
  0.08998		  0.00221
  0.08893		 -0.02496
  0.08040		 -0.05097
  0.06497		 -0.07388
  0.04369		 -0.09195
  0.01806		 -0.10379
 -0.01014		 -0.10845
 -0.03893		 -0.10549
 -0.06628		 -0.09499
 -0.09028		 -0.07757
 -0.10922		 -0.05431
 -0.12174		 -0.02671
 -0.12691		  0.00344
 -0.12432		  0.03415
 -0.11406		  0.06343
 -0.09675		  0.08935
 -0.07347		  0.11023
 -0.04571		  0.12471
 -0.01524		  0.13188
  0.01599		  0.13131
  0.04600		  0.12307
  0.07288		  0.10777
  0.09498		  0.08646
  0.11096		  0.06057
  0.11990		  0.03183
  0.12138		  0.00214
  0.11545		 -0.02657
  0.10266		 -0.05248
  0.08404		 -0.07394
  0.06096		 -0.08968
  0.03508		 -0.09880
  0.00823		 -0.10088
 -0.01776		 -0.09598
 -0.04110		 -0.08465
 -0.06026		 -0.06785
 -0.07400		 -0.04692
 -0.08149		 -0.02346
 -0.08235		  0.00078
 -0.07666		  0.02403
 -0.06497		  0.04459
 -0.04825		  0.06101
 -0.02780		  0.07213
 -0.00519		  0.07717
  0.01788		  0.07581
  0.03970		  0.06817
  0.05864		  0.05483
  0.07330		  0.03677
  0.08258		  0.01530
  0.08576		 -0.00804
  0.08258		 -0.03157
  0.07319		 -0.05361
  0.05820		 -0.07257
  0.03860		 -0.08709
  0.01570		 -0.09610
 -0.00895		 -0.09893
 -0.03370		 -0.09533
 -0.05687		 -0.08547
 -0.07689		 -0.06998
 -0.09244		 -0.04985
 -0.10246		 -0.02637
 -0.10628		 -0.00109
 -0.10366		  0.02436
 -0.09479		  0.04832
 -0.08026		  0.06926
 -0.06104		  0.08586
 -0.03842		  0.09708
 -0.01388		  0.10225
  0.01096		  0.10114
  0.03450		  0.09391
  0.05524		  0.08114
  0.07188		  0.06376
  0.08341		  0.04300
  0.08920		  0.02032
  0.08899		 -0.00274
  0.08295		 -0.02463
  0.07163		 -0.04390
  0.05593		 -0.05930
  0.03705		 -0.06988
  0.01638		 -0.07503
 -0.00461		 -0.07451
 -0.02441		 -0.06850
 -0.04164		 -0.05754
 -0.05512		 -0.04252
 -0.06395		 -0.02460
 -0.06755		 -0.00513
 -0.06574		  0.01446
 -0.05871		  0.03272
 -0.04702		  0.04834
 -0.03155		  0.06019
 -0.01344		  0.06741
  0.00597		  0.06948
  0.02529		  0.06624
  0.04312		  0.05793
  0.05817		  0.04511
  0.06936		  0.02867
  0.07588		  0.00975
  0.07723		 -0.01033
  0.07328		 -0.03020
  0.06429		 -0.04848
  0.05082		 -0.06390
  0.03378		 -0.07542
  0.01428		 -0.08224
 -0.00636		 -0.08389
 -0.02679		 -0.08026
 -0.04566		 -0.07158
 -0.06171		 -0.05842
 -0.07393		 -0.04169
 -0.08152		 -0.02247
 -0.08404		 -0.00204
 -0.08135		  0.01825
 -0.07369		  0.03709
 -0.06163		  0.05327
 -0.04601		  0.06576
 -0.02793		  0.07383
 -0.00860		  0.07700
  0.01068		  0.07516
  0.02861		  0.06854
  0.04405		  0.05768
  0.05599		  0.04340
  0.06372		  0.02674
  0.06680		  0.00890
  0.06513		 -0.00888
  0.05893		 -0.02536
  0.04872		 -0.03944
  0.03531		 -0.05016
  0.01971		 -0.05685
  0.00306		 -0.05909
 -0.01342		 -0.05682
 -0.02856		 -0.05024
 -0.04129		 -0.03990
 -0.05071		 -0.02659
 -0.05618		 -0.01128
 -0.05732		  0.00489
 -0.05409		  0.02075
 -0.04672		  0.03517
 -0.03575		  0.04712
 -0.02198		  0.05573
 -0.00637		  0.06040
  0.00997		  0.06078
  0.02590		  0.05685
  0.04030		  0.04886
  0.05217		  0.03735
  0.06068		  0.02311
  0.06524		  0.00710
  0.06553		 -0.00959
  0.06154		 -0.02582
  0.05352		 -0.04053
  0.04201		 -0.05271
  0.02778		 -0.06157
  0.01180		 -0.06652
 -0.00488		 -0.06726
 -0.02115		 -0.06377
 -0.03595		 -0.05631
 -0.04830		 -0.04541
 -0.05745		 -0.03181
 -0.06280		 -0.01646
 -0.06408		 -0.00038
 -0.06125		  0.01535
 -0.05456		  0.02970
 -0.04454		  0.04173
 -0.03191		  0.05069
 -0.01756		  0.05603
 -0.00250		  0.05747
  0.01223		  0.05498
  0.02564		  0.04882
  0.03684		  0.03948
  0.04510		  0.02768
  0.04989		  0.01427
  0.05096		  0.00023
  0.04830		 -0.01345
  0.04215		 -0.02581
  0.03301		 -0.03600
  0.02157		 -0.04332
  0.00867		 -0.04729
 -0.00474		 -0.04766
 -0.01771		 -0.04444
 -0.02931		 -0.03790
 -0.03872		 -0.02851
 -0.04529		 -0.01698
 -0.04855		 -0.00412
 -0.04829		  0.00915
 -0.04452		  0.02189
 -0.03753		  0.03321
 -0.02779		  0.04231
 -0.01599		  0.04857
 -0.00294		  0.05153
  0.01045		  0.05101
  0.02328		  0.04704
  0.03465		  0.03989
  0.04382		  0.03004
  0.05015		  0.01817
  0.05324		  0.00509
  0.05288		 -0.00834
  0.04913		 -0.02120
  0.04223		 -0.03266
  0.03269		 -0.04195
  0.02115		 -0.04848
  0.00839		 -0.05184
 -0.00471		 -0.05184
 -0.01730		 -0.04853
 -0.02855		 -0.04216
 -0.03771		 -0.03321
 -0.04423		 -0.02231
 -0.04769		 -0.01023
 -0.04793		  0.00222
 -0.04498		  0.01418
 -0.03910		  0.02485
 -0.03075		  0.03354
 -0.02053		  0.03968
 -0.00919		  0.04291
  0.00247		  0.04305
  0.01364		  0.04016
  0.02355		  0.03448
  0.03153		  0.02646
  0.03706		  0.01670
  0.03978		  0.00591
  0.03953		 -0.00513
  0.03638		 -0.01564
  0.03058		 -0.02488
  0.02256		 -0.03221
  0.01293		 -0.03713
  0.00236		 -0.03930
 -0.00837		 -0.03859
 -0.01853		 -0.03508
 -0.02738		 -0.02901
 -0.03432		 -0.02082
 -0.03886		 -0.01110
 -0.04070		 -0.00053
 -0.03971		  0.01017
 -0.03596		  0.02023
 -0.02973		  0.02899
 -0.02144		  0.03583
 -0.01166		  0.04030
 -0.00107		  0.04209
  0.00962		  0.04110
  0.01968		  0.03741
  0.02845		  0.03127
  0.03533		  0.02312
  0.03988		  0.01351
  0.04183		  0.00309
  0.04105		 -0.00743
  0.03762		 -0.01734
  0.03182		 -0.02601
  0.02404		 -0.03285
  0.01485		 -0.03744
  0.00485		 -0.03951
 -0.00525		 -0.03894
 -0.01477		 -0.03583
 -0.02310		 -0.03041
 -0.02969		 -0.02311
 -0.03411		 -0.01443
 -0.03610		 -0.00499
 -0.03558		  0.00454
 -0.03262		  0.01351
 -0.02747		  0.02132
 -0.02052		  0.02744
 -0.01228		  0.03149
 -0.00334		  0.03320
  0.00565		  0.03250
  0.01408		  0.02947
  0.02135		  0.02436
  0.02697		  0.01755
  0.03056		  0.00954
  0.03190		  0.00091
  0.03090		 -0.00774
  0.02767		 -0.01578
  0.02244		 -0.02265
  0.01559		 -0.02790
  0.00763		 -0.03114
 -0.00090		 -0.03218
 -0.00939		 -0.03094
 -0.01725		 -0.02752
 -0.02395		 -0.02217
 -0.02901		 -0.01527
 -0.03211		 -0.00730
 -0.03303		  0.00120
 -0.03171		  0.00964
 -0.02827		  0.01744
 -0.02295		  0.02409
 -0.01610		  0.02912
 -0.00822		  0.03222
  0.00017		  0.03319
  0.00850		  0.03198
  0.01621		  0.02869
  0.02279		  0.02356
  0.02780		  0.01695
  0.03094		  0.00932
  0.03201		  0.00120
  0.03097		 -0.00687
  0.02791		 -0.01434
  0.02307		 -0.02073
  0.01680		 -0.02561
  0.00955		 -0.02868
  0.00182		 -0.02976
 -0.00585		 -0.02881
 -0.01295		 -0.02593
 -0.01899		 -0.02135
 -0.02359		 -0.01540
 -0.02645		 -0.00852
 -0.02739		 -0.00120
 -0.02639		  0.00604
 -0.02355		  0.01271
 -0.01909		  0.01836
 -0.01334		  0.02259
 -0.00672		  0.02514
  0.00028		  0.02585
  0.00719		  0.02469
  0.01351		  0.02176
  0.01881		  0.01728
  0.02272		  0.01159
  0.02499		  0.00509
  0.02546		 -0.00175
  0.02412		 -0.00846
  0.02107		 -0.01457
  0.01653		 -0.01965
  0.01083		 -0.02336
  0.00438		 -0.02546
 -0.00239		 -0.02579
 -0.00901		 -0.02436
 -0.01502		 -0.02127
 -0.02001		 -0.01673
 -0.02365		 -0.01106
 -0.02569		 -0.00467
 -0.02602		  0.00202
 -0.02462		  0.00855
 -0.02160		  0.01448
 -0.01718		  0.01941
 -0.01165		  0.02303
 -0.00542		  0.02509
  0.00110		  0.02548
  0.00746		  0.02420
  0.01324		  0.02134
  0.01806		  0.01711
  0.02160		  0.01183
  0.02365		  0.00586
  0.02409		 -0.00038
  0.02290		 -0.00648
  0.02021		 -0.01201
  0.01620		 -0.01661
  0.01118		 -0.01999
  0.00551		 -0.02193
 -0.00042		 -0.02232
 -0.00619		 -0.02115
 -0.01141		 -0.01854
 -0.01573		 -0.01469
 -0.01886		 -0.00988
 -0.02061		 -0.00445
 -0.02086		  0.00120
 -0.01962		  0.00668
 -0.01701		  0.01161
 -0.01320		  0.01565
 -0.00850		  0.01853
 -0.00322		  0.02006
  0.00224		  0.02014
  0.00752		  0.01880
  0.01223		  0.01612
  0.01607		  0.01230
  0.01876		  0.00763
  0.02013		  0.00243
  0.02010		 -0.00293
  0.01867		 -0.00809
  0.01594		 -0.01268
  0.01213		 -0.01641
  0.00749		 -0.01900
  0.00235		 -0.02030
 -0.00294		 -0.02023
 -0.00801		 -0.01880
 -0.01253		 -0.01611
 -0.01619		 -0.01236
 -0.01875		 -0.00781
 -0.02005		 -0.00278
 -0.02001		  0.00240
 -0.01864		  0.00736
 -0.01606		  0.01178
 -0.01245		  0.01537
 -0.00807		  0.01789
 -0.00321		  0.01919
  0.00178		  0.01919
  0.00656		  0.01792
  0.01082		  0.01547
  0.01428		  0.01203
  0.01670		  0.00785
  0.01795		  0.00322
  0.01795		 -0.00154
  0.01673		 -0.00609
  0.01438		 -0.01013
  0.01109		 -0.01339
  0.00709		 -0.01566
  0.00267		 -0.01680
 -0.00185		 -0.01674
 -0.00617		 -0.01550
 -0.00998		 -0.01319
 -0.01303		 -0.00998
 -0.01511		 -0.00610
 -0.01610		 -0.00184
 -0.01593		  0.00250
 -0.01463		  0.00663
 -0.01231		  0.01025
 -0.00912		  0.01312
 -0.00531		  0.01505
 -0.00115		  0.01591
  0.00309		  0.01564
  0.00709		  0.01429
  0.01059		  0.01194
  0.01334		  0.00876
  0.01517		  0.00499
  0.01595		  0.00088
  0.01564		 -0.00327
  0.01427		 -0.00719
  0.01193		 -0.01062
  0.00880		 -0.01331
  0.00509		 -0.01509
  0.00106		 -0.01585
 -0.00301		 -0.01555
 -0.00685		 -0.01421
 -0.01020		 -0.01194
 -0.01284		 -0.00890
 -0.01460		 -0.00530
 -0.01536		 -0.00140
 -0.01509		  0.00255
 -0.01383		  0.00627
 -0.01166		  0.00952
 -0.00874		  0.01207
 -0.00529		  0.01377
 -0.00155		  0.01452
  0.00223		  0.01427
  0.00579		  0.01307
  0.00888		  0.01099
  0.01131		  0.00821
  0.01292		  0.00491
  0.01361		  0.00134
  0.01334		 -0.00226
  0.01215		 -0.00564
  0.01013		 -0.00856
  0.00744		 -0.01084
  0.00426		 -0.01232
  0.00083		 -0.01291
 -0.00261		 -0.01259
 -0.00582		 -0.01137
 -0.00859		 -0.00937
 -0.01073		 -0.00673
 -0.01208		 -0.00363
 -0.01258		 -0.00030
 -0.01218		  0.00303
 -0.01094		  0.00613
 -0.00893		  0.00878
 -0.00630		  0.01081
 -0.00325		  0.01208
  0.00001		  0.01250
  0.00327		  0.01206
  0.00628		  0.01080
  0.00886		  0.00880
  0.01082		  0.00621
  0.01204		  0.00320
  0.01244		 -0.00000
  0.01200		 -0.00319
  0.01075		 -0.00614
  0.00879		 -0.00866
  0.00626		 -0.01058
  0.00333		 -0.01177
  0.00021		 -0.01217
 -0.00288		 -0.01175
 -0.00575		 -0.01055
 -0.00820		 -0.00866
 -0.01007		 -0.00622
 -0.01123		 -0.00341
 -0.01163		 -0.00040
 -0.01123		  0.00258
 -0.01009		  0.00534
 -0.00828		  0.00769
 -0.00595		  0.00947
 -0.00325		  0.01058
 -0.00038		  0.01095
  0.00247		  0.01056
  0.00509		  0.00945
  0.00732		  0.00770
  0.00900		  0.00545
  0.01003		  0.00286
  0.01034		  0.00011
  0.00992		 -0.00260
  0.00882		 -0.00510
  0.00710		 -0.00721
  0.00491		 -0.00878
  0.00240		 -0.00971
 -0.00026		 -0.00996
 -0.00287		 -0.00950
 -0.00526		 -0.00838
 -0.00727		 -0.00667
 -0.00875		 -0.00452
 -0.00961		 -0.00205
 -0.00980		  0.00054
 -0.00930		  0.00308
 -0.00817		  0.00540
 -0.00648		  0.00733
 -0.00435		  0.00875
 -0.00193		  0.00957
  0.00061		  0.00972
  0.00310		  0.00922
  0.00536		  0.00809
  0.00724		  0.00643
  0.00862		  0.00434
  0.00941		  0.00198
  0.00956		 -0.00050
  0.00907		 -0.00292
  0.00798		 -0.00512
  0.00636		 -0.00696
  0.00434		 -0.00830
  0.00205		 -0.00907
 -0.00034		 -0.00923
 -0.00268		 -0.00876
 -0.00480		 -0.00771
 -0.00657		 -0.00616
 -0.00787		 -0.00421
 -0.00861		 -0.00202
 -0.00875		  0.00028
 -0.00830		  0.00252
 -0.00728		  0.00455
 -0.00579		  0.00623
 -0.00392		  0.00746
 -0.00181		  0.00815
  0.00039		  0.00827
  0.00253		  0.00781
  0.00446		  0.00681
  0.00605		  0.00535
  0.00720		  0.00354
  0.00782		  0.00151
  0.00790		 -0.00061
  0.00742		 -0.00266
  0.00642		 -0.00450
  0.00498		 -0.00601
  0.00321		 -0.00709
  0.00123		 -0.00766
 -0.00083		 -0.00769
 -0.00281		 -0.00719
 -0.00459		 -0.00619
 -0.00604		 -0.00476
 -0.00706		 -0.00302
 -0.00759		 -0.00107
 -0.00759		  0.00093
 -0.00708		  0.00287
 -0.00608		  0.00459
 -0.00468		  0.00600
 -0.00297		  0.00698
 -0.00106		  0.00749
  0.00090		  0.00749
  0.00278		  0.00698
  0.00446		  0.00600
  0.00583		  0.00463
  0.00679		  0.00297
  0.00728		  0.00112
  0.00728		 -0.00079
  0.00679		 -0.00261
  0.00584		 -0.00424
  0.00452		 -0.00556
  0.00291		 -0.00649
  0.00113		 -0.00696
 -0.00070		 -0.00696
 -0.00246		 -0.00648
 -0.00402		 -0.00557
 -0.00528		 -0.00430
 -0.00616		 -0.00275
 -0.00661		 -0.00104
 -0.00659		  0.00071
 -0.00612		  0.00239
 -0.00524		  0.00388
 -0.00400		  0.00508
 -0.00251		  0.00591
 -0.00086		  0.00631
  0.00083		  0.00627
  0.00244		  0.00580
  0.00386		  0.00492
  0.00499		  0.00371
  0.00576		  0.00225
  0.00613		  0.00065
  0.00606		 -0.00098
  0.00557		 -0.00253
  0.00470		 -0.00389
  0.00350		 -0.00497
  0.00207		 -0.00570
  0.00051		 -0.00603
 -0.00108		 -0.00594
 -0.00258		 -0.00544
 -0.00390		 -0.00457
 -0.00494		 -0.00340
 -0.00564		 -0.00200
 -0.00595		 -0.00047
 -0.00585		  0.00108
 -0.00535		  0.00255
 -0.00450		  0.00383
 -0.00335		  0.00484
 -0.00198		  0.00552
 -0.00049		  0.00581
  0.00102		  0.00571
  0.00244		  0.00523
  0.00368		  0.00440
  0.00466		  0.00328
  0.00531		  0.00196
  0.00560		  0.00052
  0.00550		 -0.00094
  0.00504		 -0.00231
  0.00423		 -0.00351
  0.00315		 -0.00445
  0.00188		 -0.00507
  0.00049		 -0.00534
 -0.00091		 -0.00524
 -0.00223		 -0.00478
 -0.00337		 -0.00400
 -0.00427		 -0.00296
 -0.00485		 -0.00173
 -0.00510		 -0.00039
 -0.00499		  0.00095
 -0.00453		  0.00221
 -0.00376		  0.00331
 -0.00275		  0.00415
 -0.00155		  0.00470
 -0.00026		  0.00492
  0.00104		  0.00479
  0.00225		  0.00433
  0.00330		  0.00357
  0.00410		  0.00257
  0.00462		  0.00140
  0.00481		  0.00014
  0.00466		 -0.00112
  0.00420		 -0.00229
  0.00345		 -0.00330
  0.00246		 -0.00407
  0.00132		 -0.00456
  0.00009		 -0.00473
 -0.00114		 -0.00458
 -0.00228		 -0.00411
 -0.00326		 -0.00337
 -0.00400		 -0.00241
 -0.00447		 -0.00129
 -0.00463		 -0.00009
 -0.00448		  0.00111
 -0.00402		  0.00221
 -0.00330		  0.00316
 -0.00236		  0.00389
 -0.00127		  0.00434
 -0.00011		  0.00449
  0.00105		  0.00434
  0.00212		  0.00390
  0.00303		  0.00319
  0.00373		  0.00228
  0.00416		  0.00123
  0.00431		  0.00011
  0.00416		 -0.00101
  0.00373		 -0.00204
  0.00304		 -0.00291
  0.00216		 -0.00358
  0.00115		 -0.00399
  0.00006		 -0.00412
 -0.00101		 -0.00396
 -0.00200		 -0.00354
 -0.00284		 -0.00287
 -0.00347		 -0.00201
 -0.00385		 -0.00103
 -0.00396		  0.00002
 -0.00380		  0.00105
 -0.00337		  0.00200
 -0.00272		  0.00280
 -0.00188		  0.00340
 -0.00092		  0.00376
  0.00010		  0.00385
  0.00110		  0.00368
  0.00202		  0.00325
  0.00278		  0.00260
  0.00336		  0.00178
  0.00369		  0.00084
  0.00377		 -0.00015
  0.00359		 -0.00112
  0.00317		 -0.00201
  0.00253		 -0.00276
  0.00172		 -0.00331
  0.00080		 -0.00363
 -0.00016		 -0.00370
 -0.00111		 -0.00351
 -0.00197		 -0.00309
 -0.00269		 -0.00247
 -0.00323		 -0.00168
 -0.00353		 -0.00079
 -0.00360		  0.00015
 -0.00342		  0.00107
 -0.00301		  0.00191
 -0.00240		  0.00260
 -0.00163		  0.00312
 -0.00076		  0.00341
  0.00014		  0.00347
  0.00103		  0.00329
  0.00184		  0.00289
  0.00251		  0.00230
  0.00300		  0.00156
  0.00328		  0.00072
  0.00333		 -0.00016
  0.00315		 -0.00102
  0.00276		 -0.00179
  0.00218		 -0.00243
  0.00146		 -0.00290
  0.00065		 -0.00316
 -0.00020		 -0.00320
 -0.00103		 -0.00302
 -0.00177		 -0.00263
 -0.00238		 -0.00206
 -0.00283		 -0.00136
 -0.00307		 -0.00057
 -0.00310		  0.00025
 -0.00291		  0.00105
 -0.00252		  0.00177
 -0.00197		  0.00236
 -0.00128		  0.00278
 -0.00051		  0.00300
  0.00029		  0.00302
  0.00107		  0.00283
  0.00176		  0.00244
  0.00233		  0.00190
  0.00273		  0.00122
  0.00294		  0.00047
  0.00295		 -0.00031
  0.00276		 -0.00106
  0.00238		 -0.00174
  0.00184		 -0.00228
  0.00118		 -0.00267
  0.00045		 -0.00288
 -0.00031		 -0.00288
 -0.00104		 -0.00269
 -0.00169		 -0.00232
 -0.00222		 -0.00179
 -0.00260		 -0.00115
 -0.00279		 -0.00043
 -0.00279		  0.00030
 -0.00260		  0.00101
 -0.00224		  0.00164
 -0.00172		  0.00215
 -0.00110		  0.00251
 -0.00041		  0.00269
  0.00030		  0.00269
  0.00099		  0.00250
  0.00159		  0.00214
  0.00208		  0.00164
  0.00242		  0.00104
  0.00260		  0.00037
  0.00259		 -0.00032
  0.00240		 -0.00098
  0.00205		 -0.00156
  0.00156		 -0.00203
  0.00097		 -0.00236
  0.00032		 -0.00252
 -0.00035		 -0.00250
 -0.00099		 -0.00231
 -0.00155		 -0.00196
 -0.00200		 -0.00148
 -0.00231		 -0.00090
 -0.00245		 -0.00027
 -0.00243		  0.00038
 -0.00224		  0.00099
 -0.00189		  0.00154
 -0.00142		  0.00197
 -0.00086		  0.00226
 -0.00024		  0.00240
  0.00039		  0.00237
  0.00099		  0.00218
  0.00152		  0.00184
  0.00193		  0.00137
  0.00222		  0.00082
  0.00234		  0.00022
  0.00231		 -0.00040
  0.00212		 -0.00098
  0.00178		 -0.00149
  0.00133		 -0.00189
  0.00079		 -0.00216
  0.00021		 -0.00228
 -0.00039		 -0.00224
 -0.00095		 -0.00205
 -0.00145		 -0.00173
 -0.00183		 -0.00128
 -0.00209		 -0.00076
 -0.00221		 -0.00019
 -0.00217		  0.00039
 -0.00198		  0.00093
 -0.00166		  0.00141
 -0.00123		  0.00178
 -0.00072		  0.00203
 -0.00017		  0.00213
  0.00039		  0.00209
  0.00092		  0.00190
  0.00138		  0.00159
  0.00174		  0.00117
  0.00197		  0.00067
  0.00207		  0.00013
  0.00202		 -0.00041
  0.00183		 -0.00092
  0.00152		 -0.00136
  0.00111		 -0.00170
  0.00063		 -0.00192
  0.00010		 -0.00201
 -0.00042		 -0.00196
 -0.00091		 -0.00177
 -0.00134		 -0.00147
 -0.00167		 -0.00106
 -0.00188		 -0.00059
 -0.00196		 -0.00008
 -0.00191		  0.00043
 -0.00172		  0.00091
 -0.00142		  0.00132
 -0.00102		  0.00164
 -0.00056		  0.00184
 -0.00006		  0.00191
  0.00044		  0.00186
  0.00090		  0.00167
  0.00130		  0.00137
  0.00160		  0.00099
  0.00179		  0.00053
  0.00186		  0.00005
  0.00180		 -0.00043
  0.00162		 -0.00088
  0.00133		 -0.00127
  0.00095		 -0.00156
  0.00051		 -0.00174
  0.00004		 -0.00181
 -0.00043		 -0.00175
 -0.00087		 -0.00157
 -0.00124		 -0.00128
 -0.00152		 -0.00091
 -0.00169		 -0.00048
 -0.00175		 -0.00002
 -0.00169		  0.00043
 -0.00151		  0.00085
 -0.00123		  0.00121
 -0.00087		  0.00148
 -0.00045		  0.00165
 -0.00001		  0.00170
  0.00044		  0.00163
  0.00084		  0.00146
  0.00119		  0.00118
  0.00145		  0.00083
  0.00160		  0.00042
  0.00165		 -0.00001
  0.00158		 -0.00044
  0.00141		 -0.00083
  0.00114		 -0.00117
  0.00079		 -0.00142
  0.00039		 -0.00157
 -0.00003		 -0.00161
 -0.00045		 -0.00154
 -0.00083		 -0.00136
 -0.00115		 -0.00110
 -0.00139		 -0.00076
 -0.00153		 -0.00037
 -0.00157		  0.00004
 -0.00149		  0.00045
 -0.00132		  0.00082
 -0.00106		  0.00113
 -0.00073		  0.00136
 -0.00035		  0.00149
  0.00005		  0.00152
  0.00045		  0.00145
  0.00080		  0.00128
  0.00110		  0.00102
  0.00132		  0.00070
  0.00145		  0.00033
  0.00148		 -0.00006
  0.00141		 -0.00044
  0.00124		 -0.00079
  0.00098		 -0.00108
  0.00067		 -0.00129
  0.00031		 -0.00141
 -0.00007		 -0.00144
 -0.00044		 -0.00136
 -0.00078		 -0.00120
 -0.00106		 -0.00095
 -0.00126		 -0.00064
 -0.00138		 -0.00028
 -0.00140		  0.00008
 -0.00132		  0.00044
 -0.00115		  0.00077
 -0.00091		  0.00104
 -0.00061		  0.00123
 -0.00026		  0.00134
  0.00009		  0.00136
  0.00044		  0.00128
  0.00076		  0.00112
  0.00102		  0.00088
  0.00120		  0.00058
  0.00131		  0.00024
  0.00132		 -0.00010
  0.00124		 -0.00044
  0.00108		 -0.00075
  0.00084		 -0.00100
  0.00055		 -0.00118
  0.00023		 -0.00127
 -0.00011		 -0.00128
 -0.00044		 -0.00120
 -0.00073		 -0.00104
 -0.00098		 -0.00081
 -0.00115		 -0.00053
 -0.00124		 -0.00021
 -0.00125		  0.00012
 -0.00117		  0.00044
 -0.00101		  0.00072
 -0.00078		  0.00096
 -0.00050		  0.00112
 -0.00019		  0.00121
  0.00013		  0.00121
  0.00044		  0.00113
  0.00071		  0.00098
  0.00094		  0.00075
  0.00110		  0.00048
  0.00118		  0.00018
  0.00118		 -0.00013
  0.00110		 -0.00043
  0.00094		 -0.00070
  0.00072		 -0.00092
  0.00046		 -0.00107
  0.00016		 -0.00115
 -0.00014		 -0.00115
 -0.00043		 -0.00107
 -0.00069		 -0.00091
 -0.00090		 -0.00070
 -0.00105		 -0.00044
 -0.00112		 -0.00015
 -0.00111		  0.00015
 -0.00103		  0.00043
 -0.00088		  0.00068
 -0.00067		  0.00088
 -0.00042		  0.00102
 -0.00014		  0.00109
  0.00015		  0.00108
  0.00043		  0.00100
  0.00067		  0.00085
  0.00086		  0.00065
  0.00100		  0.00040
  0.00106		  0.00012
  0.00105		 -0.00016
  0.00097		 -0.00042
  0.00082		 -0.00066
  0.00062		 -0.00084
  0.00038		 -0.00097
  0.00011		 -0.00103
 -0.00016		 -0.00102
 -0.00042		 -0.00094
 -0.00065		 -0.00080
 -0.00083		 -0.00060
 -0.00095		 -0.00036
 -0.00101		 -0.00010
 -0.00099		  0.00017
 -0.00091		  0.00042
 -0.00077		  0.00064
 -0.00057		  0.00081
 -0.00034		  0.00093
 -0.00009		  0.00098
  0.00017		  0.00096
  0.00041		  0.00088
  0.00063		  0.00074
  0.00080		  0.00055
  0.00091		  0.00032
  0.00096		  0.00007
  0.00094		 -0.00018
  0.00086		 -0.00041
  0.00072		 -0.00062
  0.00053		 -0.00078
  0.00031		 -0.00089
  0.00007		 -0.00093
 -0.00018		 -0.00091
 -0.00041		 -0.00083
 -0.00061		 -0.00069
 -0.00076		 -0.00051
 -0.00087		 -0.00029
 -0.00091		 -0.00006
 -0.00089		  0.00018
 -0.00081		  0.00040
 -0.00067		  0.00060
 -0.00049		  0.00075
 -0.00028		  0.00085
 -0.00005		  0.00089
  0.00018		  0.00086
  0.00040		  0.00078
  0.00058		  0.00065
  0.00073		  0.00047
  0.00082		  0.00027
  0.00086		  0.00004
  0.00084		 -0.00018
  0.00076		 -0.00039
  0.00063		 -0.00057
  0.00045		 -0.00071
  0.00025		 -0.00080
  0.00003		 -0.00084
 -0.00019		 -0.00081
 -0.00039		 -0.00073
 -0.00056		 -0.00060
 -0.00070		 -0.00043
 -0.00078		 -0.00023
 -0.00081		 -0.00002
 -0.00079		  0.00019
 -0.00071		  0.00039
 -0.00058		  0.00056
 -0.00041		  0.00069
 -0.00022		  0.00077
 -0.00001		  0.00079
  0.00019		  0.00077
  0.00039		  0.00069
  0.00055		  0.00056
  0.00067		  0.00040
  0.00075		  0.00021
  0.00078		  0.00001
  0.00075		 -0.00020
  0.00067		 -0.00038
  0.00054		 -0.00054
  0.00038		 -0.00066
  0.00020		 -0.00073
  0.00000		 -0.00076
 -0.00020		 -0.00073
 -0.00038		 -0.00065
 -0.00053		 -0.00053
 -0.00065		 -0.00037
 -0.00072		 -0.00019
 -0.00074		  0.00000
 -0.00071		  0.00019
 -0.00063		  0.00037
 -0.00051		  0.00052
 -0.00036		  0.00063
 -0.00018		  0.00070
  0.00001		  0.00072
  0.00019		  0.00069
  0.00036		  0.00061
  0.00051		  0.00049
  0.00061		  0.00034
  0.00068		  0.00017
  0.00070		 -0.00001
  0.00066		 -0.00019
  0.00059		 -0.00036
  0.00047		 -0.00050
  0.00032		 -0.00060
  0.00016		 -0.00066
 -0.00002		 -0.00068
 -0.00020		 -0.00064
 -0.00036		 -0.00057
 -0.00049		 -0.00045
 -0.00059		 -0.00031
 -0.00065		 -0.00014
 -0.00066		  0.00003
 -0.00063		  0.00020
 -0.00055		  0.00035
 -0.00044		  0.00048
 -0.00029		  0.00058
 -0.00013		  0.00063
  0.00004		  0.00064
  0.00020		  0.00061
  0.00035		  0.00053
  0.00048		  0.00042
  0.00057		  0.00028
  0.00062		  0.00013
  0.00063		 -0.00004
  0.00059		 -0.00020
  0.00052		 -0.00035
  0.00041		 -0.00047
  0.00027		 -0.00056
  0.00012		 -0.00061
 -0.00004		 -0.00061
 -0.00020		 -0.00058
 -0.00034		 -0.00050
 -0.00046		 -0.00040
 -0.00054		 -0.00026
 -0.00059		 -0.00011
 -0.00060		  0.00004
 -0.00056		  0.00020
 -0.00049		  0.00033
 -0.00038		  0.00045
 -0.00025		  0.00053
 -0.00011		  0.00057
  0.00005		  0.00058
  0.00019		  0.00054
  0.00033		  0.00047
  0.00044		  0.00037
  0.00051		  0.00024
  0.00056		  0.00010
  0.00056		 -0.00005
  0.00052		 -0.00020
  0.00045		 -0.00032
  0.00035		 -0.00043
  0.00023		 -0.00050
  0.00009		 -0.00054
 -0.00006		 -0.00054
 -0.00020		 -0.00051
 -0.00032		 -0.00044
 -0.00042		 -0.00034
 -0.00049		 -0.00021
 -0.00053		 -0.00008
 -0.00053		  0.00006
 -0.00050		  0.00020
 -0.00042		  0.00032
 -0.00033		  0.00042
 -0.00021		  0.00049
 -0.00007		  0.00052
  0.00007		  0.00052
  0.00020		  0.00048
  0.00032		  0.00041
  0.00041		  0.00032
  0.00048		  0.00020
  0.00051		  0.00007
  0.00051		 -0.00007
  0.00047		 -0.00020
  0.00040		 -0.00031
  0.00031		 -0.00040
  0.00019		 -0.00046
  0.00006		 -0.00050
 -0.00007		 -0.00049
 -0.00019		 -0.00046
 -0.00030		 -0.00039
 -0.00039		 -0.00030
 -0.00045		 -0.00018
 -0.00048		 -0.00006
 -0.00048		  0.00007
 -0.00044		  0.00019
 -0.00038		  0.00030
 -0.00028		  0.00038
 -0.00017		  0.00044
 -0.00005		  0.00047
  0.00007		  0.00046
  0.00019		  0.00043
  0.00029		  0.00036
  0.00037		  0.00027
  0.00043		  0.00016
  0.00046		  0.00004
  0.00045		 -0.00008
  0.00041		 -0.00019
  0.00035		 -0.00029
  0.00026		 -0.00037
  0.00015		 -0.00042
  0.00004		 -0.00045
 -0.00008		 -0.00044
 -0.00019		 -0.00040
 -0.00029		 -0.00034
 -0.00036		 -0.00025
 -0.00041		 -0.00015
 -0.00044		 -0.00003
 -0.00043		  0.00008
 -0.00039		  0.00019
 -0.00033		  0.00028
 -0.00024		  0.00036
 -0.00014		  0.00041
 -0.00003		  0.00043
  0.00008		  0.00042
  0.00019		  0.00038
  0.00028		  0.00032
  0.00035		  0.00023
  0.00040		  0.00013
  0.00042		  0.00003
  0.00041		 -0.00008
  0.00037		 -0.00018
  0.00031		 -0.00027
  0.00023		 -0.00034
  0.00013		 -0.00039
  0.00002		 -0.00040
 -0.00008		 -0.00040
 -0.00018		 -0.00036
 -0.00027		 -0.00030
 -0.00033		 -0.00022
 -0.00038		 -0.00012
 -0.00039		 -0.00002
 -0.00038		  0.00008
 -0.00035		  0.00018
 -0.00029		  0.00026
 -0.00021		  0.00033
 -0.00011		  0.00037
 -0.00001		  0.00038
  0.00008		  0.00037
  0.00018		  0.00033
  0.00026		  0.00027
  0.00032		  0.00020
  0.00036		  0.00011
  0.00037		  0.00001
  0.00036		 -0.00009
  0.00032		 -0.00018
  0.00027		 -0.00026
  0.00019		 -0.00031
  0.00010		 -0.00035
  0.00000		 -0.00036
 -0.00009		 -0.00035
 -0.00018		 -0.00032
 -0.00025		 -0.00026
 -0.00031		 -0.00018
 -0.00035		 -0.00009
 -0.00036		 -0.00000
 -0.00034		  0.00009
 -0.00031		  0.00018
 -0.00025		  0.00025
 -0.00018		  0.00030
 -0.00009		  0.00034
 -0.00000		  0.00035
  0.00009		  0.00034
  0.00017		  0.00030
  0.00024		  0.00024
  0.00030		  0.00017
  0.00033		  0.00009
  0.00034		 -0.00000
  0.00033		 -0.00009
  0.00029		 -0.00017
  0.00023		 -0.00024
  0.00016		 -0.00029
  0.00008		 -0.00032
 -0.00000		 -0.00033
 -0.00009		 -0.00031
 -0.00017		 -0.00028
 -0.00023		 -0.00023
 -0.00028		 -0.00016
 -0.00031		 -0.00008
 -0.00032		  0.00001
 -0.00030		  0.00009
 -0.00027		  0.00016
 -0.00022		  0.00023
 -0.00015		  0.00028
 -0.00007		  0.00030
  0.00001		  0.00031
  0.00009		  0.00030
  0.00016		  0.00026
  0.00023		  0.00021
  0.00027		  0.00014
  0.00030		  0.00007
  0.00030		 -0.00001
  0.00029		 -0.00009
  0.00025		 -0.00016
  0.00020		 -0.00022
  0.00014		 -0.00027
  0.00006		 -0.00029
 -0.00002		 -0.00030
 -0.00009		 -0.00028
 -0.00016		 -0.00025
 -0.00022		 -0.00020
 -0.00026		 -0.00013
 -0.00029		 -0.00006
 -0.00029		  0.00002
 -0.00027		  0.00009
 -0.00024		  0.00016
 -0.00019		  0.00022
 -0.00013		  0.00026
 -0.00006		  0.00028
  0.00002		  0.00028
  0.00009		  0.00027
  0.00016		  0.00023
  0.00021		  0.00018
  0.00025		  0.00012
  0.00027		  0.00005
  0.00027		 -0.00002
  0.00026		 -0.00009
  0.00022		 -0.00015
  0.00018		 -0.00020
  0.00012		 -0.00024
  0.00005		 -0.00026
 -0.00002		 -0.00027
 -0.00009		 -0.00025
 -0.00015		 -0.00022
 -0.00020		 -0.00017
 -0.00024		 -0.00011
 -0.00026		 -0.00004
 -0.00026		  0.00002
 -0.00024		  0.00009
 -0.00021		  0.00015
 -0.00016		  0.00020
 -0.00010		  0.00023
 -0.00004		  0.00025
  0.00003		  0.00025
  0.00009		  0.00023
  0.00015		  0.00020
  0.00020		  0.00016
  0.00023		  0.00010
  0.00025		  0.00004
  0.00025		 -0.00003
  0.00023		 -0.00009
  0.00020		 -0.00015
  0.00015		 -0.00019
  0.00010		 -0.00022
  0.00003		 -0.00024
 -0.00003		 -0.00024
 -0.00009		 -0.00022
 -0.00015		 -0.00019
 -0.00019		 -0.00015
 -0.00022		 -0.00009
 -0.00024		 -0.00003
 -0.00023		  0.00003
 -0.00022		  0.00009
 -0.00019		  0.00014
 -0.00014		  0.00018
 -0.00009		  0.00021
 -0.00003		  0.00023
  0.00003		  0.00023
  0.00009		  0.00021
  0.00014		  0.00018
  0.00018		  0.00014
  0.00021		  0.00008
  0.00022		  0.00003
  0.00022		 -0.00003
  0.00020		 -0.00009
  0.00017		 -0.00014
  0.00013		 -0.00018
  0.00008		 -0.00020
  0.00002		 -0.00022
 -0.00003		 -0.00021
 -0.00009		 -0.00020
 -0.00014		 -0.00017
 -0.00017		 -0.00012
 -0.00020		 -0.00007
 -0.00021		 -0.00002
 -0.00021		  0.00004
 -0.00019		  0.00009
 -0.00016		  0.00013
 -0.00012		  0.00017
 -0.00007		  0.00020
 -0.00002		  0.00021
  0.00004		  0.00020
  0.00009		  0.00019
  0.00013		  0.00016
  0.00017		  0.00012
  0.00019		  0.00007
  0.00020		  0.00002
  0.00020		 -0.00004
  0.00018		 -0.00009
  0.00015		 -0.00013
  0.00011		 -0.00017
  0.00007		 -0.00019
  0.00001		 -0.00020
 -0.00004		 -0.00019
 -0.00009		 -0.00018
 -0.00013		 -0.00015
 -0.00016		 -0.00011
 -0.00018		 -0.00006
 -0.00019		 -0.00001
 -0.00019		  0.00004
 -0.00017		  0.00008
 -0.00014		  0.00013
 -0.00010		  0.00016
 -0.00006		  0.00018
 -0.00001		  0.00019
  0.00004		  0.00018
  0.00008		  0.00017
  0.00012		  0.00014
  0.00015		  0.00010
  0.00017		  0.00006
  0.00018		  0.00001
  0.00018		 -0.00004
  0.00016		 -0.00008
  0.00013		 -0.00012
  0.00010		 -0.00015
  0.00005		 -0.00017
  0.00001		 -0.00018
 -0.00004		 -0.00017
 -0.00008		 -0.00015
 -0.00012		 -0.00013
 -0.00015		 -0.00009
 -0.00017		 -0.00005
 -0.00017		 -0.00000
 -0.00017		  0.00004
 -0.00015		  0.00008
 -0.00012		  0.00012
 -0.00009		  0.00015
 -0.00005		  0.00016
 -0.00000		  0.00017
  0.00004		  0.00016
  0.00008		  0.00015
  0.00012		  0.00012
  0.00014		  0.00008
  0.00016		  0.00004
  0.00017		  0.00000
  0.00016		 -0.00004
  0.00014		 -0.00008
  0.00012		 -0.00011
  0.00008		 -0.00014
  0.00004		 -0.00016
  0.00000		 -0.00016
 -0.00004		 -0.00016
 -0.00008		 -0.00014
 -0.00011		 -0.00011
 -0.00014		 -0.00008
 -0.00015		 -0.00004
 -0.00016		  0.00000
 -0.00015		  0.00004
 -0.00013		  0.00008
 -0.00011		  0.00011
 -0.00008		  0.00013
 -0.00004		  0.00015
  0.00000		  0.00015
  0.00004		  0.00015
  0.00008		  0.00013
  0.00011		  0.00010
  0.00013		  0.00007
  0.00014		  0.00004
  0.00015		 -0.00000
  0.00014		 -0.00004
  0.00012		 -0.00008
  0.00010		 -0.00011
  0.00007		 -0.00013
  0.00003		 -0.00014
 -0.00001		 -0.00014
 -0.00004		 -0.00014
 -0.00008		 -0.00012
 -0.00010		 -0.00010
 -0.00013		 -0.00007
 -0.00014		 -0.00003
 -0.00014		  0.00001
 -0.00013		  0.00004
 -0.00012		  0.00008
 -0.00009		  0.00010
 -0.00006		  0.00012
 -0.00003		  0.00014
  0.00001		  0.00014
  0.00004		  0.00013
  0.00008		  0.00011
  0.00010		  0.00009
  0.00012		  0.00006
  0.00013		  0.00003
  0.00013		 -0.00001
  0.00013		 -0.00004
  0.00011		 -0.00007
  0.00009		 -0.00010
  0.00006		 -0.00012
  0.00003		 -0.00013
 -0.00001		 -0.00013
 -0.00004		 -0.00012
 -0.00007		 -0.00011
 -0.00010		 -0.00008
 -0.00012		 -0.00006
 -0.00013		 -0.00002
 -0.00013		  0.00001
 -0.00012		  0.00004
 -0.00010		  0.00007
 -0.00008		  0.00009
 -0.00005		  0.00011
 -0.00002		  0.00012
  0.00001		  0.00012
  0.00004		  0.00012
  0.00007		  0.00010
  0.00009		  0.00008
  0.00011		  0.00005
  0.00012		  0.00002
  0.00012		 -0.00001
  0.00011		 -0.00004
  0.00010		 -0.00007
  0.00007		 -0.00009
  0.00005		 -0.00011
  0.00002		 -0.00012
 -0.00001		 -0.00012
 -0.00004		 -0.00011
 -0.00007		 -0.00009
 -0.00009		 -0.00007
 -0.00011		 -0.00005
 -0.00011		 -0.00002
 -0.00011		  0.00001
 -0.00011		  0.00004
 -0.00009		  0.00007
 -0.00007		  0.00009
 -0.00004		  0.00010
 -0.00002		  0.00011
  0.00001		  0.00011
  0.00004		  0.00010
  0.00007		  0.00009
  0.00009		  0.00007
  0.00010		  0.00004
  0.00011		  0.00001
  0.00011		 -0.00001
  0.00010		 -0.00004
  0.00009		 -0.00007
  0.00007		 -0.00009
  0.00004		 -0.00010
  0.00001		 -0.00011
 -0.00001		 -0.00011
 -0.00004		 -0.00010
 -0.00006		 -0.00008
 -0.00008		 -0.00006
 -0.00010		 -0.00004
 -0.00010		 -0.00001
 -0.00010		  0.00001
 -0.00009		  0.00004
 -0.00008		  0.00006
 -0.00006		  0.00008
 -0.00004		  0.00009
 -0.00001		  0.00010
  0.00002		  0.00010
  0.00004		  0.00009
  0.00006		  0.00008
  0.00008		  0.00006
  0.00009		  0.00003
  0.00010		  0.00001
  0.00010		 -0.00002
  0.00009		 -0.00004
  0.00007		 -0.00006
  0.00006		 -0.00008
  0.00003		 -0.00009
  0.00001		 -0.00010
 -0.00002		 -0.00009
 -0.00004		 -0.00009
 -0.00006		 -0.00007
 -0.00008		 -0.00005
 -0.00009		 -0.00003
 -0.00009		 -0.00001
 -0.00009		  0.00002
 -0.00008		  0.00004
 -0.00007		  0.00006
 -0.00005		  0.00008
 -0.00003		  0.00009
 -0.00001		  0.00009
  0.00002		  0.00009
  0.00004		  0.00008
  0.00006		  0.00007
  0.00007		  0.00005
  0.00008		  0.00003
  0.00009		  0.00001
  0.00009		 -0.00002
  0.00008		 -0.00004
  0.00007		 -0.00006
  0.00005		 -0.00007
  0.00003		 -0.00008
  0.00001		 -0.00009
 -0.00002		 -0.00008
 -0.00004		 -0.00008
 -0.00006		 -0.00006
 -0.00007		 -0.00005
 -0.00008		 -0.00003
 -0.00008		 -0.00000
 -0.00008		  0.00002
 -0.00007		  0.00004
 -0.00006		  0.00006
 -0.00004		  0.00007
 -0.00002		  0.00008
 -0.00000		  0.00008
  0.00002		  0.00008
  0.00004		  0.00007
  0.00006		  0.00006
  0.00007		  0.00004
  0.00008		  0.00002
  0.00008		  0.00000
  0.00008		 -0.00002
  0.00007		 -0.00004
  0.00006		 -0.00006
  0.00004		 -0.00007
  0.00002		 -0.00008
  0.00000		 -0.00008
 -0.00002		 -0.00008
 -0.00004		 -0.00007
 -0.00005		 -0.00006
 -0.00007		 -0.00004
 -0.00007		 -0.00002
 -0.00008		 -0.00000
 -0.00007		  0.00002
 -0.00007		  0.00004
 -0.00005		  0.00005
 -0.00004		  0.00006
 -0.00002		  0.00007
 -0.00000		  0.00007
  0.00002		  0.00007
  0.00004		  0.00006
  0.00005		  0.00005
  0.00006		  0.00004
  0.00007		  0.00002
  0.00007		 -0.00000
  0.00007		 -0.00002
  0.00006		 -0.00004
  0.00005		 -0.00005
  0.00004		 -0.00006
  0.00002		 -0.00007
 -0.00000		 -0.00007
 -0.00002		 -0.00007
 -0.00004		 -0.00006
 -0.00005		 -0.00005
 -0.00006		 -0.00003
 -0.00007		 -0.00002
 -0.00007		  0.00000
 -0.00007		  0.00002
 -0.00006		  0.00004
 -0.00005		  0.00005
 -0.00003		  0.00006
 -0.00002		  0.00007
  0.00000		  0.00007
  0.00002		  0.00006
  0.00004		  0.00006
  0.00005		  0.00004
  0.00006		  0.00003
  0.00006		  0.00001
  0.00007		 -0.00000
  0.00006		 -0.00002
  0.00005		 -0.00004
  0.00004		 -0.00005
  0.00003		 -0.00006
  0.00001		 -0.00006
 -0.00000		 -0.00006
 -0.00002		 -0.00006
 -0.00003		 -0.00005
 -0.00005		 -0.00004
 -0.00006		 -0.00003
 -0.00006		 -0.00001
 -0.00006		  0.00000
 -0.00006		  0.00002
 -0.00005		  0.00003
 -0.00004		  0.00005
 -0.00003		  0.00005
 -0.00001		  0.00006
  0.00000		  0.00006
  0.00002		  0.00006
  0.00003		  0.00005
  0.00004		  0.00004
  0.00005		  0.00003
  0.00006		  0.00001
  0.00006		 -0.00000
  0.00006		 -0.00002
  0.00005		 -0.00003
  0.00004		 -0.00004
  0.00002		 -0.00005
  0.00001		 -0.00006
 -0.00000		 -0.00006
 -0.00002		 -0.00005
 -0.00003		 -0.00005
 -0.00004		 -0.00004
 -0.00005		 -0.00002
 -0.00006		 -0.00001
 -0.00006		  0.00001
 -0.00005		  0.00002
 -0.00004		  0.00003
 -0.00003		  0.00004
 -0.00002		  0.00005
 -0.00001		  0.00005
  0.00001		  0.00005
  0.00002		  0.00005
  0.00003		  0.00004
  0.00004		  0.00003
  0.00005		  0.00002
  0.00005		  0.00001
  0.00005		 -0.00001
  0.00005		 -0.00002
  0.00004		 -0.00003
  0.00003		 -0.00004
  0.00002		 -0.00005
  0.00001		 -0.00005
 -0.00001		 -0.00005
 -0.00002		 -0.00005
 -0.00003		 -0.00004
 -0.00004		 -0.00003
 -0.00005		 -0.00002
 -0.00005		 -0.00001
 -0.00005		  0.00001
 -0.00005		  0.00002
 -0.00004		  0.00003
 -0.00003		  0.00004
 -0.00002		  0.00005
 -0.00001		  0.00005
  0.00001		  0.00005
  0.00002		  0.00005
  0.00003		  0.00004
  0.00004		  0.00003
  0.00004		  0.00002
  0.00005		  0.00001
  0.00005		 -0.00001
  0.00004		 -0.00002
  0.00004		 -0.00003
  0.00003		 -0.00004
  0.00002		 -0.00004
  0.00000		 -0.00005
 -0.00001		 -0.00005
 -0.00002		 -0.00004
 -0.00003		 -0.00004
 -0.00004		 -0.00003
 -0.00004		 -0.00002
 -0.00005		 -0.00000
 -0.00004		  0.00001
 -0.00004		  0.00002
 -0.00003		  0.00003
 -0.00003		  0.00004
 -0.00002		  0.00004
 -0.00000		  0.00004
  0.00001		  0.00004
  0.00002		  0.00004
  0.00003		  0.00003
  0.00004		  0.00003
  0.00004		  0.00001
  0.00004		  0.00000
  0.00004		 -0.00001
  0.00004		 -0.00002
  0.00003		 -0.00003
  0.00002		 -0.00004
  0.00001		 -0.00004
  0.00000		 -0.00004
 -0.00001		 -0.00004
 -0.00002		 -0.00004
 -0.00003		 -0.00003
 -0.00003		 -0.00002
 -0.00004		 -0.00001
 -0.00004		 -0.00000
 -0.00004		  0.00001
 -0.00004		  0.00002
 -0.00003		  0.00003
 -0.00002		  0.00003
 -0.00001		  0.00004
 -0.00000		  0.00004
  0.00001		  0.00004
  0.00002		  0.00004
  0.00003		  0.00003
  0.00003		  0.00002
  0.00004		  0.00001
  0.00004		  0.00000
  0.00004		 -0.00001
  0.00003		 -0.00002
  0.00003		 -0.00003
  0.00002		 -0.00003
  0.00001		 -0.00004
  0.00000		 -0.00004
 -0.00001		 -0.00004
 -0.00002		 -0.00003
 -0.00003		 -0.00003
 -0.00003		 -0.00002
 -0.00004		 -0.00001
 -0.00004		 -0.00000
 -0.00004		  0.00001
 -0.00003		  0.00002
 -0.00003		  0.00003
 -0.00002		  0.00003
 -0.00001		  0.00004
 -0.00000		  0.00004
  0.00001		  0.00004
  0.00002		  0.00003
  0.00003		  0.00003
  0.00003		  0.00002
  0.00003		  0.00001
  0.00004		  0.00000
  0.00003		 -0.00001
  0.00003		 -0.00002
  0.00002		 -0.00002
  0.00002		 -0.00003
  0.00001		 -0.00003
  0.00000		 -0.00003
 -0.00001		 -0.00003
 -0.00002		 -0.00003
 -0.00002		 -0.00002
 -0.00003		 -0.00002
 -0.00003		 -0.00001
 -0.00003		  0.00000
 -0.00003		  0.00001
 -0.00003		  0.00002
 -0.00002		  0.00002
 -0.00002		  0.00003
 -0.00001		  0.00003
  0.00000		  0.00003
  0.00001		  0.00003
  0.00002		  0.00003
  0.00002		  0.00002
  0.00003		  0.00002
  0.00003		  0.00001
  0.00003		 -0.00000
  0.00003		 -0.00001
  0.00003		 -0.00002
  0.00002		 -0.00002
  0.00001		 -0.00003
  0.00001		 -0.00003
 -0.00000		 -0.00003
 -0.00001		 -0.00003
 -0.00002		 -0.00003
 -0.00002		 -0.00002
 -0.00003		 -0.00001
 -0.00003		 -0.00001
 -0.00003		  0.00000
 -0.00003		  0.00001
 -0.00003		  0.00002
 -0.00002		  0.00002
 -0.00001		  0.00003
 -0.00001		  0.00003
  0.00000		  0.00003
  0.00001		  0.00003
  0.00002		  0.00002
  0.00002		  0.00002
  0.00003		  0.00001
  0.00003		  0.00001
  0.00003		 -0.00000
  0.00003		 -0.00001
  0.00002		 -0.00002
  0.00002		 -0.00002
  0.00001		 -0.00003
  0.00001		 -0.00003
 -0.00000		 -0.00003
 -0.00001		 -0.00003
 -0.00002		 -0.00002
 -0.00002		 -0.00002
 -0.00002		 -0.00001
 -0.00003		 -0.00001
 -0.00003		  0.00000
 -0.00003		  0.00001
 -0.00002		  0.00002
 -0.00002		  0.00002
 -0.00001		  0.00002
 -0.00000		  0.00003
  0.00000		  0.00003
  0.00001		  0.00002
  0.00002		  0.00002
  0.00002		  0.00002
  0.00002		  0.00001
  0.00003		  0.00000
  0.00003		 -0.00000
  0.00002		 -0.00001
  0.00002		 -0.00001
  0.00002		 -0.00002
  0.00001		 -0.00002
  0.00000		 -0.00003
 -0.00000		 -0.00003
 -0.00001		 -0.00002
 -0.00001		 -0.00002
 -0.00002		 -0.00002
 -0.00002		 -0.00001
 -0.00002		 -0.00000
 -0.00002		  0.00000
 -0.00002		  0.00001
 -0.00002		  0.00001
 -0.00002		  0.00002
 -0.00001		  0.00002
 -0.00000		  0.00002
  0.00000		  0.00002
  0.00001		  0.00002
  0.00001		  0.00002
  0.00002		  0.00001
  0.00002		  0.00001
  0.00002		  0.00000
  0.00002		 -0.00000
  0.00002		 -0.00001
  0.00002		 -0.00001
  0.00001		 -0.00002
  0.00001		 -0.00002
  0.00000		 -0.00002
 -0.00000		 -0.00002
 -0.00001		 -0.00002
 -0.00001		 -0.00002
 -0.00002		 -0.00001
 -0.00002		 -0.00001
 -0.00002		 -0.00000
 -0.00002		  0.00000
 -0.00002		  0.00001
 -0.00002		  0.00001
 -0.00001		  0.00002
 -0.00001		  0.00002
 -0.00000		  0.00002
  0.00000		  0.00002
  0.00001		  0.00002
  0.00001		  0.00002
  0.00002		  0.00001
  0.00002		  0.00001
  0.00002		  0.00000
  0.00002		 -0.00000
  0.00002		 -0.00001
  0.00002		 -0.00001
  0.00001		 -0.00002
  0.00001		 -0.00002
  0.00000		 -0.00002
 -0.00000		 -0.00002
 -0.00001		 -0.00002
 -0.00001		 -0.00002
 -0.00002		 -0.00001
 -0.00002		 -0.00001
 -0.00002		 -0.00000
 -0.00002		  0.00000
 -0.00002		  0.00001
 -0.00002		  0.00001
 -0.00001		  0.00002
 -0.00001		  0.00002
 -0.00000		  0.00002
  0.00000		  0.00002
  0.00001		  0.00002
  0.00001		  0.00001
  0.00002		  0.00001
  0.00002		  0.00001
  0.00002		  0.00000
  0.00002		 -0.00000
  0.00002		 -0.00001
  0.00001		 -0.00001
  0.00001		 -0.00002
  0.00001		 -0.00002
  0.00000		 -0.00002
 -0.00000		 -0.00002
 -0.00001		 -0.00002
 -0.00001		 -0.00001
 -0.00002		 -0.00001
 -0.00002		 -0.00001
 -0.00002		 -0.00000
 -0.00002		  0.00000
 -0.00002		  0.00001
 -0.00001		  0.00001
 -0.00001		  0.00002
 -0.00001		  0.00002
 -0.00000		  0.00002
  0.00000		  0.00002
  0.00001		  0.00002
  0.00001		  0.00001
  0.00001		  0.00001
  0.00002		  0.00000
  0.00002		  0.00000
  0.00002		 -0.00000
  0.00001		 -0.00001
  0.00001		 -0.00001
  0.00001		 -0.00001
  0.00000		 -0.00002
  0.00000		 -0.00002
 -0.00000		 -0.00002
 -0.00001		 -0.00001
 -0.00001		 -0.00001
 -0.00001		 -0.00001
 -0.00002		 -0.00000
 -0.00002		 -0.00000
 -0.00002		  0.00000
 -0.00001		  0.00001
 -0.00001		  0.00001
 -0.00001		  0.00001
 -0.00000		  0.00002
 -0.00000		  0.00002
  0.00000		  0.00002
  0.00001		  0.00001
  0.00001		  0.00001
  0.00001		  0.00001
  0.00002		  0.00000
  0.00002		 -0.00000
  0.00001		 -0.00000
  0.00001		 -0.00001
  0.00001		 -0.00001
  0.00001		 -0.00001
  0.00000		 -0.00001
 -0.00000		 -0.00002
 -0.00000		 -0.00001
 -0.00001		 -0.00001
 -0.00001		 -0.00001
 -0.00001		 -0.00001
 -0.00001		 -0.00000
 -0.00001		  0.00000
 -0.00001		  0.00000
 -0.00001		  0.00001
 -0.00001		  0.00001
 -0.00001		  0.00001
 -0.00000		  0.00001
  0.00000		  0.00001
  0.00000		  0.00001
  0.00001		  0.00001
  0.00001		  0.00001
  0.00001		  0.00001
  0.00001		  0.00000
  0.00001		 -0.00000
  0.00001		 -0.00000
  0.00001		 -0.00001
  0.00001		 -0.00001
  0.00001		 -0.00001
  0.00000		 -0.00001
 -0.00000		 -0.00001
 -0.00000		 -0.00001
 -0.00001		 -0.00001
 -0.00001		 -0.00001
 -0.00001		 -0.00001
 -0.00001		 -0.00000
 -0.00001		  0.00000
 -0.00001		  0.00000
 -0.00001		  0.00001
 -0.00001		  0.00001
 -0.00001		  0.00001
 -0.00000		  0.00001
  0.00000		  0.00001
  0.00000		  0.00001
  0.00001		  0.00001
  0.00001		  0.00001
  0.00001		  0.00001
  0.00001		  0.00000
  0.00001		 -0.00000
  0.00001		 -0.00000
  0.00001		 -0.00001
  0.00001		 -0.00001
  0.00001		 -0.00001
  0.00000		 -0.00001
 -0.00000		 -0.00001
 -0.00000		 -0.00001
 -0.00001		 -0.00001
 -0.00001		 -0.00001
 -0.00001		 -0.00001
 -0.00001		 -0.00000
 -0.00001		  0.00000
 -0.00001		  0.00000
 -0.00001		  0.00001
 -0.00001		  0.00001
 -0.00000		  0.00001
 -0.00000		  0.00001
  0.00000		  0.00001
  0.00000		  0.00001
  0.00001		  0.00001
  0.00001		  0.00001
  0.00001		  0.00000
  0.00001		  0.00000
  0.00001		 -0.00000
  0.00001		 -0.00000
  0.00001		 -0.00001
  0.00001		 -0.00001
  0.00000		 -0.00001
  0.00000		 -0.00001
 -0.00000		 -0.00001
 -0.00000		 -0.00001
 -0.00001		 -0.00001
 -0.00001		 -0.00001
 -0.00001		 -0.00000
 -0.00001		 -0.00000
 -0.00001		  0.00000
 -0.00001		  0.00000
 -0.00001		  0.00001
 -0.00001		  0.00001
 -0.00000		  0.00001
 -0.00000		  0.00001
  0.00000		  0.00001
  0.00000		  0.00001
  0.00001		  0.00001
  0.00001		  0.00001
  0.00001		  0.00000
  0.00001		  0.00000
  0.00001		 -0.00000
  0.00001		 -0.00000
  0.00001		 -0.00001
  0.00001		 -0.00001
  0.00000		 -0.00001
  0.00000		 -0.00001
 -0.00000		 -0.00001
 -0.00000		 -0.00001
 -0.00001		 -0.00001
 -0.00001		 -0.00001
 -0.00001		 -0.00000
 -0.00001		 -0.00000
 -0.00001		  0.00000
 -0.00001		  0.00000
 -0.00001		  0.00001
 -0.00001		  0.00001
 -0.00000		  0.00001
 -0.00000		  0.00001
  0.00000		  0.00001
  0.00000		  0.00001
  0.00001		  0.00001
  0.00001		  0.00001
  0.00001		  0.00000
  0.00001		  0.00000
  0.00001		 -0.00000
  0.00001		 -0.00000
  0.00001		 -0.00001
  0.00001		 -0.00001
  0.00000		 -0.00001
  0.00000		 -0.00001
 -0.00000		 -0.00001
 -0.00000		 -0.00001
 -0.00001		 -0.00001
 -0.00001		 -0.00000
 -0.00001		 -0.00000
 -0.00001		 -0.00000
 -0.00001		  0.00000
 -0.00001		  0.00000
 -0.00001		  0.00001
 -0.00000		  0.00001
 -0.00000		  0.00001
 -0.00000		  0.00001
  0.00000		  0.00001
  0.00000		  0.00001
  0.00001		  0.00001
  0.00001		  0.00000
  0.00001		  0.00000
  0.00001		  0.00000
  0.00001		 -0.00000
  0.00001		 -0.00000
  0.00001		 -0.00001
  0.00000		 -0.00001
  0.00000		 -0.00001
  0.00000		 -0.00001
 -0.00000		 -0.00001
 -0.00000		 -0.00001
 -0.00001		 -0.00001
 -0.00001		 -0.00000
 -0.00001		 -0.00000
 -0.00001		 -0.00000
 -0.00001		  0.00000
 -0.00001		  0.00000
 -0.00001		  0.00001
 -0.00000		  0.00001
 -0.00000		  0.00001
 -0.00000		  0.00001
  0.00000		  0.00001
  0.00000		  0.00001
  0.00001		  0.00001
  0.00001		  0.00000
  0.00001		  0.00000
  0.00001		  0.00000
  0.00001		 -0.00000
  0.00001		 -0.00000
  0.00001		 -0.00001
  0.00000		 -0.00001
  0.00000		 -0.00001
  0.00000		 -0.00001
 -0.00000		 -0.00001
 -0.00000		 -0.00001
 -0.00001		 -0.00001
 -0.00001		 -0.00000
 -0.00001		 -0.00000
 -0.00001		  0.00000
 -0.00001		  0.00000
 -0.00001		  0.00000
 -0.00000		  0.00001
 -0.00000		  0.00001
 -0.00000		  0.00001
  0.00000		  0.00001
  0.00000		  0.00001
  0.00000		  0.00001
  0.00000		  0.00000
  0.00001		  0.00000
  0.00001		  0.00000
  0.00001		 -0.00000
  0.00001		 -0.00000
  0.00001		 -0.00000
  0.00000		 -0.00000
  0.00000		 -0.00001
  0.00000		 -0.00001
 -0.00000		 -0.00001
 -0.00000		 -0.00001
 -0.00000		 -0.00001
 -0.00000		 -0.00000
 -0.00001		 -0.00000
 -0.00001		 -0.00000
 -0.00001		  0.00000
 -0.00001		  0.00000
 -0.00001		  0.00000
 -0.00000		  0.00000
 -0.00000		  0.00001
 -0.00000		  0.00001
  0.00000		  0.00001
  0.00000		  0.00001
  0.00000		  0.00001
  0.00000		  0.00000
  0.00001		  0.00000
  0.00001		  0.00000
  0.00001		 -0.00000
  0.00001		 -0.00000
  0.00001		 -0.00000
  0.00000		 -0.00000
  0.00000		 -0.00001
  0.00000		 -0.00001
 -0.00000		 -0.00001
 -0.00000		 -0.00001
 -0.00000		 -0.00000
 -0.00000		 -0.00000
 -0.00001		 -0.00000
 -0.00001		 -0.00000
 -0.00001		  0.00000
 -0.00001		  0.00000
 -0.00000		  0.00000
 -0.00000		  0.00000
 -0.00000		  0.00001
 -0.00000		  0.00001
  0.00000		  0.00001
  0.00000		  0.00001
  0.00000		  0.00000
  0.00000		  0.00000
  0.00001		  0.00000
  0.00001		  0.00000
  0.00001		 -0.00000
  0.00001		 -0.00000
  0.00000		 -0.00000
  0.00000		 -0.00000
  0.00000		 -0.00000
  0.00000		 -0.00001
 -0.00000		 -0.00001
 -0.00000		 -0.00001
 -0.00000		 -0.00000
 -0.00000		 -0.00000
 -0.00000		 -0.00000
 -0.00001		 -0.00000
 -0.00001		  0.00000
 -0.00000		  0.00000
 -0.00000		  0.00000
 -0.00000		  0.00000
 -0.00000		  0.00000
 -0.00000		  0.00001
  0.00000		  0.00001
  0.00000		  0.00000
  0.00000		  0.00000
  0.00000		  0.00000
  0.00000		  0.00000
  0.00000		  0.00000
  0.00000		 -0.00000
  0.00000		 -0.00000
  0.00000		 -0.00000
  0.00000		 -0.00000
  0.00000		 -0.00000
  0.00000		 -0.00000
 -0.00000		 -0.00000
 -0.00000		 -0.00000
 -0.00000		 -0.00000
 -0.00000		 -0.00000
 -0.00000		 -0.00000
 -0.00000		 -0.00000
 -0.00000		  0.00000
 -0.00000		  0.00000
 -0.00000		  0.00000
 -0.00000		  0.00000
 -0.00000		  0.00000
 -0.00000		  0.00000
  0.00000		  0.00000
  0.00000		  0.00000
  0.00000		  0.00000
  0.00000		  0.00000
  0.00000		  0.00000
  0.00000		  0.00000
  0.00000		 -0.00000
  0.00000		 -0.00000
  0.00000		 -0.00000
  0.00000		 -0.00000
  0.00000		 -0.00000
  0.00000		 -0.00000
 -0.00000		 -0.00000
 -0.00000		 -0.00000
 -0.00000		 -0.00000
 -0.00000		 -0.00000
 -0.00000		 -0.00000
 -0.00000		 -0.00000
 -0.00000		  0.00000
 -0.00000		  0.00000
 -0.00000		  0.00000
 -0.00000		  0.00000
 -0.00000		  0.00000
 -0.00000		  0.00000
  0.00000		  0.00000
  0.00000		  0.00000
  0.00000		  0.00000
  0.00000		  0.00000
  0.00000		  0.00000
  0.00000		  0.00000
  0.00000		 -0.00000
  0.00000		 -0.00000
  0.00000		 -0.00000
  0.00000		 -0.00000
  0.00000		 -0.00000
  0.00000		 -0.00000
 -0.00000		 -0.00000
 -0.00000		 -0.00000
 -0.00000		 -0.00000
 -0.00000		 -0.00000
 -0.00000		 -0.00000
 -0.00000		 -0.00000
 -0.00000		  0.00000
 -0.00000		  0.00000
 -0.00000		  0.00000
 -0.00000		  0.00000
 -0.00000		  0.00000
 -0.00000		  0.00000
  0.00000		  0.00000
  0.00000		  0.00000
  0.00000		  0.00000
  0.00000		  0.00000
  0.00000		  0.00000
  0.00000		  0.00000
  0.00000		 -0.00000
  0.00000		 -0.00000
  0.00000		 -0.00000
  0.00000		 -0.00000
  0.00000		 -0.00000
  0.00000		 -0.00000
 -0.00000		 -0.00000
 -0.00000		 -0.00000
 -0.00000		 -0.00000
 -0.00000		 -0.00000
 -0.00000		 -0.00000
 -0.00000		 -0.00000
 -0.00000		  0.00000
 -0.00000		  0.00000
 -0.00000		  0.00000
 -0.00000		  0.00000
 -0.00000		  0.00000
 -0.00000		  0.00000
  0.00000		  0.00000
  0.00000		  0.00000
  0.00000		  0.00000
  0.00000		  0.00000
  0.00000		  0.00000
  0.00000		 -0.00000
  0.00000		 -0.00000
  0.00000		 -0.00000
  0.00000		 -0.00000
  0.00000		 -0.00000
  0.00000		 -0.00000
 -0.00000		 -0.00000
 -0.00000		 -0.00000
 -0.00000		 -0.00000
 -0.00000		 -0.00000
 -0.00000		 -0.00000
 -0.00000		 -0.00000
 -0.00000		  0.00000
 -0.00000		  0.00000
 -0.00000		  0.00000
 -0.00000		  0.00000
 -0.00000		  0.00000
 -0.00000		  0.00000
  0.00000		  0.00000
  0.00000		  0.00000
  0.00000		  0.00000
  0.00000		  0.00000
  0.00000		  0.00000
  0.00000		  0.00000
  0.00000		 -0.00000
  0.00000		 -0.00000
  0.00000		 -0.00000
  0.00000		 -0.00000
  0.00000		 -0.00000
  0.00000		 -0.00000
 -0.00000		 -0.00000
 -0.00000		 -0.00000
 -0.00000		 -0.00000
 -0.00000		 -0.00000
 -0.00000		 -0.00000
 -0.00000		 -0.00000
 -0.00000		  0.00000
 -0.00000		  0.00000
 -0.00000		  0.00000
 -0.00000		  0.00000
 -0.00000		  0.00000
 -0.00000		  0.00000
  0.00000		  0.00000
  0.00000		  0.00000
  0.00000		  0.00000
  0.00000		  0.00000
  0.00000		  0.00000
  0.00000		  0.00000
  0.00000		 -0.00000
  0.00000		 -0.00000
  0.00000		 -0.00000
  0.00000		 -0.00000
  0.00000		 -0.00000
  0.00000		 -0.00000
 -0.00000		 -0.00000
 -0.00000		 -0.00000
 -0.00000		 -0.00000
 -0.00000		 -0.00000
 -0.00000		 -0.00000
 -0.00000		 -0.00000
 -0.00000		  0.00000
 -0.00000		  0.00000
 -0.00000		  0.00000
 -0.00000		  0.00000
 -0.00000		  0.00000
 -0.00000		  0.00000
  0.00000		  0.00000
  0.00000		  0.00000
  0.00000		  0.00000
  0.00000		  0.00000
  0.00000		  0.00000
  0.00000		  0.00000
  0.00000		 -0.00000
  0.00000		 -0.00000
  0.00000		 -0.00000
  0.00000		 -0.00000
  0.00000		 -0.00000
  0.00000		 -0.00000
 -0.00000		 -0.00000
 -0.00000		 -0.00000
 -0.00000		 -0.00000
 -0.00000		 -0.00000
 -0.00000		 -0.00000
 -0.00000		 -0.00000
 -0.00000		  0.00000
 -0.00000		  0.00000
 -0.00000		  0.00000
 -0.00000		  0.00000
 -0.00000		  0.00000
 -0.00000		  0.00000
  0.00000		  0.00000
  0.00000		  0.00000
  0.00000		  0.00000
  0.00000		  0.00000
  0.00000		  0.00000
  0.00000		  0.00000
  0.00000		 -0.00000
  0.00000		 -0.00000
  0.00000		 -0.00000
  0.00000		 -0.00000
  0.00000		 -0.00000
  0.00000		 -0.00000
 -0.00000		 -0.00000
 -0.00000		 -0.00000
 -0.00000		 -0.00000
 -0.00000		 -0.00000
 -0.00000		 -0.00000
 -0.00000		 -0.00000
 -0.00000		  0.00000
 -0.00000		  0.00000
 -0.00000		  0.00000
 -0.00000		  0.00000
 -0.00000		  0.00000
 -0.00000		  0.00000
  0.00000		  0.00000
  0.00000		  0.00000
  0.00000		  0.00000
  0.00000		  0.00000
  0.00000		  0.00000
  0.00000		  0.00000
  0.00000		 -0.00000
  0.00000		 -0.00000
  0.00000		 -0.00000
  0.00000		 -0.00000
  0.00000		 -0.00000
  0.00000		 -0.00000
 -0.00000		 -0.00000
 -0.00000		 -0.00000
 -0.00000		 -0.00000
 -0.00000		 -0.00000
 -0.00000		 -0.00000
 -0.00000		 -0.00000
 -0.00000		  0.00000
 -0.00000		  0.00000
 -0.00000		  0.00000
 -0.00000		  0.00000
 -0.00000		  0.00000
 -0.00000		  0.00000
  0.00000		  0.00000
  0.00000		  0.00000
  0.00000		  0.00000
  0.00000		  0.00000
  0.00000		  0.00000
  0.00000		  0.00000
  0.00000		 -0.00000
  0.00000		 -0.00000
  0.00000		 -0.00000
  0.00000		 -0.00000
  0.00000		 -0.00000
  0.00000		 -0.00000
 -0.00000		 -0.00000
 -0.00000		 -0.00000
 -0.00000		 -0.00000
 -0.00000		 -0.00000
 -0.00000		 -0.00000
 -0.00000		 -0.00000
 -0.00000		  0.00000
 -0.00000		  0.00000
 -0.00000		  0.00000
 -0.00000		  0.00000
 -0.00000		  0.00000
 -0.00000		  0.00000
  0.00000		  0.00000
  0.00000		  0.00000
  0.00000		  0.00000
  0.00000		  0.00000
  0.00000		  0.00000
  0.00000		  0.00000
  0.00000		 -0.00000
  0.00000		 -0.00000
  0.00000		 -0.00000
  0.00000		 -0.00000
  0.00000		 -0.00000
  0.00000		 -0.00000
 -0.00000		 -0.00000
 -0.00000		 -0.00000
 -0.00000		 -0.00000
 -0.00000		 -0.00000
 -0.00000		 -0.00000
 -0.00000		  0.00000
 -0.00000		  0.00000
 -0.00000		  0.00000
 -0.00000		  0.00000
 -0.00000		  0.00000
 -0.00000		  0.00000
  0.00000		  0.00000
  0.00000		  0.00000
  0.00000		  0.00000
  0.00000		  0.00000
  0.00000		  0.00000
  0.00000		  0.00000
  0.00000		 -0.00000
  0.00000		 -0.00000
  0.00000		 -0.00000
  0.00000		 -0.00000
  0.00000		 -0.00000
  0.00000		 -0.00000
 -0.00000		 -0.00000
 -0.00000		 -0.00000
 -0.00000		 -0.00000
 -0.00000		 -0.00000
 -0.00000		 -0.00000
 -0.00000		 -0.00000
 -0.00000		  0.00000
 -0.00000		  0.00000
 -0.00000		  0.00000
 -0.00000		  0.00000
 -0.00000		  0.00000
 -0.00000		  0.00000
  0.00000		  0.00000
  0.00000		  0.00000
  0.00000		  0.00000
  0.00000		  0.00000
  0.00000		  0.00000
  0.00000		  0.00000
  0.00000		 -0.00000
  0.00000		 -0.00000
  0.00000		 -0.00000
  0.00000		 -0.00000
  0.00000		 -0.00000
  0.00000		 -0.00000
 -0.00000		 -0.00000
 -0.00000		 -0.00000
 -0.00000		 -0.00000
 -0.00000		 -0.00000
 -0.00000		 -0.00000
 -0.00000		 -0.00000
 -0.00000		  0.00000
 -0.00000		  0.00000
 -0.00000		  0.00000
 -0.00000		  0.00000
 -0.00000		  0.00000
 -0.00000		  0.00000
  0.00000		  0.00000
  0.00000		  0.00000
  0.00000		  0.00000
  0.00000		  0.00000
  0.00000		  0.00000
  0.00000		  0.00000
  0.00000		 -0.00000
  0.00000		 -0.00000
  0.00000		 -0.00000
  0.00000		 -0.00000
  0.00000		 -0.00000
  0.00000		 -0.00000
 -0.00000		 -0.00000
 -0.00000		 -0.00000
 -0.00000		 -0.00000
 -0.00000		 -0.00000
 -0.00000		 -0.00000
 -0.00000		 -0.00000
 -0.00000		  0.00000
 -0.00000		  0.00000
 -0.00000		  0.00000
 -0.00000		  0.00000
 -0.00000		  0.00000
 -0.00000		  0.00000
  0.00000		  0.00000
  0.00000		  0.00000
  0.00000		  0.00000
  0.00000		  0.00000
  0.00000		  0.00000
  0.00000		  0.00000
  0.00000		 -0.00000
  0.00000		 -0.00000
  0.00000		 -0.00000
  0.00000		 -0.00000
  0.00000		 -0.00000
  0.00000		 -0.00000
 -0.00000		 -0.00000
 -0.00000		 -0.00000
 -0.00000		 -0.00000
 -0.00000		 -0.00000
 -0.00000		 -0.00000
 -0.00000		 -0.00000
 -0.00000		  0.00000
 -0.00000		  0.00000
 -0.00000		  0.00000
 -0.00000		  0.00000
 -0.00000		  0.00000
 -0.00000		  0.00000
  0.00000		  0.00000
  0.00000		  0.00000
  0.00000		  0.00000
  0.00000		  0.00000
  0.00000		  0.00000
  0.00000		  0.00000
  0.00000		 -0.00000
  0.00000		 -0.00000
  0.00000		 -0.00000
  0.00000		 -0.00000
  0.00000		 -0.00000
  0.00000		 -0.00000
 -0.00000		 -0.00000
 -0.00000		 -0.00000
 -0.00000		 -0.00000
 -0.00000		 -0.00000
 -0.00000		 -0.00000
 -0.00000		 -0.00000
 -0.00000		  0.00000
 -0.00000		  0.00000
 -0.00000		  0.00000
 -0.00000		  0.00000
 -0.00000		  0.00000
 -0.00000		  0.00000
  0.00000		  0.00000
  0.00000		  0.00000
  0.00000		  0.00000
  0.00000		  0.00000
  0.00000		  0.00000
  0.00000		  0.00000
  0.00000		 -0.00000
  0.00000		 -0.00000
  0.00000		 -0.00000
  0.00000		 -0.00000
  0.00000		 -0.00000
  0.00000		 -0.00000
 -0.00000		 -0.00000
 -0.00000		 -0.00000
 -0.00000		 -0.00000
 -0.00000		 -0.00000
 -0.00000		 -0.00000
 -0.00000		 -0.00000
 -0.00000		  0.00000
 -0.00000		  0.00000
 -0.00000		  0.00000
 -0.00000		  0.00000
 -0.00000		  0.00000
 -0.00000		  0.00000
  0.00000		  0.00000
  0.00000		  0.00000
  0.00000		  0.00000
  0.00000		  0.00000
  0.00000		  0.00000
  0.00000		  0.00000
  0.00000		 -0.00000
  0.00000		 -0.00000
  0.00000		 -0.00000
  0.00000		 -0.00000
  0.00000		 -0.00000
  0.00000		 -0.00000
 -0.00000		 -0.00000
 -0.00000		 -0.00000
 -0.00000		 -0.00000
 -0.00000		 -0.00000
 -0.00000		 -0.00000
 -0.00000		 -0.00000
 -0.00000		  0.00000
 -0.00000		  0.00000
 -0.00000		  0.00000
 -0.00000		  0.00000
 -0.00000		  0.00000
 -0.00000		  0.00000
  0.00000		  0.00000
  0.00000		  0.00000
  0.00000		  0.00000
  0.00000		  0.00000
  0.00000		  0.00000
  0.00000		 -0.00000
  0.00000		 -0.00000
  0.00000		 -0.00000
  0.00000		 -0.00000
  0.00000		 -0.00000
  0.00000		 -0.00000
 -0.00000		 -0.00000
 -0.00000		 -0.00000
 -0.00000		 -0.00000
 -0.00000		 -0.00000
 -0.00000		 -0.00000
 -0.00000		 -0.00000
 -0.00000		  0.00000
 -0.00000		  0.00000
 -0.00000		  0.00000
 -0.00000		  0.00000
 -0.00000		  0.00000
 -0.00000		  0.00000
  0.00000		  0.00000
  0.00000		  0.00000
  0.00000		  0.00000
  0.00000		  0.00000
  0.00000		  0.00000
  0.00000		  0.00000
  0.00000		 -0.00000
  0.00000		 -0.00000
  0.00000		 -0.00000
  0.00000		 -0.00000
  0.00000		 -0.00000
  0.00000		 -0.00000
 -0.00000		 -0.00000
 -0.00000		 -0.00000
 -0.00000		 -0.00000
 -0.00000		 -0.00000
 -0.00000		 -0.00000
 -0.00000		 -0.00000
 -0.00000		  0.00000
 -0.00000		  0.00000
 -0.00000		  0.00000
 -0.00000		  0.00000
 -0.00000		  0.00000
 -0.00000		  0.00000
  0.00000		  0.00000
  0.00000		  0.00000
  0.00000		  0.00000
  0.00000		  0.00000
  0.00000		  0.00000
  0.00000		  0.00000
  0.00000		 -0.00000
  0.00000		 -0.00000
  0.00000		 -0.00000
  0.00000		 -0.00000
  0.00000		 -0.00000
  0.00000		 -0.00000
 -0.00000		 -0.00000
 -0.00000		 -0.00000
 -0.00000		 -0.00000
 -0.00000		 -0.00000
 -0.00000		 -0.00000
 -0.00000		 -0.00000
 -0.00000		  0.00000
 -0.00000		  0.00000
 -0.00000		  0.00000
 -0.00000		  0.00000
 -0.00000		  0.00000
 -0.00000		  0.00000
  0.00000		  0.00000
  0.00000		  0.00000
  0.00000		  0.00000
  0.00000		  0.00000
  0.00000		  0.00000
  0.00000		  0.00000
  0.00000		 -0.00000
  0.00000		 -0.00000
  0.00000		 -0.00000
  0.00000		 -0.00000
  0.00000		 -0.00000
  0.00000		 -0.00000
 -0.00000		 -0.00000
 -0.00000		 -0.00000
 -0.00000		 -0.00000
 -0.00000		 -0.00000
 -0.00000		 -0.00000
 -0.00000		 -0.00000
 -0.00000		  0.00000
 -0.00000		  0.00000
 -0.00000		  0.00000
 -0.00000		  0.00000
 -0.00000		  0.00000
 -0.00000		  0.00000
  0.00000		  0.00000
  0.00000		  0.00000
  0.00000		  0.00000
  0.00000		  0.00000
  0.00000		  0.00000
  0.00000		  0.00000
  0.00000		 -0.00000
  0.00000		 -0.00000
  0.00000		 -0.00000
  0.00000		 -0.00000
  0.00000		 -0.00000
  0.00000		 -0.00000
 -0.00000		 -0.00000
 -0.00000		 -0.00000
 -0.00000		 -0.00000
 -0.00000		 -0.00000
 -0.00000		 -0.00000
 -0.00000		 -0.00000
 -0.00000		  0.00000
 -0.00000		  0.00000
 -0.00000		  0.00000
 -0.00000		  0.00000
 -0.00000		  0.00000
 -0.00000		  0.00000
  0.00000		  0.00000
  0.00000		  0.00000
  0.00000		  0.00000
  0.00000		  0.00000
  0.00000		  0.00000
  0.00000		  0.00000
  0.00000		 -0.00000
  0.00000		 -0.00000
  0.00000		 -0.00000
  0.00000		 -0.00000
  0.00000		 -0.00000
  0.00000		 -0.00000
 -0.00000		 -0.00000
 -0.00000		 -0.00000
 -0.00000		 -0.00000
 -0.00000		 -0.00000
 -0.00000		 -0.00000
 -0.00000		 -0.00000
 -0.00000		  0.00000
 -0.00000		  0.00000
 -0.00000		  0.00000
 -0.00000		  0.00000
 -0.00000		  0.00000
 -0.00000		  0.00000
  0.00000		  0.00000
  0.00000		  0.00000
  0.00000		  0.00000
  0.00000		  0.00000
  0.00000		  0.00000
  0.00000		  0.00000
  0.00000		 -0.00000
  0.00000		 -0.00000
  0.00000		 -0.00000
  0.00000		 -0.00000
  0.00000		 -0.00000
  0.00000		 -0.00000
 -0.00000		 -0.00000
 -0.00000		 -0.00000
 -0.00000		 -0.00000
 -0.00000		 -0.00000
 -0.00000		 -0.00000
 -0.00000		 -0.00000
 -0.00000		  0.00000
 -0.00000		  0.00000
 -0.00000		  0.00000
 -0.00000		  0.00000
 -0.00000		  0.00000
 -0.00000		  0.00000
  0.00000		  0.00000
  0.00000		  0.00000
  0.00000		  0.00000
  0.00000		  0.00000
  0.00000		  0.00000
  0.00000		  0.00000
  0.00000		 -0.00000
  0.00000		 -0.00000
  0.00000		 -0.00000
  0.00000		 -0.00000
  0.00000		 -0.00000
  0.00000		 -0.00000
 -0.00000		 -0.00000
 -0.00000		 -0.00000
 -0.00000		 -0.00000
 -0.00000		 -0.00000
 -0.00000		 -0.00000
 -0.00000		  0.00000
 -0.00000		  0.00000
 -0.00000		  0.00000
 -0.00000		  0.00000
 -0.00000		  0.00000
 -0.00000		  0.00000
  0.00000		  0.00000
  0.00000		  0.00000
  0.00000		  0.00000
  0.00000		  0.00000
  0.00000		  0.00000
  0.00000		  0.00000
  0.00000		 -0.00000
  0.00000		 -0.00000
  0.00000		 -0.00000
  0.00000		 -0.00000
  0.00000		 -0.00000
  0.00000		 -0.00000
 -0.00000		 -0.00000
 -0.00000		 -0.00000
 -0.00000		 -0.00000
 -0.00000		 -0.00000
 -0.00000		 -0.00000
 -0.00000		 -0.00000
 -0.00000		  0.00000
 -0.00000		  0.00000
 -0.00000		  0.00000
 -0.00000		  0.00000
 -0.00000		  0.00000
 -0.00000		  0.00000
  0.00000		  0.00000
  0.00000		  0.00000
  0.00000		  0.00000
  0.00000		  0.00000
  0.00000		  0.00000
  0.00000		  0.00000
  0.00000		 -0.00000
  0.00000		 -0.00000
  0.00000		 -0.00000
  0.00000		 -0.00000
  0.00000		 -0.00000
  0.00000		 -0.00000
 -0.00000		 -0.00000
 -0.00000		 -0.00000
 -0.00000		 -0.00000
 -0.00000		 -0.00000
 -0.00000		 -0.00000
 -0.00000		 -0.00000
 -0.00000		  0.00000
 -0.00000		  0.00000
 -0.00000		  0.00000
 -0.00000		  0.00000
 -0.00000		  0.00000
 -0.00000		  0.00000
  0.00000		  0.00000
  0.00000		  0.00000
  0.00000		  0.00000
  0.00000		  0.00000
  0.00000		  0.00000
  0.00000		  0.00000
  0.00000		 -0.00000
  0.00000		 -0.00000
  0.00000		 -0.00000
  0.00000		 -0.00000
  0.00000		 -0.00000
  0.00000		 -0.00000
 -0.00000		 -0.00000
 -0.00000		 -0.00000
 -0.00000		 -0.00000
 -0.00000		 -0.00000
 -0.00000		 -0.00000
 -0.00000		 -0.00000
 -0.00000		  0.00000
 -0.00000		  0.00000
 -0.00000		  0.00000
 -0.00000		  0.00000
 -0.00000		  0.00000
 -0.00000		  0.00000
  0.00000		  0.00000
  0.00000		  0.00000
  0.00000		  0.00000
  0.00000		  0.00000
  0.00000		  0.00000
  0.00000		  0.00000
  0.00000		 -0.00000
  0.00000		 -0.00000
  0.00000		 -0.00000
  0.00000		 -0.00000
  0.00000		 -0.00000
  0.00000		 -0.00000
 -0.00000		 -0.00000
 -0.00000		 -0.00000
 -0.00000		 -0.00000
 -0.00000		 -0.00000
 -0.00000		 -0.00000
 -0.00000		 -0.00000
 -0.00000		  0.00000
 -0.00000		  0.00000
 -0.00000		  0.00000
 -0.00000		  0.00000
 -0.00000		  0.00000
 -0.00000		  0.00000
  0.00000		  0.00000
  0.00000		  0.00000
  0.00000		  0.00000
  0.00000		  0.00000
  0.00000		  0.00000
  0.00000		  0.00000
  0.00000		 -0.00000
  0.00000		 -0.00000
  0.00000		 -0.00000
  0.00000		 -0.00000
  0.00000		 -0.00000
  0.00000		 -0.00000
 -0.00000		 -0.00000
 -0.00000		 -0.00000
 -0.00000		 -0.00000
 -0.00000		 -0.00000
 -0.00000		 -0.00000
 -0.00000		 -0.00000
 -0.00000		  0.00000
 -0.00000		  0.00000
 -0.00000		  0.00000
 -0.00000		  0.00000
 -0.00000		  0.00000
 -0.00000		  0.00000
  0.00000		  0.00000
  0.00000		  0.00000
  0.00000		  0.00000
  0.00000		  0.00000
  0.00000		  0.00000
  0.00000		  0.00000
  0.00000		 -0.00000
  0.00000		 -0.00000
  0.00000		 -0.00000
  0.00000		 -0.00000
  0.00000		 -0.00000
  0.00000		 -0.00000
 -0.00000		 -0.00000
 -0.00000		 -0.00000
 -0.00000		 -0.00000
 -0.00000		 -0.00000
 -0.00000		 -0.00000
 -0.00000		 -0.00000
 -0.00000		  0.00000
 -0.00000		  0.00000
 -0.00000		  0.00000
 -0.00000		  0.00000
 -0.00000		  0.00000
 -0.00000		  0.00000
  0.00000		  0.00000
  0.00000		  0.00000
  0.00000		  0.00000
  0.00000		  0.00000
  0.00000		  0.00000
  0.00000		  0.00000
  0.00000		 -0.00000
  0.00000		 -0.00000
  0.00000		 -0.00000
  0.00000		 -0.00000
  0.00000		 -0.00000
  0.00000		 -0.00000
 -0.00000		 -0.00000
 -0.00000		 -0.00000
 -0.00000		 -0.00000
 -0.00000		 -0.00000
 -0.00000		 -0.00000
 -0.00000		 -0.00000
 -0.00000		  0.00000
 -0.00000		  0.00000
 -0.00000		  0.00000
 -0.00000		  0.00000
 -0.00000		  0.00000
 -0.00000		  0.00000
  0.00000		  0.00000
  0.00000		  0.00000
  0.00000		  0.00000
  0.00000		  0.00000
  0.00000		  0.00000
  0.00000		 -0.00000
  0.00000		 -0.00000
  0.00000		 -0.00000
  0.00000		 -0.00000
  0.00000		 -0.00000
  0.00000		 -0.00000
 -0.00000		 -0.00000
 -0.00000		 -0.00000
 -0.00000		 -0.00000
 -0.00000		 -0.00000
 -0.00000		 -0.00000
 -0.00000		 -0.00000
 -0.00000		  0.00000
 -0.00000		  0.00000
 -0.00000		  0.00000
 -0.00000		  0.00000
 -0.00000		  0.00000
 -0.00000		  0.00000
  0.00000		  0.00000
  0.00000		  0.00000
  0.00000		  0.00000
  0.00000		  0.00000
  0.00000		  0.00000
  0.00000		  0.00000
  0.00000		 -0.00000
  0.00000		 -0.00000
  0.00000		 -0.00000
  0.00000		 -0.00000
  0.00000		 -0.00000
  0.00000		 -0.00000
 -0.00000		 -0.00000
 -0.00000		 -0.00000
 -0.00000		 -0.00000
 -0.00000		 -0.00000
 -0.00000		 -0.00000
 -0.00000		 -0.00000
 -0.00000		  0.00000
 -0.00000		  0.00000
 -0.00000		  0.00000
 -0.00000		  0.00000
 -0.00000		  0.00000
 -0.00000		  0.00000
  0.00000		  0.00000
  0.00000		  0.00000
  0.00000		  0.00000
  0.00000		  0.00000
  0.00000		  0.00000
  0.00000		  0.00000
  0.00000		 -0.00000
  0.00000		 -0.00000
  0.00000		 -0.00000
  0.00000		 -0.00000
  0.00000		 -0.00000
  0.00000		 -0.00000
 -0.00000		 -0.00000
 -0.00000		 -0.00000
 -0.00000		 -0.00000
 -0.00000		 -0.00000
 -0.00000		 -0.00000
 -0.00000		 -0.00000
 -0.00000		  0.00000
 -0.00000		  0.00000
 -0.00000		  0.00000
 -0.00000		  0.00000
 -0.00000		  0.00000
 -0.00000		  0.00000
  0.00000		  0.00000
  0.00000		  0.00000
  0.00000		  0.00000
  0.00000		  0.00000
  0.00000		  0.00000
  0.00000		  0.00000
  0.00000		 -0.00000
  0.00000		 -0.00000
  0.00000		 -0.00000
  0.00000		 -0.00000
  0.00000		 -0.00000
  0.00000		 -0.00000
 -0.00000		 -0.00000
 -0.00000		 -0.00000
 -0.00000		 -0.00000
 -0.00000		 -0.00000
 -0.00000		 -0.00000
 -0.00000		 -0.00000
 -0.00000		  0.00000
 -0.00000		  0.00000
 -0.00000		  0.00000
 -0.00000		  0.00000
 -0.00000		  0.00000
 -0.00000		  0.00000
  0.00000		  0.00000
  0.00000		  0.00000
  0.00000		  0.00000
  0.00000		  0.00000
  0.00000		  0.00000
  0.00000		  0.00000
  0.00000		 -0.00000
  0.00000		 -0.00000
  0.00000		 -0.00000
  0.00000		 -0.00000
  0.00000		 -0.00000
  0.00000		 -0.00000
 -0.00000		 -0.00000
 -0.00000		 -0.00000
 -0.00000		 -0.00000
 -0.00000		 -0.00000
 -0.00000		 -0.00000
 -0.00000		 -0.00000
 -0.00000		  0.00000
 -0.00000		  0.00000
 -0.00000		  0.00000
 -0.00000		  0.00000
 -0.00000		  0.00000
 -0.00000		  0.00000
  0.00000		  0.00000
  0.00000		  0.00000
  0.00000		  0.00000
  0.00000		  0.00000
  0.00000		  0.00000
  0.00000		  0.00000
  0.00000		 -0.00000
  0.00000		 -0.00000
  0.00000		 -0.00000
  0.00000		 -0.00000
  0.00000		 -0.00000
  0.00000		 -0.00000
 -0.00000		 -0.00000
 -0.00000		 -0.00000
 -0.00000		 -0.00000
 -0.00000		 -0.00000
 -0.00000		 -0.00000
 -0.00000		 -0.00000
 -0.00000		  0.00000
 -0.00000		  0.00000
 -0.00000		  0.00000
 -0.00000		  0.00000
 -0.00000		  0.00000
 -0.00000		  0.00000
  0.00000		  0.00000
  0.00000		  0.00000
  0.00000		  0.00000
  0.00000		  0.00000
  0.00000		  0.00000
  0.00000		  0.00000
  0.00000		 -0.00000
  0.00000		 -0.00000
  0.00000		 -0.00000
  0.00000		 -0.00000
  0.00000		 -0.00000
  0.00000		 -0.00000
 -0.00000		 -0.00000
 -0.00000		 -0.00000
 -0.00000		 -0.00000
 -0.00000		 -0.00000
 -0.00000		 -0.00000
 -0.00000		 -0.00000
 -0.00000		  0.00000
 -0.00000		  0.00000
 -0.00000		  0.00000
 -0.00000		  0.00000
 -0.00000		  0.00000
 -0.00000		  0.00000
  0.00000		  0.00000
  0.00000		  0.00000
  0.00000		  0.00000
  0.00000		  0.00000
  0.00000		  0.00000
  0.00000		  0.00000
  0.00000		 -0.00000
  0.00000		 -0.00000
  0.00000		 -0.00000
  0.00000		 -0.00000
  0.00000		 -0.00000
  0.00000		 -0.00000
 -0.00000		 -0.00000
 -0.00000		 -0.00000
 -0.00000		 -0.00000
 -0.00000		 -0.00000
 -0.00000		 -0.00000
 -0.00000		  0.00000
 -0.00000		  0.00000
 -0.00000		  0.00000
 -0.00000		  0.00000
 -0.00000		  0.00000
 -0.00000		  0.00000
  0.00000		  0.00000
  0.00000		  0.00000
  0.00000		  0.00000
  0.00000		  0.00000
  0.00000		  0.00000
  0.00000		  0.00000
  0.00000		 -0.00000
  0.00000		 -0.00000
  0.00000		 -0.00000
  0.00000		 -0.00000
  0.00000		 -0.00000
  0.00000		 -0.00000
 -0.00000		 -0.00000
 -0.00000		 -0.00000
 -0.00000		 -0.00000
 -0.00000		 -0.00000
 -0.00000		 -0.00000
 -0.00000		 -0.00000
 -0.00000		  0.00000
 -0.00000		  0.00000
 -0.00000		  0.00000
 -0.00000		  0.00000
 -0.00000		  0.00000
 -0.00000		  0.00000
  0.00000		  0.00000
  0.00000		  0.00000
  0.00000		  0.00000
  0.00000		  0.00000
  0.00000		  0.00000
  0.00000		  0.00000
  0.00000		 -0.00000
  0.00000		 -0.00000
  0.00000		 -0.00000
  0.00000		 -0.00000
  0.00000		 -0.00000
  0.00000		 -0.00000
 -0.00000		 -0.00000
 -0.00000		 -0.00000
 -0.00000		 -0.00000
 -0.00000		 -0.00000
 -0.00000		 -0.00000
 -0.00000		 -0.00000
 -0.00000		  0.00000
 -0.00000		  0.00000
 -0.00000		  0.00000
 -0.00000		  0.00000
 -0.00000		  0.00000
 -0.00000		  0.00000
  0.00000		  0.00000
  0.00000		  0.00000
  0.00000		  0.00000
  0.00000		  0.00000
  0.00000		  0.00000
  0.00000		  0.00000
  0.00000		 -0.00000
  0.00000		 -0.00000
  0.00000		 -0.00000
  0.00000		 -0.00000
  0.00000		 -0.00000
  0.00000		 -0.00000
 -0.00000		 -0.00000
 -0.00000		 -0.00000
 -0.00000		 -0.00000
 -0.00000		 -0.00000
 -0.00000		 -0.00000
 -0.00000		 -0.00000
 -0.00000		  0.00000
 -0.00000		  0.00000
 -0.00000		  0.00000
 -0.00000		  0.00000
 -0.00000		  0.00000
 -0.00000		  0.00000
  0.00000		  0.00000
  0.00000		  0.00000
  0.00000		  0.00000
  0.00000		  0.00000
  0.00000		  0.00000
  0.00000		  0.00000
  0.00000		 -0.00000
  0.00000		 -0.00000
  0.00000		 -0.00000
  0.00000		 -0.00000
  0.00000		 -0.00000
  0.00000		 -0.00000
 -0.00000		 -0.00000
 -0.00000		 -0.00000
 -0.00000		 -0.00000
 -0.00000		 -0.00000
 -0.00000		 -0.00000
 -0.00000		 -0.00000
 -0.00000		  0.00000
 -0.00000		  0.00000
 -0.00000		  0.00000
 -0.00000		  0.00000
 -0.00000		  0.00000
 -0.00000		  0.00000
  0.00000		  0.00000
  0.00000		  0.00000
  0.00000		  0.00000
  0.00000		  0.00000
  0.00000		  0.00000
  0.00000		  0.00000
  0.00000		 -0.00000
  0.00000		 -0.00000
  0.00000		 -0.00000
  0.00000		 -0.00000
  0.00000		 -0.00000
  0.00000		 -0.00000
 -0.00000		 -0.00000
 -0.00000		 -0.00000
 -0.00000		 -0.00000
 -0.00000		 -0.00000
 -0.00000		 -0.00000
 -0.00000		 -0.00000
 -0.00000		  0.00000
 -0.00000		  0.00000
 -0.00000		  0.00000
 -0.00000		  0.00000
 -0.00000		  0.00000
 -0.00000		  0.00000
  0.00000		  0.00000
  0.00000		  0.00000
  0.00000		  0.00000
  0.00000		  0.00000
  0.00000		  0.00000
  0.00000		  0.00000
  0.00000		 -0.00000
  0.00000		 -0.00000
  0.00000		 -0.00000
  0.00000		 -0.00000
  0.00000		 -0.00000
  0.00000		 -0.00000
 -0.00000		 -0.00000
 -0.00000		 -0.00000
 -0.00000		 -0.00000
 -0.00000		 -0.00000
 -0.00000		 -0.00000
 -0.00000		 -0.00000
 -0.00000		  0.00000
 -0.00000		  0.00000
 -0.00000		  0.00000
 -0.00000		  0.00000
 -0.00000		  0.00000
 -0.00000		  0.00000
  0.00000		  0.00000
  0.00000		  0.00000
  0.00000		  0.00000
  0.00000		  0.00000
  0.00000		  0.00000
  0.00000		  0.00000
  0.00000		 -0.00000
  0.00000		 -0.00000
  0.00000		 -0.00000
  0.00000		 -0.00000
  0.00000		 -0.00000
  0.00000		 -0.00000
 -0.00000		 -0.00000
 -0.00000		 -0.00000
 -0.00000		 -0.00000
 -0.00000		 -0.00000
 -0.00000		 -0.00000
 -0.00000		 -0.00000
 -0.00000		  0.00000
 -0.00000		  0.00000
 -0.00000		  0.00000
 -0.00000		  0.00000
 -0.00000		  0.00000
 -0.00000		  0.00000
  0.00000		  0.00000
  0.00000		  0.00000
  0.00000		  0.00000
  0.00000		  0.00000
  0.00000		  0.00000
  0.00000		 -0.00000
  0.00000		 -0.00000
  0.00000		 -0.00000
  0.00000		 -0.00000
  0.00000		 -0.00000
  0.00000		 -0.00000
 -0.00000		 -0.00000
 -0.00000		 -0.00000
 -0.00000		 -0.00000
 -0.00000		 -0.00000
 -0.00000		 -0.00000
 -0.00000		 -0.00000
 -0.00000		  0.00000
 -0.00000		  0.00000
 -0.00000		  0.00000
 -0.00000		  0.00000
 -0.00000		  0.00000
 -0.00000		  0.00000
  0.00000		  0.00000
  0.00000		  0.00000
  0.00000		  0.00000
  0.00000		  0.00000
  0.00000		  0.00000
  0.00000		  0.00000
  0.00000		 -0.00000
  0.00000		 -0.00000
  0.00000		 -0.00000
  0.00000		 -0.00000
  0.00000		 -0.00000
  0.00000		 -0.00000
 -0.00000		 -0.00000
 -0.00000		 -0.00000
 -0.00000		 -0.00000
 -0.00000		 -0.00000
 -0.00000		 -0.00000
 -0.00000		 -0.00000
 -0.00000		  0.00000
 -0.00000		  0.00000
 -0.00000		  0.00000
 -0.00000		  0.00000
 -0.00000		  0.00000
 -0.00000		  0.00000
  0.00000		  0.00000
  0.00000		  0.00000
  0.00000		  0.00000
  0.00000		  0.00000
  0.00000		  0.00000
  0.00000		  0.00000
  0.00000		 -0.00000
  0.00000		 -0.00000
  0.00000		 -0.00000
  0.00000		 -0.00000
  0.00000		 -0.00000
  0.00000		 -0.00000
 -0.00000		 -0.00000
 -0.00000		 -0.00000
 -0.00000		 -0.00000
 -0.00000		 -0.00000
 -0.00000		 -0.00000
 -0.00000		 -0.00000
 -0.00000		  0.00000
 -0.00000		  0.00000
 -0.00000		  0.00000
 -0.00000		  0.00000
 -0.00000		  0.00000
 -0.00000		  0.00000
  0.00000		  0.00000
  0.00000		  0.00000
  0.00000		  0.00000
  0.00000		  0.00000
  0.00000		  0.00000
  0.00000		  0.00000
  0.00000		 -0.00000
  0.00000		 -0.00000
  0.00000		 -0.00000
  0.00000		 -0.00000
  0.00000		 -0.00000
  0.00000		 -0.00000
 -0.00000		 -0.00000
 -0.00000		 -0.00000
 -0.00000		 -0.00000
 -0.00000		 -0.00000
 -0.00000		 -0.00000
 -0.00000		 -0.00000
 -0.00000		  0.00000
 -0.00000		  0.00000
 -0.00000		  0.00000
 -0.00000		  0.00000
 -0.00000		  0.00000
 -0.00000		  0.00000
  0.00000		  0.00000
  0.00000		  0.00000
  0.00000		  0.00000
  0.00000		  0.00000
  0.00000		  0.00000
  0.00000		  0.00000
  0.00000		 -0.00000
  0.00000		 -0.00000
  0.00000		 -0.00000
  0.00000		 -0.00000
  0.00000		 -0.00000
  0.00000		 -0.00000
 -0.00000		 -0.00000
 -0.00000		 -0.00000
 -0.00000		 -0.00000
 -0.00000		 -0.00000
 -0.00000		 -0.00000
 -0.00000		 -0.00000
 -0.00000		  0.00000
 -0.00000		  0.00000
 -0.00000		  0.00000
 -0.00000		  0.00000
 -0.00000		  0.00000
 -0.00000		  0.00000
  0.00000		  0.00000
  0.00000		  0.00000
  0.00000		  0.00000
  0.00000		  0.00000
  0.00000		  0.00000
  0.00000		  0.00000
  0.00000		 -0.00000
  0.00000		 -0.00000
  0.00000		 -0.00000
  0.00000		 -0.00000
  0.00000		 -0.00000
  0.00000		 -0.00000
 -0.00000		 -0.00000
 -0.00000		 -0.00000
 -0.00000		 -0.00000
 -0.00000		 -0.00000
 -0.00000		 -0.00000
 -0.00000		 -0.00000
 -0.00000		  0.00000
 -0.00000		  0.00000
 -0.00000		  0.00000
 -0.00000		  0.00000
 -0.00000		  0.00000
 -0.00000		  0.00000
  0.00000		  0.00000
  0.00000		  0.00000
  0.00000		  0.00000
  0.00000		  0.00000
  0.00000		  0.00000
  0.00000		  0.00000
  0.00000		 -0.00000
  0.00000		 -0.00000
  0.00000		 -0.00000
  0.00000		 -0.00000
  0.00000		 -0.00000
  0.00000		 -0.00000
 -0.00000		 -0.00000
 -0.00000		 -0.00000
 -0.00000		 -0.00000
 -0.00000		 -0.00000
 -0.00000		 -0.00000
 -0.00000		 -0.00000
 -0.00000		  0.00000
 -0.00000		  0.00000
 -0.00000		  0.00000
 -0.00000		  0.00000
 -0.00000		  0.00000
 -0.00000		  0.00000
  0.00000		  0.00000
  0.00000		  0.00000
  0.00000		  0.00000
  0.00000		  0.00000
  0.00000		  0.00000
  0.00000		  0.00000
  0.00000		 -0.00000
  0.00000		 -0.00000
  0.00000		 -0.00000
  0.00000		 -0.00000
  0.00000		 -0.00000
  0.00000		 -0.00000
 -0.00000		 -0.00000
 -0.00000		 -0.00000
 -0.00000		 -0.00000
 -0.00000		 -0.00000
 -0.00000		 -0.00000
 -0.00000		  0.00000
 -0.00000		  0.00000
 -0.00000		  0.00000
 -0.00000		  0.00000
 -0.00000		  0.00000
 -0.00000		  0.00000
  0.00000		  0.00000
  0.00000		  0.00000
  0.00000		  0.00000
  0.00000		  0.00000
  0.00000		  0.00000
  0.00000		  0.00000
  0.00000		 -0.00000
  0.00000		 -0.00000
  0.00000		 -0.00000
  0.00000		 -0.00000
  0.00000		 -0.00000
  0.00000		 -0.00000
 -0.00000		 -0.00000
 -0.00000		 -0.00000
 -0.00000		 -0.00000
 -0.00000		 -0.00000
 -0.00000		 -0.00000
 -0.00000		 -0.00000
 -0.00000		  0.00000
 -0.00000		  0.00000
 -0.00000		  0.00000
 -0.00000		  0.00000
 -0.00000		  0.00000
 -0.00000		  0.00000
  0.00000		  0.00000
  0.00000		  0.00000
  0.00000		  0.00000
  0.00000		  0.00000
  0.00000		  0.00000
  0.00000		  0.00000
  0.00000		 -0.00000
  0.00000		 -0.00000
  0.00000		 -0.00000
  0.00000		 -0.00000
  0.00000		 -0.00000
  0.00000		 -0.00000
 -0.00000		 -0.00000
 -0.00000		 -0.00000
 -0.00000		 -0.00000
 -0.00000		 -0.00000
 -0.00000		 -0.00000
 -0.00000		 -0.00000
 -0.00000		  0.00000
 -0.00000		  0.00000
 -0.00000		  0.00000
 -0.00000		  0.00000
 -0.00000		  0.00000
 -0.00000		  0.00000
  0.00000		  0.00000
  0.00000		  0.00000
  0.00000		  0.00000
  0.00000		  0.00000
  0.00000		  0.00000
  0.00000		  0.00000
  0.00000		 -0.00000
  0.00000		 -0.00000
  0.00000		 -0.00000
  0.00000		 -0.00000
  0.00000		 -0.00000
  0.00000		 -0.00000
 -0.00000		 -0.00000
 -0.00000		 -0.00000
 -0.00000		 -0.00000
 -0.00000		 -0.00000
 -0.00000		 -0.00000
 -0.00000		 -0.00000
 -0.00000		  0.00000
 -0.00000		  0.00000
 -0.00000		  0.00000
 -0.00000		  0.00000
 -0.00000		  0.00000
 -0.00000		  0.00000
  0.00000		  0.00000
  0.00000		  0.00000
  0.00000		  0.00000
  0.00000		  0.00000
  0.00000		  0.00000
  0.00000		  0.00000
  0.00000		 -0.00000
  0.00000		 -0.00000
  0.00000		 -0.00000
  0.00000		 -0.00000
  0.00000		 -0.00000
  0.00000		 -0.00000
 -0.00000		 -0.00000
 -0.00000		 -0.00000
 -0.00000		 -0.00000
 -0.00000		 -0.00000
 -0.00000		 -0.00000
 -0.00000		 -0.00000
 -0.00000		  0.00000
 -0.00000		  0.00000
 -0.00000		  0.00000
 -0.00000		  0.00000
 -0.00000		  0.00000
 -0.00000		  0.00000
  0.00000		  0.00000
  0.00000		  0.00000
  0.00000		  0.00000
  0.00000		  0.00000
  0.00000		  0.00000
  0.00000		  0.00000
  0.00000		 -0.00000
  0.00000		 -0.00000
  0.00000		 -0.00000
  0.00000		 -0.00000
  0.00000		 -0.00000
  0.00000		 -0.00000
 -0.00000		 -0.00000
 -0.00000		 -0.00000
 -0.00000		 -0.00000
 -0.00000		 -0.00000
 -0.00000		 -0.00000
 -0.00000		 -0.00000
 -0.00000		  0.00000
 -0.00000		  0.00000
 -0.00000		  0.00000
 -0.00000		  0.00000
 -0.00000		  0.00000
 -0.00000		  0.00000
  0.00000		  0.00000
  0.00000		  0.00000
  0.00000		  0.00000
  0.00000		  0.00000
  0.00000		  0.00000
  0.00000		  0.00000
  0.00000		 -0.00000
  0.00000		 -0.00000
  0.00000		 -0.00000
  0.00000		 -0.00000
  0.00000		 -0.00000
  0.00000		 -0.00000
 -0.00000		 -0.00000
 -0.00000		 -0.00000
 -0.00000		 -0.00000
 -0.00000		 -0.00000
 -0.00000		 -0.00000
 -0.00000		 -0.00000
 -0.00000		  0.00000
 -0.00000		  0.00000
 -0.00000		  0.00000
 -0.00000		  0.00000
 -0.00000		  0.00000
 -0.00000		  0.00000
  0.00000		  0.00000
  0.00000		  0.00000
  0.00000		  0.00000
  0.00000		  0.00000
  0.00000		  0.00000
  0.00000		  0.00000
  0.00000		 -0.00000
  0.00000		 -0.00000
  0.00000		 -0.00000
  0.00000		 -0.00000
  0.00000		 -0.00000
  0.00000		 -0.00000
 -0.00000		 -0.00000
 -0.00000		 -0.00000
 -0.00000		 -0.00000
 -0.00000		 -0.00000
 -0.00000		 -0.00000
 -0.00000		 -0.00000
 -0.00000		  0.00000
 -0.00000		  0.00000
 -0.00000		  0.00000
 -0.00000		  0.00000
 -0.00000		  0.00000
 -0.00000		  0.00000
  0.00000		  0.00000
  0.00000		  0.00000
  0.00000		  0.00000
  0.00000		  0.00000
  0.00000		  0.00000
  0.00000		 -0.00000
  0.00000		 -0.00000
  0.00000		 -0.00000
  0.00000		 -0.00000
  0.00000		 -0.00000
  0.00000		 -0.00000
 -0.00000		 -0.00000
 -0.00000		 -0.00000
 -0.00000		 -0.00000
 -0.00000		 -0.00000
 -0.00000		 -0.00000
 -0.00000		 -0.00000
 -0.00000		  0.00000
 -0.00000		  0.00000
 -0.00000		  0.00000
 -0.00000		  0.00000
 -0.00000		  0.00000
 -0.00000		  0.00000
  0.00000		  0.00000
  0.00000		  0.00000
  0.00000		  0.00000
  0.00000		  0.00000
  0.00000		  0.00000
  0.00000		  0.00000
  0.00000		 -0.00000
  0.00000		 -0.00000
  0.00000		 -0.00000
  0.00000		 -0.00000
  0.00000		 -0.00000
  0.00000		 -0.00000
 -0.00000		 -0.00000
 -0.00000		 -0.00000
 -0.00000		 -0.00000
 -0.00000		 -0.00000
 -0.00000		 -0.00000
 -0.00000		 -0.00000
 -0.00000		  0.00000
 -0.00000		  0.00000
 -0.00000		  0.00000
 -0.00000		  0.00000
 -0.00000		  0.00000
 -0.00000		  0.00000
  0.00000		  0.00000
  0.00000		  0.00000
  0.00000		  0.00000
  0.00000		  0.00000
  0.00000		  0.00000
  0.00000		  0.00000
  0.00000		 -0.00000
  0.00000		 -0.00000
  0.00000		 -0.00000
  0.00000		 -0.00000
  0.00000		 -0.00000
  0.00000		 -0.00000
 -0.00000		 -0.00000
 -0.00000		 -0.00000
 -0.00000		 -0.00000
 -0.00000		 -0.00000
 -0.00000		 -0.00000
 -0.00000		 -0.00000
 -0.00000		  0.00000
 -0.00000		  0.00000
